# Copyright 2004 The GLoBES Team
#
# If you modify this file you have to rename it.
#
# If you are using this file for producing a scientific publication
# or a talk please cite the following references.
#
0.                    0.                      0.                      0.   0.   0.                      0.
0.203                 2.2137646758399992e13   6.136115396159997e15    0.   0.   1.8902148659199992e15   0.
0.40599999999999997   5.826219806719998e13    1.4327959649279994e16   0.   0.   4.868385167359998e15    0.
0.609                 1.0704587047680003e14   2.4171339856320004e16   0.   0.   8.672859459840001e15    0.
0.812                 1.6716088053760003e14   3.526206311424e16       0.   0.   1.304198629888e16       0.
1.015                 2.3727944480000003e14   4.719593652e16          0.   0.   1.771411424e16          0.
1.218                 3.160737798144001e14    5.956876717056001e16    0.   0.   2.2427591838720004e16   0.
1.421                 4.0221610213119994e14   7.197636216287999e16    0.   0.   2.692076765056e16       0.
1.624                 4.943786283007999e14    8.401452859391998e16    0.   0.   3.0931990231039996e16   0.
1.8270000000000002    5.912335748736002e14    9.527907356064e16       0.   0.   3.4199608135680008e16   0.
2.0300000000000002    6.917440256000001e14    1.0472130368e17         0.   0.   3.6010360320000004e16   0.
2.233                 7.953809253535999e14    1.1016721223807998e17   0.   0.   3.4862464521920008e16   0.
2.4360000000000004    8.992831520767999e14    1.1461016187903998e17   0.   0.   3.2874979240960008e16   0.
2.6390000000000002    1.0017519240032001e15   1.1846801386496e17      0.   0.   3.0362276735040004e16   0.
2.8420000000000005    1.1010884593664001e15   1.2215862945792e17      0.   0.   2.7638729262080004e16   0.
3.0450000000000004    1.1925459888e15         1.2642300243999998e17   0.   0.   2.5457344288000004e16   0.
3.248                 1.2710481736192005e15   1.3203706589696e17      0.   0.   2.4618557524992e16      0.
3.4510000000000005    1.3446825848576e15      1.3838118053087998e17   0.   0.   2.4028389406976004e16   0.
3.6540000000000004    1.4143474289664e15      1.4559788780031997e17   0.   0.   2.3627480203264e16      0.
3.8570000000000007    1.4809409123968002e15   1.5382972916384003e17   0.   0.   2.3356470183168e16      0.
4.06                  1.54676288e15           1.6357270272e17         0.   0.   2.3080433023999996e16   0.
4.263                 1.6131105751999998e15   1.7506997664223997e17   0.   0.   2.2718495697408e16      0.
4.466                 1.6778310848e15         1.8769467960831994e17   0.   0.   2.2375793618944e16      0.
4.669                 1.7409244087999998e15   2.0136284884128e17      0.   0.   2.2041392101375996e16   0.
4.872                 1.8023905472e15         2.1599052156416e17      0.   0.   2.1704356457472e16      0.
5.075                 1.8621536e15            2.3444624499999997e17   0.   0.   2.1360582999999996e16   0.
5.2780000000000005    1.9202297396224e15      2.5601694914048006e17   0.   0.   2.0997681523712e16      0.
5.481                 1.9767368894591998e15   2.7603145125984e17      0.   0.   2.0594104236096e16      0.
5.684                 2.0317141019647998e15   2.9288664810496e17      0.   0.   2.0135401729024e16      0.
5.8870000000000005    2.0852004295935998e15   3.0497943642271994e17   0.   0.   1.9607124594368004e16   0.
6.09                  2.1377336384000002e15   2.9457106112e17         0.   0.   1.8852009984e16         0.
6.293                 2.1890794218271998e15   2.6890282549696003e17   0.   0.   1.7933888570272002e16   0.
6.496                 2.2387103430655998e15   2.4470012894208006e17   0.   0.   1.7000532870656002e16   0.
6.699                 2.2864506660704e15      2.2730925246272e17      0.   0.   1.6099001092704e16      0.
6.902                 2.3321246547968e15      2.2207647706624e17      0.   0.   1.5276351443968002e16   0.
7.105                 2.3759248768e15         2.6243912547999965e17   0.   0.   1.4750114084000004e16   0.
7.308                 2.4173845198848e15      3.315426848972798e17    0.   0.   1.4432620545024e16      0.
7.511                 2.4560201345024e15      4.1126368778464e17      0.   0.   1.4228501641312e16      0.
7.714                 2.4915193010176e15      4.965233624473595e17    0.   0.   1.4121550604288e16      0.
7.917000000000001     2.5235695997952005e15   5.822429371907196e17    0.   0.   1.4095560665376e16      0.
8.120000000000001     2.54791424e15           6.466218969599995e17    0.   0.   1.4139703743999998e16   0.
8.323                 2.56808489776e15        7.008781063414397e17    0.   0.   1.4232531122815998e16   0.
8.526000000000002     2.5861689292800005e15   7.501063887923199e17    0.   0.   1.4354563611648e16      0.
8.729000000000001     2.6031426459199995e15   7.946914109884796e17    0.   0.   1.4487837081472e16      0.
8.932                 2.61998235904e15        8.350178396057599e17    0.   0.   1.4614387403264002e16   0.
9.135000000000002     2.6443408199999995e15   8.795955687999995e17    0.   0.   1.4657497775999998e16   0.
9.338000000000001     2.66971446784e15        9.197062606335996e17    0.   0.   1.4665026947072002e16   0.
9.541                 2.69420752112e15        9.522392448447999e17    0.   0.   1.4644285204096e16      0.
9.744000000000002     2.71684366848e15        9.752028462591999e17    0.   0.   1.4594491497984e16      0.
9.947000000000001     2.73664659856e15        9.866053897024e17       0.   0.   1.4514864779647998e16   0.
10.150000000000002    2.746752e15             9.654664000000001e17    0.   0.   1.4372976e16            0.
10.353000000000002    2.753480365536e15       9.333263951872004e17    0.   0.   1.4207264431968002e16   0.
10.556000000000001    2.757540146688e15       8.936270603776001e17    0.   0.   1.4026004626944e16      0.
10.759000000000002    2.759517130272e15       8.494144870144001e17    0.   0.   1.3836811813536002e16   0.
10.962000000000002    2.760181056e15          8.042375711232001e17    0.   0.   1.3648037031936002e16   0.
11.165000000000001    2.7619734e15            7.662146216000001e17    0.   0.   1.3474718268000002e16   0.
11.368000000000002    2.762808576e15          7.310899767808e17       0.   0.   1.3313785257983998e16   0.
11.571000000000002    2.762686584e15          7.003085774784001e17    0.   0.   1.3170510083232e16      0.
11.774000000000001    2.761607424e15          6.753153645056001e17    0.   0.   1.3050164825088e16      0.
11.977000000000002    2.759571096e15          6.5960881384e17         0.   0.   1.2972492785855998e16   0.
12.180000000000001    2.7565776e15            6.6139168e17            0.   0.   1.2990388223999998e16   0.
12.383000000000001    2.752626936e15          6.698747221599999e17    0.   0.   1.3022909189183998e16   0.
12.586000000000002    2.747719104e15          6.835934732799999e17    0.   0.   1.3054825224191998e16   0.
12.789000000000001    2.741854104e15          7.010834663199999e17    0.   0.   1.3070905871808e16      0.
12.992                2.7350319359999995e15   7.202596531711999e17    0.   0.   1.3017187856384002e16   0.
13.195000000000002    2.7272526e15            7.388243631999997e17    0.   0.   1.2826437324000002e16   0.
13.398000000000001    2.718516096e15          7.574886187007999e17    0.   0.   1.2619204358656002e16   0.
13.601                2.7088224239999995e15   7.753542132223999e17    0.   0.   1.2415600974368e16      0.
13.804000000000002    2.698171584e15          7.915229403135999e17    0.   0.   1.2235739185152002e16   0.
14.007000000000001    2.6874325277759995e15   8.030111092608e17       0.   0.   1.2158819725791998e16   0.
14.21                 2.676965952e15          8.080548416e17          0.   0.   1.2229481984e16         0.
14.413000000000002    2.664738187104e15       8.106367378432e17       0.   0.   1.2329548443168e16      0.
14.616000000000001    2.650163446272e15       8.112644798976e17       0.   0.   1.2439297613823998e16   0.
14.819                2.6326559426880005e15   8.104457496704001e17    0.   0.   1.2539008006496e16      0.
15.022000000000002    2.607254587392e15       8.096362112e17          0.   0.   1.2537859471872e16      0.
15.225000000000001    2.5739415e15            8.092205e17             0.   0.   1.2425359e16            0.
15.428                2.539384094208001e15    8.081347712000001e17    0.   0.   1.2299649609728002e16   0.
15.631000000000002    2.505339730464e15       8.063790248e17          0.   0.   1.2179085954624e16      0.
15.834000000000003    2.473565769216e15       8.039532608000001e17    0.   0.   1.2082022688256002e16   0.
16.037000000000003    2.452399819392e15       8.003310593216001e17    0.   0.   1.21009519304e16        0.
16.240000000000002    2.440374336e15          7.957704128000001e17    0.   0.   1.22178944e16           0.
16.443                2.4312969300479995e15   7.909073011904001e17    0.   0.   1.2361637573599998e16   0.
16.646                2.4239960279039995e15   7.859760392192e17       0.   0.   1.2517536780799998e16   0.
16.849                2.417300055936e15       7.812109416128001e17    0.   0.   1.2670947351199998e16   0.
17.052000000000003    2.4086558754816e15      7.775115210752e17       0.   0.   1.273814636288e16       0.
17.255000000000003    2.3979244044e15         7.746149668000001e17    0.   0.   1.275611372e16          0.
17.458000000000002    2.3851618228224e15      7.721644528128001e17    0.   0.   1.277159244032e16       0.
17.661                2.3697237652512005e15   7.701404528864e17       0.   0.   1.279629826016e16       0.
17.864                2.3509658661888005e15   7.685234407935999e17    0.   0.   1.284194691584e16       0.
18.067                2.3214174293952005e15   7.663020302848e17       0.   0.   1.2992601580608e16      0.
18.270000000000003    2.2868596032000005e15   7.643903168e17          0.   0.   1.3191878528e16         0.
18.473000000000003    2.251080430636801e15    7.634127992831999e17    0.   0.   1.3404517540671996e16   0.
18.676000000000002    2.2157201147904008e15   7.636818973696e17       0.   0.   1.3618021833215996e16   0.
18.879                2.1824188587456005e15   7.655100306943999e17    0.   0.   1.3819894620224e16      0.
19.082                2.1614466057216002e15   7.709747930112e17       0.   0.   1.3927032151552e16      0.
19.285                2.1450058152000002e15   7.784581564000001e17    0.   0.   1.4004155543999998e16   0.
19.488000000000003    2.1307435390464e15      7.874557595648001e17    0.   0.   1.4071439249407998e16   0.
19.691000000000003    2.1177225183552005e15   7.977528140063999e17    0.   0.   1.4137474807743998e16   0.
19.894000000000002    2.1050054942208002e15   8.091345312255999e17    0.   0.   1.4210853758976e16      0.
20.097                2.0877538691328002e15   8.216028637567999e17    0.   0.   1.4352185491135998e16   0.
20.3                  2.0697792000000002e15   8.346792e17             0.   0.   1.4506743999999998e16   0.
20.503000000000004    2.0513642335872e15      8.480809733632e17       0.   0.   1.4666854083264e16      0.
20.706000000000003    2.0326261272576002e15   8.615348166655997e17    0.   0.   1.4827048397311996e16   0.
20.909000000000002    2.0136360449984002e15   8.748317534527997e17    0.   0.   1.4979283969471998e16   0.
21.112000000000002    1.9938597554688002e15   8.886103607295999e17    0.   0.   1.5081615688703998e16   0.
21.315                1.9743185464e15         9.013314887999999e17    0.   0.   1.5179207511999998e16   0.
21.518                1.9553248374272002e15   9.124484033023999e17    0.   0.   1.5277526782976e16      0.
21.721000000000004    1.9371910481856e15      9.214143698752e17       0.   0.   1.5382040845248e16      0.
21.924000000000003    1.920793287168e15       9.274253179392e17       0.   0.   1.5518803939839998e16   0.
22.127000000000002    1.908682597056e15       9.289125330464001e17    0.   0.   1.5775041817279998e16   0.
22.330000000000002    1.897329984e15          9.270829696e17          0.   0.   1.6015926719999998e16   0.
22.533                1.8861496611840002e15   9.217999440096003e17    0.   0.   1.621412192992e16       0.
22.736                1.874555841792e15       9.129267726848001e17    0.   0.   1.634229072896e16       0.
22.939000000000004    1.8607500935584e15      8.999093039296001e17    0.   0.   1.6292982281632e16      0.
23.142000000000003    1.8421907399168005e15   8.819375150592004e17    0.   0.   1.5909642891264008e16   0.
23.345000000000002    1.8229552428000002e15   8.604801032000004e17    0.   0.   1.5473016044000008e16   0.
23.548000000000002    1.8036489152512002e15   8.358104355328003e17    0.   0.   1.5034455717376004e16   0.
23.751                1.7848770703136005e15   8.082018792384003e17    0.   0.   1.4645315888928002e16   0.
23.954                1.7689198932480002e15   7.771590076928003e17    0.   0.   1.4514827835391998e16   0.
24.157000000000004    1.7573202557760002e15   7.425248332736006e17    0.   0.   1.4782721967103994e16   0.
24.360000000000003    1.7464595520000002e15   7.065115712000006e17    0.   0.   1.5102195967999994e16   0.
24.563000000000002    1.7357519951040002e15   6.699393230144004e17    0.   0.   1.5412328009215996e16   0.
24.766000000000002    1.724611798272e15       6.336281902592004e17    0.   0.   1.5652196261887998e16   0.
24.969                1.7106697980383998e15   6.001117147872003e17    0.   0.   1.5567854600960002e16   0.
25.172                1.6934105538047998e15   5.701424105984001e17    0.   0.   1.510599514112e16       0.
25.375000000000004    1.6754062500000002e15   5.4150625000000045e17   0.   0.   1.454750000000001e16    0.
25.578000000000003    1.6570669373952e15      5.140665494016003e17    0.   0.   1.3939232122880008e16   0.
25.781000000000002    1.6388026667616e15      4.8768662521280026e17   0.   0.   1.3328054455040006e16   0.
25.984                1.6215322262016e15      4.616362669568001e17    0.   0.   1.2851554765824004e16   0.
26.187                1.6054479038112e15      4.3603284749760006e17   0.   0.   1.2517761656768004e16   0.
26.390000000000004    1.5903058176000002e15   4.1150260480000045e17   0.   0.   1.2256920064000006e16   0.
26.593000000000004    1.5762817036128005e15   3.881822224544004e17    0.   0.   1.2074106806592002e16   0.
26.796000000000003    1.5635512978944005e15   3.662083840512003e17    0.   0.   1.1974398703616002e16   0.
26.999000000000002    1.5546270987328002e15   3.4669722458912026e17   0.   0.   1.2089157171968e16      0.
27.202                1.5480447282176002e15   3.290979756390402e17    0.   0.   1.2334823085056e16      0.
27.405                1.5417717144e15         3.1262175276000006e17   0.   0.   1.2597136064e16         0.
27.608000000000004    1.5350660606464e15      2.9702057286656026e17   0.   0.   1.2831576310783998e16   0.
27.811000000000003    1.5271857703232e15      2.820464528732802e17    0.   0.   1.2993624027391998e16   0.
28.014000000000003    1.5132336522240002e15   2.665179139276802e17    0.   0.   1.2816769568768004e16   0.
28.217000000000002    1.496233779248e15       2.5103304883936013e17   0.   0.   1.2457694111936004e16   0.
28.42                 1.478320768e15          2.3599012736000006e17   0.   0.   1.2025559936000004e16   0.
28.623                1.4601780364320002e15   2.2146139653024026e17   0.   0.   1.1551999529024012e16   0.
28.826000000000004    1.4424890024960002e15   2.0751910339072022e17   0.   0.   1.1068645379072008e16   0.
29.029000000000003    1.429456136032e15       1.9413952083968016e17   0.   0.   1.0710782048000006e16   0.
29.232000000000003    1.418012297984e15       1.8149718383616013e17   0.   0.   1.0399571072000004e16   0.
29.435000000000002    1.407092988e15          1.697120099200001e17    0.   0.   1.0115160800000002e16   0.
29.638                1.396307681536e15       1.5888553547264003e17   0.   0.   9.857551232e15          0.
29.841                1.3852658540480002e15   1.491192968755202e17    0.   0.   9.626742368000004e15    0.
30.044000000000004    1.3719465843712e15      1.4198927614976013e17   0.   0.   9.441873646592002e15    0.
30.247000000000003    1.3579066452064e15      1.358359756467201e17    0.   0.   9.280085491424e15       0.
30.450000000000003    1.3433104000000002e15   1.3025912000000005e17   0.   0.   9.134864000000002e15    0.
30.653000000000002    1.3282164274336e15      1.2495410006528005e17   0.   0.   9.000937090976001e15    0.
30.856                1.3126802397183995e15   1.1954976429055989e17   0.   0.   8.871223465471998e15    0.
31.059                1.2966920007296002e15   1.1225690223264014e17   0.   0.   8.700086306368003e15    0.
31.262000000000004    1.2804020623872002e15   1.0476238402048013e17   0.   0.   8.536399742976003e15    0.
31.465000000000003    1.2638885296000002e15   9.71853196400001e16     0.   0.   8.386412168000002e15    0.
31.668000000000003    1.2472295072768002e15   8.964481907712008e16    0.   0.   8.256371974144001e15    0.
31.871000000000006    1.2303744013056002e15   8.227822467904005e16    0.   0.   8.164217715168e15       0.
32.074                1.2127776546304002e15   7.529299854336003e16    0.   0.   8.172847078912e15       0.
32.277                1.1955362087168e15      6.866391547712001e16    0.   0.   8.195964137503999e15    0.
32.48                 1.1789624832e15         6.2476890879999984e16   0.   0.   8.218533695999999e15    0.
32.683                1.1633688977152005e15   5.681784015168015e16    0.   0.   8.225520559456e15       0.
32.886                1.1498572489728002e15   5.1945240192000096e16   0.   0.   8.178391796736003e15    0.
33.089                1.1402618424672002e15   4.827769772800007e16    0.   0.   8.016809564064004e15    0.
33.292                1.1315466476544002e15   4.516914137600005e16    0.   0.   7.825413462528003e15    0.
33.495                1.1231844564000004e15   4.252194000000003e16    0.   0.   7.614161868000004e15    0.
33.698                1.1146480605696002e15   4.0238462464000024e16   0.   0.   7.393013156352004e15    0.
33.900999999999996    1.1041648375776004e15   3.8114698480960016e16   0.   0.   7.189569074848003e15    0.
34.104                1.0903092977664002e15   3.5976288701440016e16   0.   0.   7.026513654272001e15    0.
34.307                1.0759476075168e15      3.4015452729280004e16   0.   0.   6.865732464864001e15    0.
34.51                 1.0614898176e15         3.2214616960000004e16   0.   0.   6.703906048e15          0.
34.713                1.0473459787872e15      3.055620778912e16       0.   0.   6.537714945055999e15    0.
34.916                1.0350641933312002e15   2.9003907234816048e16   0.   0.   6.336392573440007e15    0.
35.119                1.0251215988448001e15   2.753903673286404e16    0.   0.   6.095001497760006e15    0.
35.322                1.0157728313856001e15   2.6179523627008032e16   0.   0.   5.862205790720005e15    0.
35.525                1.0067640500000001e15   2.4918729000000024e16   0.   0.   5.650697500000005e15    0.
35.728                9.978414137344002e14    2.3750013934592016e16   0.   0.   5.473168673280004e15    0.
35.931                9.879736565376002e14    2.2640552562880012e16   0.   0.   5.403687023840001e15    0.
36.134                9.771880172544002e14    2.1593173918720012e16   0.   0.   5.432754088960001e15    0.
36.336999999999996    9.662944094208001e14    2.0637070815040008e16   0.   0.   5.48908129872e15        0.
36.54                 9.554099904e14          1.9778101120000008e16   0.   0.   5.556071360000001e15    0.
36.743                9.446519175552e14       1.9022122701760004e16   0.   0.   5.617126979680001e15    0.
36.946                9.357300192768e14       1.8427599835136004e16   0.   0.   5.607870733824001e15    0.
37.149                9.277203210912002e14    1.7966001488224014e16   0.   0.   5.542939284416002e15    0.
37.352                9.191397679104001e14    1.7590330027008012e16   0.   0.   5.453741711872003e15    0.
37.555                9.094611516000002e14    1.7285159732000008e16   0.   0.   5.343011688000003e15    0.
37.758                8.981572640256002e14    1.7035064883712006e16   0.   0.   5.213482884608003e15    0.
37.961                8.797067388768005e14    1.6772458555040004e16   0.   0.   5.040143650304002e15    0.
38.164                8.579255327232004e14    1.6527276968960002e16   0.   0.   4.849856349696003e15    0.
38.367                8.359697391264002e14    1.6322564445920002e16   0.   0.   4.665817441792002e15    0.
38.57                 8.150695104000002e14    1.616124992e16          0.   0.   4.500523712000001e15    0.
38.772999999999996    7.964549988576001e14    1.6046262325279998e16   0.   0.   4.366471945728001e15    0.
38.976                7.879900884992e14       1.5961755883519998e16   0.   0.   4.380045669887999e15    0.
39.179                7.840275793888e14       1.593012373328e16       0.   0.   4.446039738431999e15    0.
39.382                7.822669395456e14       1.5964287311359996e16   0.   0.   4.521659088383997e15    0.
39.585                7.818685412000001e14    1.6073033419999994e16   0.   0.   4.586986967999998e15    0.
39.788                7.819927565824e14       1.6265148861439994e16   0.   0.   4.622106625535999e15    0.
39.991                7.810352429568e14       1.6805252353951988e16   0.   0.   4.4618054656320035e15   0.
40.194                7.790515804672001e14    1.7402642961407988e16   0.   0.   4.256256240128004e15    0.
40.397                7.754843792384e14       1.7971686081375992e16   0.   0.   4.039167397216003e15    0.
40.6                  7.697088000000001e14    1.8449311999999996e16   0.   0.   3.8314320000000025e15   0.
40.803                7.609144731168002e14    1.8762806491072004e16   0.   0.   3.655997745376001e15    0.
41.006                7.398028166144002e14    1.8398208587776004e16   0.   0.   3.6298140206080005e15   0.
41.209                7.170172647136001e14    1.7878212545344006e16   0.   0.   3.648984744352e15       0.
41.412                6.942956516352e14       1.7262568619008004e16   0.   0.   3.708237835264e15       0.
41.615                6.733758116000006e14    1.6611027064000022e16   0.   0.   3.802301211999997e15    0.
41.818                6.573931733504001e14    1.6015151800320012e16   0.   0.   3.937488116223993e15    0.
42.021                6.564869904991999e14    1.5725935919360008e16   0.   0.   4.178169811551993e15    0.
42.224                6.592789219327999e14    1.5504564106240006e16   0.   0.   4.4103480263679945e15   0.
42.427                6.645388153375999e14    1.5343225870080002e16   0.   0.   4.604147633055997e15    0.
42.63                 6.710365184e14          1.5234110720000002e16   0.   0.   4.729693503999998e15    0.
42.833                6.768011822432e14       1.5187252218687998e16   0.   0.   4.691794541920005e15    0.
43.036                6.788990780416001e14    1.5235880582144e16      0.   0.   4.310351144960005e15    0.
43.239                6.795887882784e14       1.5288138526655998e16   0.   0.   3.863131163040004e15    0.
43.442                6.784993146368e14       1.5315517760512e16      0.   0.   3.3960212300800025e15   0.
43.645                6.752596588e14          1.5289509992000002e16   0.   0.   2.9549079800000005e15   0.
43.848                6.6781295616e14         1.508118793728e16       0.   0.   2.6733919595519995e15   0.
44.051                6.542663388800004e14    1.4571392815840016e16   0.   0.   2.6765411298559985e15   0.
44.254                6.392265395200005e14    1.4028115957760016e16   0.   0.   2.751255837183997e15    0.
44.457                6.236698694400005e14    1.3503101865120012e16   0.   0.   2.8733235598079965e15   0.
44.66                 6.085726400000004e14    1.304809504000001e16    0.   0.   3.0185317759999965e15   0.
44.863                5.972771495232001e14    1.2896125742335996e16   0.   0.   3.1268584316159995e15   0.
45.066                5.911537291776e14       1.3129128910847996e16   0.   0.   3.168127461888e15       0.
45.269                5.863787671104e14       1.3431071147391996e16   0.   0.   3.190773831552e15       0.
45.472                5.824836338688e14       1.3742983245823996e16   0.   0.   3.1924543933440005e15   0.
45.675                5.789997000000001e14    1.4005895999999998e16   0.   0.   3.1708260000000005e15   0.
45.878                5.739597882368e14       1.3928170937856002e16   0.   0.   3.1030390604800005e15   0.
46.081                5.673299897344e14       1.3518334947648002e16   0.   0.   2.99269923584e15        0.
46.284                5.608257716736002e14    1.3056528563712016e16   0.   0.   2.8673510169600045e15   0.
46.487                5.547205012352001e14    1.2598987320384012e16   0.   0.   2.734804894720004e15    0.
46.69                 5.492875456000001e14    1.220194675200001e16    0.   0.   2.6028713600000035e15   0.
46.893                5.474680122144e14       1.2157994819935996e16   0.   0.   2.502060097168002e15    0.
47.096000000000004    5.479278144512e14       1.2380952291327994e16   0.   0.   2.4265041392640015e15   0.
47.299                5.4809051174080006e14   1.2674571733151994e16   0.   0.   2.359765612976001e15    0.
47.502                5.4711647631360006e14   1.2996481232383996e16   0.   0.   2.3001847889920005e15   0.
47.705                5.4416608040000006e14   1.3304308876e16         0.   0.   2.2461019380000005e15   0.
47.908                5.326157713408001e14    1.3413517120512e16      0.   0.   2.1758568427520005e15   0.
48.111                5.1643251031040006e14   1.3399877313856002e16   0.   0.   2.104410688976e15       0.
48.314                4.993181162496e14       1.3332643756544e16      0.   0.   2.0458078154240002e15   0.
48.517                4.825222676992006e14    1.3220798513088004e16   0.   0.   2.005613196848001e15    0.
48.72                 4.672946432000004e14    1.3073323648000004e16   0.   0.   1.9893918080000002e15   0.
48.923                4.602072163104001e14    1.2913271660896006e16   0.   0.   2.0547080577119975e15   0.
49.126                4.5715354885120006e14   1.2735464767488004e16   0.   0.   2.1547970447359972e15   0.
49.329                4.563526719968e14       1.2540872976032004e16   0.   0.   2.265613970703998e15    0.
49.532000000000004    4.5735548252160006e14   1.2333987318784002e16   0.   0.   2.376126517247998e15    0.
49.735                4.5971287719999994e14   1.2119298828000004e16   0.   0.   2.475302365999999e15    0.
49.938                4.6447495065599994e14   1.1878129114624002e16   0.   0.   2.5048844663295995e15   0.
50.141                4.6947453940799994e14   1.1641521051232002e16   0.   0.   2.5079593979328e15      0.
50.344                4.7366436403199994e14   1.1423210211328e16      0.   0.   2.4923373926912e15      0.
50.547                4.7616574430399994e14   1.1234326544416e16      0.   0.   2.4605178076864005e15   0.
50.75                 4.761e14                1.1086000000000004e16   0.   0.   2.4150000000000015e15   0.
50.953                4.655435617888004e14    1.1104776795935998e16   0.   0.   2.377319516428801e15    0.
51.156                4.524981039104003e14    1.1156300223488e16      0.   0.   2.3259798626304015e15   0.
51.359                4.379204114976003e14    1.1221629842271998e16   0.   0.   2.258520733977602e15    0.
51.562                4.227672696832004e14    1.1281825211903998e16   0.   0.   2.1724818258432018e15   0.
51.765                4.084169616000002e14    1.1304457956000002e16   0.   0.   2.0588581192000032e15   0.
51.968                3.990474805248001e14    1.1167508973568002e16   0.   0.   1.865172732057603e15    0.
52.171                3.907936744704001e14    1.1006339812064002e16   0.   0.   1.6638368925248028e15   0.
52.374                3.8353838607360006e14   1.0836376190976002e16   0.   0.   1.4690656940032018e15   0.
52.577                3.771644579712001e14    1.0673043829792e16      0.   0.   1.2950742298944012e15   0.
52.78                 3.7135571840000006e14   1.0553813119999998e16   0.   0.   1.1747237120000002e15   0.
52.983000000000004    3.654485116704002e14    1.055464498032e16       0.   0.   1.1734319230719995e15   0.
53.186                3.603748068352002e14    1.0574754204159998e16   0.   0.   1.2071188815359985e15   0.
53.389                3.562712874848001e14    1.0601448743839998e16   0.   0.   1.266216736063998e15    0.
53.592                3.5327463720960006e14   1.062203655168e16       0.   0.   1.3411576353279982e15   0.
53.795                3.525757307999999e14    1.0583262136000004e16   0.   0.   1.4172402751999988e15   0.
53.998                3.5547942942719994e14   1.0427484007424004e16   0.   0.   1.4792082874367988e15   0.
54.201                3.587376630816e14       1.0272249550272002e16   0.   0.   1.5339760991103992e15   0.
54.404                3.615889089024e14       1.0139428139008002e16   0.   0.   1.5763497337855995e15   0.
54.607                3.6327164402880006e14   1.0050889148096002e16   0.   0.   1.6011352150272e15      0.
54.81                 3.6049530240000006e14   1.0111076735999998e16   0.   0.   1.5764464960000008e15   0.
55.013                3.5177835966080006e14   1.0365368759711996e16   0.   0.   1.4894905483520005e15   0.
55.216                3.418645740544004e14    1.0655883849215988e16   0.   0.   1.3931773263360038e15   0.
55.419000000000004    3.316130995776004e14    1.095157530326399e16    0.   0.   1.299417828544003e15    0.
55.622                3.218830902272003e14    1.1221396420607992e16   0.   0.   1.2201230535680022e15   0.
55.825                3.1584865000000006e14   1.1365990499999998e16   0.   0.   1.2149830499999982e15   0.
56.028                3.1387567400960006e14   1.1368866020352e16      0.   0.   1.285728276531198e15    0.
56.231                3.132266527968e14       1.1305107333216002e16   0.   0.   1.3700369564895982e15   0.
56.434                3.135696404992e14       1.1178814946304002e16   0.   0.   1.4552365684223982e15   0.
56.637                3.1457269125440006e14   1.0994089367328006e16   0.   0.   1.528654590876799e15    0.
56.84                 3.1545048320000006e14   1.0698359104000006e16   0.   0.   1.5296059840000005e15   0.
57.043                3.161195786656e14       1.0326788188032004e16   0.   0.   1.4717352438720008e15   0.
57.246                3.167630220288e14       9.947850907136004e15    0.   0.   1.3969073154560002e15   0.
57.449                3.172441296992e14       9.590055553024014e15    0.   0.   1.3131279519040032e15   0.
57.652                3.174262180864e14       9.28191041740801e15     0.   0.   1.2284029063680028e15   0.
57.855000000000004    3.174882924e14          9.169780944000002e15    0.   0.   1.180202220000001e15    0.
58.058                3.1704417520640006e14   9.189031056383998e15    0.   0.   1.1532455539200005e15   0.
58.261                3.156934284832e14       9.269700724991996e15    0.   0.   1.1309215809600008e15   0.
58.464                3.131822112768e14       9.396559492607998e15    0.   0.   1.1103013670400004e15   0.
58.667                3.092566826336001e14    9.554376902015998e15    0.   0.   1.0884559780800006e15   0.
58.870000000000005    3.001369728000002e14    9.720153279999998e15    0.   0.   1.035503276800001e15    0.
59.073                2.890056294592002e14    9.886229873119998e15    0.   0.   9.747823168352008e14    0.
59.276                2.7775406581760016e14   1.0042103055359998e16   0.   0.   9.197626323456005e14    0.
59.479                2.6728048832640012e14   1.017508077904e16       0.   0.   8.763216177184002e14    0.
59.682                2.5848310343680034e14   1.0272470996479996e16   0.   0.   8.503366673408006e14    0.
59.885                2.5706715440000003e14   1.0276181868e16         0.   0.   8.990937635999976e14    0.
60.088                2.5854533959679994e14   1.0224384477696004e16   0.   0.   9.708752840191974e14    0.
60.291000000000004    2.617479586623999e14    1.0123917008928004e16   0.   0.   1.0494435084255978e15   0.
60.494                2.6616732968959984e14   9.975365248512006e15    0.   0.   1.125640636262398e15    0.
60.697                2.712957707711999e14    9.779314983264006e15    0.   0.   1.1903088669727985e15   0.
60.9                  2.7655199999999988e14   9.395776000000008e15    0.   0.   1.1700376000000008e15   0.
61.103                2.8151954551999994e14   8.999545283328006e15    0.   0.   1.1352954094848008e15   0.
61.306000000000004    2.8571178495999994e14   8.631432333824005e15    0.   0.   1.0953094697984006e15   0.
61.509                2.8864056263999994e14   8.329318032256003e15    0.   0.   1.0579683767296004e15   0.
61.712                2.894927394304e14       8.160515722751997e15    0.   0.   1.0364524377087996e15   0.
61.915                2.845017752e14          8.459816575999998e15    0.   0.   1.0920322443999996e15   0.
62.118                2.7789894005760028e14   8.837681778687986e15    0.   0.   1.1557498934271975e15   0.
62.321                2.7023096836480025e14   9.238266321023986e15    0.   0.   1.218642846505598e15    0.
62.524                2.6204459448320025e14   9.60572519321599e15     0.   0.   1.2717485653503988e15   0.
62.727000000000004    2.5440751672896e14      9.808136109568e15       0.   0.   1.2945137527935998e15   0.
62.93                 2.4958086784000016e14   9.539297472000008e15    0.   0.   1.2398327744000018e15   0.
63.133                2.4500767703743994e14   9.196603751551994e15    0.   0.   1.167796425830399e15    0.
63.336                2.4049658729472012e14   8.831994712576006e15    0.   0.   1.0858637258752016e15   0.
63.539                2.358562415852799e14    8.497410119423994e15    0.   0.   1.0014936933247984e15   0.
63.742000000000004    2.3006498821120012e14   8.356066341887997e15    0.   0.   9.357553317888002e14    0.
63.94500000000001     2.2181670119999975e14   8.609305168000007e15    0.   0.   9.143806767999995e14    0.
64.148                2.138306782208e14       8.918978619391998e15    0.   0.   8.971180155392001e14    0.
64.351                2.0667317986239978e14   9.23549007897601e15     0.   0.   8.790076862975992e14    0.
64.554                2.0091046671359997e14   9.509242929664002e15    0.   0.   8.550900273663999e14    0.
64.757                1.9911607796576006e14   9.567249402175994e15    0.   0.   7.999850103007962e14    0.
64.96000000000001     2.0268948352e14         9.308693952e15          0.   0.   7.002566015999994e14    0.
65.163                2.074991672630402e14    8.972761040703984e15    0.   0.   5.987363744031956e14    0.
65.366                2.1275822223872003e14   8.593035779071995e15    0.   0.   5.0423065717759894e14   0.
65.569                2.176797414908799e14    8.203103277888008e15    0.   0.   4.255457783904014e14    0.
65.772                2.1915426184191997e14   7.904365831167996e15    0.   0.   4.073290832384007e14    0.
65.97500000000001     2.1669634000000006e14   7.721606000000002e15    0.   0.   4.5373479999999925e14   0.
66.178                2.133693096140799e14    7.575984287231997e15    0.   0.   5.1415345628160156e14   0.
66.381                2.0963008440064003e14   7.464767021056001e15    0.   0.   5.781970992127995e14    0.
66.584                2.059355780761599e14    7.385220529663998e15    0.   0.   6.354777759232016e14    0.
66.787                2.0427809566912e14      7.336365874176e15       0.   0.   6.187541866752001e14    0.
66.99                 2.0436207296e14         7.314609407999999e15    0.   0.   5.4550156159999725e14   0.
67.193                2.0478948212928003e14   7.315097526144e15       0.   0.   4.740177829887997e14    0.
67.396                2.0533381894144e14      7.334315507712001e15    0.   0.   4.1922088842239825e14   0.
67.599                2.0576857916096e14      7.368748631807999e15    0.   0.   3.9602891548159994e14   0.
67.802                2.054272045056e14       7.428186137087998e15    0.   0.   5.12231773235196e14     0.
68.005                2.0441205839999997e14   7.499170792000001e15    0.   0.   7.133411268000036e14    0.
68.208                2.0288769891840003e14   7.566365061631999e15    0.   0.   9.317426774527966e14    0.
68.411                2.0079554737919994e14   7.621177406016001e15    0.   0.   1.1469143604064048e15   0.
68.614                1.980770251008e14       7.655016285184e15       0.   0.   1.3383341108735985e15   0.
68.81700000000001     1.9368169337919984e14   7.598028216607998e15    0.   0.   1.3948121890784e15      0.
69.02                 1.884845952e14          7.499286528e15          0.   0.   1.3811705344e15         0.
69.223                1.8307117705279984e14   7.389977704671996e15    0.   0.   1.335758559465598e15    0.
69.426                1.777148061184e14       7.282012745216e15       0.   0.   1.2683979565568e15      0.
69.629                1.7268884957759984e14   7.187302648223997e15    0.   0.   1.1889104179551968e15   0.
69.83200000000001     1.6831243838463997e14   7.219092482048001e15    0.   0.   1.1468667420159998e15   0.
70.035                1.648088910800001e14    7.278471255999999e15    0.   0.   1.108617802000001e15    0.
70.238                1.6243039904255997e14   7.330460692992001e15    0.   0.   1.0655925936639994e15   0.
70.441                1.6143666109408003e14   7.356706139456e15       0.   0.   1.015740863152001e15    0.
70.644                1.6208737605632003e14   7.338852941823999e15    0.   0.   9.570123566079986e14    0.
70.84700000000001     1.6891204111295994e14   7.066369396736003e15    0.   0.   8.505830914752012e14    0.
71.05                 1.7697304000000022e14   6.754823999999992e15    0.   0.   7.39164799999997e14     0.
71.253                1.8519484311103994e14   6.445958673664002e15    0.   0.   6.322069114048004e14    0.
71.456                1.9268314924032022e14   6.173358528511993e15    0.   0.   5.3759802147839706e14   0.
71.659                1.9824424030431997e14   5.987258277440001e15    0.   0.   4.6680041132479994e14   0.
71.86200000000001     1.9674327463423988e14   6.157045742080009e15    0.   0.   4.783155790336008e14    0.
72.065                1.9317183971999997e14   6.389010840000003e15    0.   0.   5.0978119080000025e14   0.
72.268                1.8790679174656012e14   6.646053739519994e15    0.   0.   5.539139638783989e14    0.
72.471                1.813249868988799e14    6.891074608960002e15    0.   0.   6.034306155232008e14    0.
72.674                1.7362682224128016e14   7.052662120960001e15    0.   0.   6.455090072575998e14    0.
72.877                1.6448836761375978e14   6.957452432319997e15    0.   0.   6.508689516192e14       0.
73.08                 1.554890086400001e14    6.802170880000001e15    0.   0.   6.499732288e14          0.
73.283                1.472867791766398e14    6.604391068479995e15    0.   0.   6.443644107487999e14    0.
73.486                1.4053971308032005e14   6.381686602240001e15    0.   0.   6.355850694144e14       0.
73.68900000000001     1.3764927053440012e14   6.164155128927995e15    0.   0.   6.264699399295998e14    0.
73.892                1.420854777088e14       5.989570425856001e15    0.   0.   6.206457390591999e14    0.
74.095                1.4780199280000022e14   5.827344675999994e15    0.   0.   6.146860031999998e14    0.
74.298                1.5374439953920003e14   5.682749960704e15       0.   0.   6.088640995327999e14    0.
74.501                1.5885828165759988e14   5.561058361312003e15    0.   0.   6.034533952384001e14    0.
74.70400000000001     1.5957416886783994e14   5.486761804288e15       0.   0.   5.997157066752001e14    0.
74.907                1.5342976990208012e14   5.475891241056e15       0.   0.   5.984777143424001e14    0.
75.11                 1.4571347135999984e14   5.485247552000001e15    0.   0.   5.975199808e14          0.
75.313                1.371594593843201e14    5.506434459423999e15    0.   0.   5.964129290496e14       0.
75.516                1.2850192011775977e14   5.531055685632001e15    0.   0.   5.947269820927999e14    0.
75.71900000000001     1.2169892563904e14      5.531482459648e15       0.   0.   5.944803348031999e14    0.
75.922                1.1743638527487988e14   5.500077139455999e15    0.   0.   5.951468565503999e14    0.
76.125                1.1428125e14            5.4625e15               0.   0.   5.919625e14             0.
76.328                1.1228428800511992e14   5.421094188543998e15    0.   0.   5.831308522495995e14    0.
76.531                1.1149626748096e14      5.378202852351999e15    0.   0.   5.668555003967999e14    0.
76.73400000000001     1.132609973350399e14    5.349311519744e15       0.   0.   5.2899043282432125e14   0.
76.937                1.1707576562528005e14   5.331137802208e15       0.   0.   4.730254255702392e14    0.
77.14                 1.2132926143999992e14   5.309131584e15          0.   0.   4.130382835200011e14    0.
77.343                1.2547670304032008e14   5.279582881951999e15    0.   0.   3.5292058375455894e14   0.
77.546                1.2897330868735998e14   5.238781712896001e15    0.   0.   2.965639033548807e14    0.
77.749                1.2818678738047994e14   5.143740600639997e15    0.   0.   2.547806131094392e14    0.
77.952                1.2473940156416005e14   5.018317434880001e15    0.   0.   2.2660476110848012e14   0.
78.155                1.2100402303999989e14   4.895918919999996e15    0.   0.   2.0938787011999962e14   0.
78.358                1.1764844877824002e14   4.78826079232e15        0.   0.   2.0430346639872e14      0.
78.561                1.1534047574911994e14   4.707058788159998e15    0.   0.   2.1252507619936056e14   0.
78.764                1.1931292290560003e14   4.748270944768e15       0.   0.   2.568673898393603e14    0.
78.967                1.2609606973119983e14   4.847259807935998e15    0.   0.   3.188894180067183e14    0.
79.17                 1.3319737920000008e14   4.957420736000001e15    0.   0.   3.8478265472000075e14   0.
79.373                1.3971864486079986e14   5.061570649023999e15    0.   0.   4.4829675465247875e14   0.
79.57600000000001     1.4476166026240006e14   5.142526467072001e15    0.   0.   5.031813724774409e14    0.
79.779                1.420600652553601e14    5.101207175360001e15    0.   0.   5.1191138899808006e14   0.
79.982                1.3643695762431986e14   5.007715384319998e15    0.   0.   5.015686818969597e14    0.
80.185                1.2966050084000006e14   4.885546840000001e15    0.   0.   4.814371325200002e14    0.
80.388                1.2247073891327978e14   4.742512033279995e15    0.   0.   4.548108153958391e14    0.
80.59100000000001     1.1560771585504e14      4.58642145504e15        0.   0.   4.2498380505312006e14   0.
80.794                1.1342670296575995e14   4.4357186175999945e15   0.   0.   4.1195110836223956e14   0.
80.997                1.1234982427872e14      4.2855142471999985e15   0.   0.   3.9905970285727994e14   0.
81.2                  1.1188672000000002e14   4.1400000000000035e15   0.   0.   3.839196800000005e14    0.
81.403                1.1178159655328e14      4.0040574327999985e15   0.   0.   3.6522473519071975e14   0.
81.60600000000001     1.1173542312960003e14   3.8832733905920015e15   0.   0.   3.40897039877121e14     0.
81.809                1.1052775738239998e14   3.7982648356479985e15   0.   0.   2.924171241692792e14    0.
82.012                1.0919680839680002e14   3.732805479936001e15    0.   0.   2.4156883024896078e14   0.
82.215                1.0776210239999997e14   3.6872858479999995e15   0.   0.   1.9195865227999894e14   0.
82.418                1.0624316561920002e14   3.662096464384e15       0.   0.   1.4719308442624038e14   0.
82.62100000000001     1.0459302978751992e14   3.6573061060800005e15   0.   0.   1.1441248146431983e14   0.
82.824                1.0250899578368e14      3.6717461427200005e15   0.   0.   1.1434805567487997e14   0.
83.027                1.0053698872255992e14   3.708354190240002e15    0.   0.   1.2263074743296039e14   0.
83.23                 9.881759743999998e13    3.7681065600000005e15   0.   0.   1.3643315904000003e14   0.
83.433                9.749141077184003e13    3.8519795633599975e15   0.   0.   1.529278927974395e14    0.
83.636                9.713776434688002e13    3.976553477120002e15    0.   0.   1.6396384515071994e14   0.
83.839                9.874313239711995e13    4.172888402879995e15    0.   0.   1.5644973702528016e14   0.
84.042                1.0058698842624002e14   4.375770357760003e15    0.   0.   1.5014074169855994e14   0.
84.245                1.0234324443999997e14   4.569578359999997e15    0.   0.   1.4787206735999997e14   0.
84.44800000000001     1.0368581244416002e14   4.738691427840004e15    0.   0.   1.524789221990402e14    0.
84.651                1.0352578809312003e14   4.842580290495999e15    0.   0.   1.807814808467193e14    0.
84.854                1.009868859596799e14    4.847658335744e15       0.   0.   2.457019044300818e14    0.
85.057                9.782145994016003e13    4.806172072128e15       0.   0.   3.119706331449597e14    0.
85.26                 9.427749311999989e13    4.721245695999996e15    0.   0.   3.7189823872000175e14   0.
85.46300000000001     9.060296858463998e13    4.596003403712e15       0.   0.   4.1779529288384006e14   0.
85.666                8.740067370496008e13    4.4027750574080085e15   0.   0.   4.067797989017621e14    0.
85.869                8.493950687583997e13    4.1428695624319985e15   0.   0.   3.290877665830393e14    0.
86.072                8.279546894848005e13    3.8777341015040065e15   0.   0.   2.4368279794688203e14   0.
86.275                8.100956499999997e13    3.6284569999999965e15   0.   0.   1.63405339999999e14     0.
86.47800000000001     7.962280010752002e13    3.416126583296003e15    0.   0.   1.0109583974912086e14   0.
86.681                7.91917349392e13        3.337937002112e15       0.   0.   1.3070035687232202e14   0.
86.884                7.95709742848e13        3.387460348927999e15    0.   0.   2.4296646622207856e14   0.
87.087                8.00960860336e13        3.4816489832960025e15   0.   0.   3.671235119225632e14    0.
87.29                 8.05620448e13           3.6052724479999995e15   0.   0.   4.868514732799993e14    0.
87.49300000000001     8.07638251984e13        3.743100285824004e15    0.   0.   5.858303296006426e14    0.
87.696                7.949253646847998e13    3.858666425856e15       0.   0.   5.7325131887616e14      0.
87.899                7.71993817763199e13     3.950622168704003e15    0.   0.   4.8148784092543594e14   0.
88.102                7.468795449343998e13    4.0250732231680005e15   0.   0.   3.690613264844792e14    0.
88.305                7.215937476000005e13    4.0753806719999995e15   0.   0.   2.4978853392000294e14   0.
88.50800000000001     6.981476271615998e13    4.0949055979520005e15   0.   0.   1.3748622159871866e14   0.
88.711                6.812159360480003e13    4.027622408480002e15    0.   0.   9.369865285600025e13    0.
88.914                6.704935211519999e13    3.909841259519998e15    0.   0.   9.073640870400012e13    0.
89.117                6.660271563040001e13    3.771346995040002e15    0.   0.   1.0721616096799967e14   0.
89.32000000000001     6.688907840000002e13    3.6228790399999965e15   0.   0.   1.4016016000000098e14   0.
89.523                6.801583467359999e13    3.475176819360001e15    0.   0.   1.8659065615199962e14   0.
89.726                7.198036640768016e13    3.3790324776959975e15   0.   0.   2.4375519632384188e14   0.
89.929                7.693067126751998e13    3.3036618037440005e15   0.   0.   3.0844246041375994e14   0.
90.132                8.196823156224017e13    3.238486883327998e15    0.   0.   3.775547887411226e14    0.
90.33500000000001     8.661074948000003e13    3.181750356e15          0.   0.   4.480441372400003e14    0.
90.538                9.037592720895992e13    3.1316948613120015e15   0.   0.   5.1686246184447825e14   0.
90.741                8.972260707167998e13    3.0434609225279995e15   0.   0.   5.913340342147209e14    0.
90.944                8.774932291072005e13    2.9657483525120015e15   0.   0.   6.562685356748789e14    0.
91.147                8.510272849183995e13    2.9127077448639995e15   0.   0.   7.047897499913608e14    0.
91.35000000000001     8.215968000000003e13    2.894688e15             0.   0.   7.309363199999999e14    0.
91.553                7.934901278848002e13    2.9253806315200055e15   0.   0.   7.272402593097578e14    0.
91.756                7.947766467584002e13    3.171405276159998e15    0.   0.   6.17303685294081e14     0.
91.959                7.976551274496002e13    3.440095659040008e15    0.   0.   4.866710716355159e14    0.
92.162                7.992747407872e13       3.69923350528e15        0.   0.   3.485675320166402e14    0.
92.36500000000001     7.967846576e13          3.9166005400000065e15   0.   0.   2.1621818011999547e14   0.
92.568                7.841342928383998e13    4.029635975679999e15    0.   0.   1.1284736674815994e14   0.
92.771                7.392379887232014e13    3.8237223006400065e15   0.   0.   1.1178904498367969e14   0.
92.974                6.892740543487995e13    3.5514003097599965e15   0.   0.   1.3242727142912033e14   0.
93.177                6.381867876096011e13    3.244888277920007e15    0.   0.   1.667523876870392e14    0.
93.38000000000001     5.899204863999993e13    2.936404479999995e15    0.   0.   2.067547353600007e14    0.
93.583                5.531666402240002e13    2.6948653387840015e15   0.   0.   2.339539000889602e14    0.
93.786                5.4278792371199984e13   2.636893601791999e15    0.   0.   2.1625784642047956e14   0.
93.989                5.403690162879999e13    2.6218565926080005e15   0.   0.   1.949749396755202e14    0.
94.19200000000001     5.4434781977600016e13   2.6394054108160015e15   0.   0.   1.7424083477503947e14   0.
94.39500000000001     5.531622359999999e13    2.679191156e15          0.   0.   1.5819118664000003e14   0.
94.598                5.660564506624006e13    2.7186485053440005e15   0.   0.   1.632000621516813e14    0.
94.801                5.821962162272e13       2.7364005184320005e15   0.   0.   2.0445100670304016e14   0.
95.004                5.976387806207996e13    2.7581688084479995e15   0.   0.   2.4994423469055872e14   0.
95.20700000000001     6.1017768016960016e13   2.783367588576e15       0.   0.   2.9403471383072044e14   0.
95.41                 6.176064511999999e13    2.8114110719999995e15   0.   0.   3.310774118399993e14    0.
95.613                6.074233894687995e13    2.8378767362880005e15   0.   0.   3.393417823647997e14    0.
95.816                5.757075126784006e13    2.861539843584e15       0.   0.   3.105039908864006e14    0.
96.019                5.411385095135993e13    2.8895982663360005e15   0.   0.   2.715519965855991e14    0.
96.22200000000001     5.077973614592004e13    2.9238093649919995e15   0.   0.   2.2666441208320047e14   0.
96.425                4.797650499999993e13    2.965930500000002e15    0.   0.   1.8001984999999875e14   0.
96.628                4.765812603904e13       3.028760963072e15       0.   0.   1.4448455673344012e14   0.
96.831                4.978424878432008e13    3.1108549101760035e15   0.   0.   1.2171690937951931e14   0.
97.034                5.250990327808001e13    3.1978763581440005e15   0.   0.   1.0323350770687997e14   0.
97.23700000000001     5.5477759562559914e13   3.2861153238079975e15   0.   0.   8.891133648416036e13    0.
97.44                 5.833048768000003e13    3.3718618240000005e15   0.   0.   7.862738047999992e13    0.
97.643                5.9802789933119984e13   3.468722786047998e15    0.   0.   7.391543157536005e13    0.
97.846                6.008443467776e13       3.562553877504001e15    0.   0.   7.365416112128002e13    0.
98.049                5.9788026523840016e13   3.6311463631359995e15   0.   0.   7.595067328351994e13    0.
98.25200000000001     5.893504432127997e13    3.6635655557120005e15   0.   0.   7.99907243878401e13     0.
98.455                5.7546966920000016e13   3.6488767680000005e15   0.   0.   8.496007075999994e13    0.
98.658                5.4856064727039914e13   3.484413345126394e15    0.   0.   8.713088413184003e13    0.
98.861                5.1539668915520016e13   3.2354722020832015e15   0.   0.   8.811018385791998e13    0.
99.06400000000001     4.82389323724799e13     2.963145147596791e15    0.   0.   8.937142699008005e13    0.
99.26700000000001     4.526041686496e13       2.6896335019935995e15   0.   0.   9.115283350016e13       0.
99.47                 4.291068416000006e13    2.437138585600007e15    0.   0.   9.36926233599999e13     0.
99.673                4.33438053296e13        2.3281900386143995e15   0.   0.   1.0138897126784006e14   0.
99.876                4.500709242879995e13    2.2840233029632005e15   0.   0.   1.1029370711551978e14   0.
100.07900000000001    4.715508940320002e13    2.2697102543648e15      0.   0.   1.1827626902528011e14   0.
100.28200000000001    4.950466595839995e13    2.2754292005376e15      0.   0.   1.2424709351935992e14   0.
100.485               5.177269180000003e13    2.2913584492000005e15   0.   0.   1.2711661712000002e14   0.
100.688               5.367603663359997e13    2.3076763080704005e15   0.   0.   1.2579527634944006e14   0.
100.891               5.493157016480001e13    2.3145610848672e15      0.   0.   1.1919350772991977e14   0.
101.09400000000001    5.525616209919999e13    2.3021910873088005e15   0.   0.   1.0622174778368011e14   0.
101.297               5.436668214239994e13    2.260744623113598e15    0.   0.   8.579043303295923e13    0.
101.5                 5.197999999999999e13    2.1804e15               0.   0.   5.681000000000001e13    0.
