# Copyright 2004 The GLoBES Team
#
# If you modify this file you have to rename it.
#
# If you are using this file for producing a scientific publication
# or a talk please cite the following references.
#
0.09999999999999999   5.0058260545811125e13   1.4614421874999988e14   0.   4.566190352877114e12    5.647662118397271e14    0.
0.18979999999999997   1.7764448528445372e14   9.436209817418308e14    0.   1.602590456578305e13    1.9792726048102102e15   0.
0.27959999999999996   3.796801907023858e14    3.074331542678383e15    0.   3.385925593915786e13    4.1753565285507895e15   0.
0.36939999999999995   6.52558330959739e14     7.354134659421884e15    0.   5.749762844137625e13    7.07881995798758e15     0.
0.45919999999999994   9.926718602166445e14    1.4712834994920482e16   0.   8.637240604081289e13    1.0615464868046694e16   0.
0.5489999999999999    1.396413732633234e15    2.6211693108945712e16   0.   1.199149727058425e14    1.471109323365424e16    0.
0.6387999999999999    1.8601769023696385e15   4.3038947140832944e16   0.   1.5755671240483972e14   1.9291507029736332e16   0.
0.7285999999999999    2.38035432358599e15     6.6509812809481416e16   0.   1.9872900910617928e14   2.4282508231219088e16   0.
0.8183999999999999    2.953338950442419e15    9.806648341335424e16    0.   2.4286324677823588e14   2.960989881302862e16    0.
0.9081999999999999    3.5755237370990585e15   1.3927812983047845e17   0.   2.8939080938938425e14   3.5199480750091028e16   0.
0.9979999999999999    4.243301637716039e15    1.9184090051844477e17   0.   3.37743080907999e14     4.097705601733243e16    0.
1.0877999999999999    5.007850078518648e15    2.5214419247032477e17   0.   3.866293023910366e14    4.661065002636511e16    0.
1.1775999999999998    5.818292299343711e15    3.238559981260403e17    0.   4.361039447480536e14    5.2248482237357976e16   0.
1.2673999999999999    6.666022648465263e15    4.080761240350502e17    0.   4.8566428119800156e14   5.783987449132529e16    0.
1.3572                7.542687106047115e15    5.058138271083599e17    0.   5.348042680676791e14    6.3332964629484864e16   0.
1.4469999999999998    8.439029476031132e15    6.180783642569747e17    0.   5.83029753742692e14     6.8680135489441896e16   0.
1.5367999999999997    9.344891386137232e15    7.458789923919005e17    0.   6.29858478667454e14     7.383801490518882e16    0.
1.6265999999999998    1.0249212287863392e16   8.902249684241434e17    0.   6.748200753451858e14    7.876747570710544e16    0.
1.7164                1.1140029456485634e16   1.0521255492647085e18   0.   7.174560683379151e14    8.343363572195878e16    0.
1.8061999999999998    1.2004477991058044e16   1.2325899918246013e18   0.   7.573198742664779e14    8.780585777290325e16    0.
1.8959999999999997    1.282879081441275e16    1.4326275530148273e18   0.   7.939768018105161e14    9.185774967948046e16    0.
1.9857999999999998    1.359829867315994e16    1.653247489746393e18    0.   8.270040517084806e14    9.556716425761942e16    0.
2.0756                1.3862332972023394e16   1.7744041949221363e18   0.   8.427100450394734e14    9.828998126346725e16    0.
2.1654                1.3970161300751328e16   1.8683038377230372e18   0.   8.522244357168294e14    1.0059025355166656e17   0.
2.2552                1.401201919371477e16    1.9551742465822433e18   0.   8.584323692083059e14    1.0261170609393694e17   0.
2.3449999999999998    1.3996701362170762e16   2.0347674965250755e18   0.   8.61700925709177e14     1.0437632095510622e17   0.
2.4348                1.3933002517376368e16   2.1068356625768548e18   0.   8.623971854147179e14    1.0590608020000224e17   0.
2.5246                1.3829717370588632e16   2.171130819762901e18    0.   8.608882285202036e14    1.0722296589345275e17   0.
2.6144                1.3695640633064608e16   2.2274050431085358e18   0.   8.575411352209084e14    1.0834896010028566e17   0.
2.7042                1.3539567016061346e16   2.2754104076390797e18   0.   8.527229857121071e14    1.0930604488532878e17   0.
2.794                 1.3370291230835906e16   2.3148989883798533e18   0.   8.468008601890746e14    1.1011620231340992e17   0.
2.8838                1.319660798864533e16    2.3456228603561764e18   0.   8.401418388470855e14    1.1080141444935691e17   0.
2.9736                1.302731200074667e16    2.367334098593372e18    0.   8.331130018814146e14    1.1138366335799757e17   0.
3.0633999999999997    1.3059444926189354e16   2.371027708519199e18    0.   8.331149088082454e14    1.1225971967497629e17   0.
3.1532                1.318305782485095e16    2.361979607280156e18    0.   8.360780153449464e14    1.1321515385836728e17   0.
3.243                 1.3315344233906292e16   2.344203069703544e18    0.   8.38946902829659e14     1.1408957543776211e17   0.
3.3327999999999998    1.3452145931096076e16   2.318052729005535e18    0.   8.416046904102101e14    1.1487917795128253e17   0.
3.4226                1.3589304694161e16      2.2838832184023043e18   0.   8.439344972344271e14    1.1558015493705027e17   0.
3.5124                1.3722662300841754e16   2.2420491711100237e18   0.   8.458194424501375e14    1.1618869993318717e17   0.
3.6022                1.3848060528879044e16   2.1929052203448673e18   0.   8.471426452051679e14    1.1670100647781498e17   0.
3.6919999999999997    1.396134115601355e16    2.1368059993230093e18   0.   8.477872246473459e14    1.1711326810905546e17   0.
3.7817999999999996    1.405834595998598e16    2.0741061412606213e18   0.   8.476362999244985e14    1.1742167836503038e17   0.
3.8716                1.4134916718537028e16   2.0051602793738778e18   0.   8.46572990184453e14     1.176224307838615e17    0.
3.9614                1.418689520940739e16    1.9303230468789517e18   0.   8.444804145750368e14    1.1771171890367067e17   0.
4.0512                1.4175711552961372e16   1.8419522607038956e18   0.   8.262757274537626e14    1.1756243849259075e17   0.
4.141                 1.4107315947435144e16   1.7427516179527726e18   0.   7.962382984473636e14    1.1720700179485149e17   0.
4.2307999999999995    1.400645066291074e16    1.63979184590727e18     0.   7.668203521690748e14    1.1674515348586187e17   0.
4.3206                1.3871885374578124e16   1.5341079826171922e18   0.   7.391783788704761e14    1.1618357782850898e17   0.
4.4104                1.3702389757627246e16   1.4267350661323471e18   0.   7.144688688031481e14    1.1552895908567976e17   0.
4.5001999999999995    1.349673348724808e16    1.318708134502542e18    0.   6.938483122186706e14    1.1478798152026118e17   0.
4.59                  1.3253686238630574e16   1.2110622257775818e18   0.   6.784731993686234e14    1.1396732939514029e17   0.
4.679799999999999     1.297201768696469e16    1.104832378007275e18    0.   6.695000205045871e14    1.1307368697320397e17   0.
4.7696                1.2650497507440386e16   1.0010536292414266e18   0.   6.680852658781415e14    1.1211373851733922e17   0.
4.8594                1.2287895375247626e16   9.007610175298433e17    0.   6.753854257408669e14    1.1109416829043306e17   0.
4.949199999999999     1.1882980965576374e16   8.049895809223333e17    0.   6.925569903443428e14    1.1002166055537246e17   0.
5.039                 1.1348017642172804e16   7.27272027044894e17     0.   7.517804217748476e14    1.0888001434638648e17   0.
5.1288                1.0659912875917034e16   6.718018525743585e17    0.   8.620527065371652e14    1.0767013028426419e17   0.
5.2185999999999995    9.93964893579823e15     6.219578969565203e17    0.   9.807009309400599e14    1.0643102395092926e17   0.
5.3084                9.195647657010166e15    5.773807392195122e17    0.   1.1054200072865801e15   1.0517193308640862e17   0.
5.3982                8.43633087474664e15     5.377109583914685e17    0.   1.2339048478797712e15   1.0390209543072912e17   0.
5.4879999999999995    7.670120424201444e15    5.025891335005238e17    0.   1.363850365022678e15    1.0263074872391768e17   0.
5.5778                6.905438140568353e15    4.716558435748112e17    0.   1.492951471018349e15    1.0136713070600125e17   0.
5.667599999999999     6.150705859041167e15    4.4455166764246554e17   0.   1.6189030781698275e15   1.0012047911700662e17   0.
5.7574                5.414345414813662e15    4.209171847316201e17    0.   1.7394000987801632e15   9.890003169696082e16    0.
5.8472                4.704778643079631e15    4.003929738704091e17    0.   1.8521374451524e15      9.771502618589066e16    0.
5.936999999999999     4.030427379032871e15    3.826196140869668e17    0.   1.9548100295895835e15   9.657470032382307e16    0.
6.0268                3.467564621118618e15    3.657789188615547e17    0.   2.0138642050527828e15   9.560816290434403e16    0.
6.116599999999999     3.11245775180652e15     3.476228325731847e17    0.   1.9865379975451788e15   9.497984632882176e16    0.
6.2063999999999995    2.8035384473845675e15   3.314466363273895e17    0.   1.9488145507511035e15   9.439867072346147e16    0.
6.2962                2.5382203812593565e15   3.1712757903961325e17   0.   1.9034585382034652e15   9.385442596788579e16    0.
6.385999999999999     2.3139172268374785e15   3.045429096252996e17    0.   1.8532346334351735e15   9.333690194171736e16    0.
6.4758                2.12804265752552e15     2.935698769998923e17    0.   1.8009075099791358e15   9.283588852457886e16    0.
6.5656                1.9780103467300738e15   2.8408573007883533e17   0.   1.7492418413682615e15   9.234117559609298e16    0.
6.655399999999999     1.861233967857732e15    2.759677177775726e17    0.   1.7010023011354595e15   9.184255303588234e16    0.
6.7452                1.7751271943150825e15   2.6909308901154762e17   0.   1.658953562813637e15    9.132981072356962e16    0.
6.835                 1.7171036995087178e15   2.633390926962045e17    0.   1.6258602999357042e15   9.079273853877746e16    0.
6.924799999999999     1.6845771568452275e15   2.5858297774698698e17   0.   1.6044871860345685e15   9.022112636112853e16    0.
7.0146                1.676641558325348e15    2.5448607696735526e17   0.   1.6196777000289035e15   8.952422522619418e16    0.
7.104399999999999     1.6975566237733055e15   2.5004594197599965e17   0.   1.764151198476321e15    8.836368922630125e16    0.
7.1941999999999995    1.7356281802421028e15   2.463101537789934e17    0.   1.9209984027051185e15   8.716585367934245e16    0.
7.284                 1.7877697380684632e15   2.4322023080934685e17   0.   2.0864120164329322e15   8.594448163028224e16    0.
7.373799999999999     1.8508948075891095e15   2.4071769150007027e17   0.   2.2565847433774e15      8.471333612408509e16    0.
7.4636                1.921916899140764e15    2.3874405428417405e17   0.   2.427709287256162e15    8.348618020571542e16    0.
7.553399999999999     1.9977495230601492e15   2.3724083759466835e17   0.   2.595978351786854e15    8.227677692013765e16    0.
7.643199999999999     2.0753061896839888e15   2.3614955986456336e17   0.   2.7575846406871175e15   8.109888931231622e16    0.
7.733                 2.151500409349005e15    2.354117395268695e17    0.   2.9087208576745895e15   7.99662804272156e16     0.
7.822799999999999     2.2232456923919195e15   2.3496889501459696e17   0.   3.0455797064669065e15   7.889271330980019e16    0.
7.912599999999999     2.287455549149456e15    2.3476254476075613e17   0.   3.164353890781708e15    7.789195100503443e16    0.
8.0024                2.337976961005411e15    2.3471320325709744e17   0.   3.257628522446268e15    7.699319288658813e16    0.
8.092199999999998     2.264117980182003e15    2.340253540818661e17    0.   3.1950047797068895e15   7.675186759184035e16    0.
8.181999999999999     2.1791640820129648e15   2.33437596000457e17     0.   3.109580174171087e15    7.659594363018942e16    0.
8.271799999999999     2.0855803822371498e15   2.329294727166517e17    0.   3.0040785484874145e15   7.65112383114885e16     0.
8.3616                1.9858319965934112e15   2.3248052793423178e17   0.   2.881223745304424e15    7.648356894559072e16    0.
8.451399999999998     1.8823840408206032e15   2.3207030535697875e17   0.   2.743739607270671e15    7.649875284234923e16    0.
8.541199999999998     1.7777016306575745e15   2.3167834868867418e17   0.   2.5943499770347035e15   7.654260731161717e16    0.
8.630999999999998     1.6742498818431805e15   2.3128420163309962e17   0.   2.4357786972450765e15   7.66009496632477e16     0.
8.720799999999999     1.574493910116273e15    2.308674078940367e17    0.   2.2707496105503435e15   7.665959720709397e16    0.
8.810599999999999     1.4808988312157052e15   2.3040751117526688e17   0.   2.1019865595990568e15   7.670436725300907e16    0.
8.900399999999998     1.3959297608803312e15   2.2988405518057168e17   0.   1.9322133870397725e15   7.672107711084621e16    0.
8.990199999999998     1.3220518148490002e15   2.2927658361373283e17   0.   1.764153935521037e15    7.669554409045848e16    0.
9.079999999999998     1.3412336557164055e15   2.2832330646514208e17   0.   1.6458360753650485e15   7.615120957466734e16    0.
9.169799999999999     1.3823663314785238e15   2.2722710216614685e17   0.   1.538058455528943e15    7.550178219545514e16    0.
9.259599999999999     1.4337682279323308e15   2.260104569432741e17    0.   1.4354835947314058e15   7.481535367218286e16    0.
9.349399999999997     1.493558706255803e15    2.246661060763689e17    0.   1.3383589657900232e15   7.410301531030766e16    0.
9.439199999999998     1.5598571276269218e15   2.23186784845276e17     0.   1.2469320415223778e15   7.337585841528666e16    0.
9.528999999999998     1.630782853223663e15    2.2156522852984038e17   0.   1.1614502947460555e15   7.264497429257702e16    0.
9.618799999999998     1.7044552442240058e15   2.197941724099069e17    0.   1.0821611982786422e15   7.192145424763588e16    0.
9.708599999999999     1.7789936618059272e15   2.1786635176532064e17   0.   1.009312224937723e15    7.1216389585920384e16   0.
9.798399999999999     1.8525174671474065e15   2.1577450187592637e17   0.   9.43150847540883e14     7.0540871612887656e16   0.
9.888199999999998     1.9231460214264195e15   2.1351135802156912e17   0.   8.83924538905709e14     6.9905991633994896e16   0.
9.977999999999998     1.9889986858209475e15   2.1106965548209373e17   0.   8.31880771849783e14     6.932284095469917e16    0.
10.067799999999998    2.0040812932624992e15   2.0785141118782592e17   0.   8.053819784641695e14    6.891760630942073e16    0.
10.157599999999999    1.9983977217308228e15   2.0427632171345722e17   0.   7.91582443461174e14     6.8618189961967704e16   0.
10.247399999999999    1.9872806329249955e15   2.0056762334108253e17   0.   7.836610996821716e14    6.8390772454906616e16   0.
10.337199999999998    1.9716894207581522e15   1.9675608184859552e17   0.   7.806991773117556e14    6.8239035240098344e16   0.
10.426999999999998    1.9525834791434295e15   1.9287246301388947e17   0.   7.81777906534519e14     6.816665976940372e16    0.
10.516799999999998    1.9309222019939622e15   1.8894753261485802e17   0.   7.859785175350556e14    6.817732749468359e16    0.
10.606599999999998    1.907664983222886e15    1.8501205642939456e17   0.   7.923822404979585e14    6.827471986779885e16    0.
10.696399999999999    1.883771216743337e15    1.8109680023539264e17   0.   8.00070305607821e14     6.846251834061031e16    0.
10.7862               1.8602002964684505e15   1.7723252981074573e17   0.   8.081239430492368e14    6.8744404364978856e16   0.
10.875999999999998    1.837911616311362e15    1.734500109333474e17    0.   8.156243830067989e14    6.9124059392765336e16   0.
10.965799999999998    1.8178645701852072e15   1.6978000938109094e17   0.   8.21652855665101e14     6.960516487583059e16    0.
11.055599999999998    1.8311505052128448e15   1.6681843576479325e17   0.   8.06717683186609e14     7.0661797437374184e16   0.
11.145399999999999    1.8657045607919868e15   1.6435177730228106e17   0.   7.779280612677469e14    7.209431462284768e16    0.
11.235199999999999    1.90155401317723e15     1.6201820397606317e17   0.   7.472674801382652e14    7.357962294841706e16    0.
11.324999999999998    1.937296269878762e15    1.5980418093732733e17   0.   7.15273064856421e14     7.508453048468635e16    0.
11.414799999999998    1.9715287384067715e15   1.5769617333726106e17   0.   6.82481940480468e14     7.657584530225965e16    0.
11.504599999999998    2.0028488262714458e15   1.556806463270521e17    0.   6.494312320686629e14    7.802037547174098e16    0.
11.594399999999998    2.0298539409829718e15   1.5374406505788816e17   0.   6.166580646792609e14    7.93849290637344e16     0.
11.684199999999999    2.051141490051537e15    1.5187289468095686e17   0.   5.846995633705184e14    8.063631414884392e16    0.
11.773999999999997    2.06530888098733e15     1.5005360034744592e17   0.   5.540928532006909e14    8.174133879767362e16    0.
11.863799999999998    2.070953521300538e15    1.4827264720854298e17   0.   5.253750592280335e14    8.266681108082758e16    0.
11.953599999999998    2.0666728185013478e15   1.4651650041543562e17   0.   4.9908330651080206e14   8.337953906890979e16    0.
12.043399999999998    2.0160754271229292e15   1.4463649756545542e17   0.   4.8225213108230044e14   8.320502040786664e16    0.
12.133199999999999    1.9170463727584392e15   1.426163525706727e17    0.   4.75550947313558e14     8.209700588815186e16    0.
12.222999999999997    1.8090897364496195e15   1.4060051331273539e17   0.   4.719205115173883e14    8.077208383664464e16    0.
12.312799999999998    1.6943123654187252e15   1.385889984982839e17    0.   4.712462458429309e14    7.926138700204018e16    0.
12.402599999999998    1.574821106888015e15    1.3658182683395878e17   0.   4.7341357243932494e14   7.75960481330337e16     0.
12.492399999999998    1.452722808079749e15    1.3457901702640045e17   0.   4.783079134557098e14    7.580719997832046e16    0.
12.582199999999998    1.330124316216184e15    1.3258058778224938e17   0.   4.8581469104122475e14   7.39259752865957e16     0.
12.671999999999999    1.2091324785195795e15   1.3058655780814597e17   0.   4.9581932734500925e14   7.1983506806554624e16   0.
12.761799999999997    1.0918541422121951e15   1.2859694581073077e17   0.   5.082072445162022e14    7.0010927286892536e16   0.
12.851599999999998    9.803961545162848e14    1.2661177049664413e17   0.   5.228638647039434e14    6.8039369476304584e16   0.
12.941399999999998    8.768653626541095e14    1.2463105057252654e17   0.   5.396746100573719e14    6.6099966123486064e16   0.
13.031199999999998    8.057209385433364e14    1.2259345472096749e17   0.   5.621672737487612e14    6.458510095242572e16    0.
13.120999999999999    7.875137027165535e14    1.2044837880639277e17   0.   5.932327726510636e14    6.382399218782359e16    0.
13.210799999999997    7.793558377451669e14    1.183193375832193e17    0.   6.254245281057539e14    6.312058349582441e16    0.
13.300599999999998    7.802383782503502e14    1.1621490167296069e17   0.   6.581202322747631e14    6.245565087895435e16    0.
13.390399999999998    7.891523588532775e14    1.1414364169713074e17   0.   6.906975773200199e14    6.180997033973969e16    0.
13.480199999999998    8.050888141751228e14    1.1211412827724314e17   0.   7.225342554034542e14    6.1164317880706664e16   0.
13.569999999999999    8.2703877883706e14      1.101349320348117e17    0.   7.530079586869959e14    6.049946950438149e16    0.
13.659799999999999    8.539932874602632e14    1.0821462359135011e17   0.   7.814963793325742e14    5.979620121329047e16    0.
13.749599999999997    8.84943374665906e14     1.0636177356837214e17   0.   8.073772095021188e14    5.903528900995981e16    0.
13.839399999999998    9.18880075075163e14     1.0458495258739144e17   0.   8.3002814135756e14      5.819750889691573e16    0.
13.929199999999998    9.54794423309208e14     1.0289273126992178e17   0.   8.488268670608271e14    5.7263636876684496e16   0.
14.018999999999998    9.899140113100834e14    1.0132172972276331e17   0.   8.565138699492951e14    5.594957562183248e16    0.
14.108799999999999    1.0185381033616882e15   9.995514630815538e16    0.   8.348080547154415e14    5.3531385950577904e16   0.
14.198599999999997    1.0466017090351286e15   9.869110012826699e16    0.   8.092227018000716e14    5.1032845597180216e16   0.
14.288399999999998    1.0734992712386254e15   9.753174515441627e16    0.   7.806538430732134e14    4.8495323458727936e16   0.
14.378199999999998    1.0986252328803989e15   9.647923535792142e16    0.   7.499975104048961e14    4.5960188432309664e16   0.
14.467999999999998    1.1213740368686685e15   9.553572471010054e16    0.   7.181497356651486e14    4.3468809415014e16      0.
14.557799999999999    1.1411401261116555e15   9.470336718227187e16    0.   6.860065507239998e14    4.106255530392952e16    0.
14.647599999999997    1.1573179435175795e15   9.398431674575358e16    0.   6.54463987451479e14     3.8782794996144864e16   0.
14.737399999999997    1.169301931994661e15    9.338072737186371e16    0.   6.244180777176139e14    3.667089738874852e16    0.
14.827199999999998    1.1764865344511202e15   9.289475303192058e16    0.   5.967648533924338e14    3.4768231378829104e16   0.
14.916999999999998    1.1782661937951778e15   9.252854769724224e16    0.   5.724003463459676e14    3.311616586347522e16    0.
15.006799999999998    1.1715069619519568e15   9.233359723076354e16    0.   5.5507350693939806e14   3.1892418762472636e16   0.
15.096599999999997    1.1276039557075652e15   9.28583554960381e16     0.   5.772735010824066e14    3.2648283972030884e16   0.
15.186399999999997    1.0782172817726645e15   9.347543528966781e16    0.   6.034892900982832e14    3.368513378446088e16    0.
15.276199999999998    1.0243569898195694e15   9.415546818856488e16    0.   6.327939305171932e14    3.4957211962795608e16   0.
15.365999999999998    9.670331295205945e14    9.486908576964168e16    0.   6.642604788693025e14    3.641876227006811e16    0.
15.455799999999998    9.072557505480539e14    9.558691960981051e16    0.   6.969619916847769e14    3.802402846931139e16    0.
15.545599999999999    8.460349025742622e14    9.627960128598366e16    0.   7.29971525493782e14     3.972725432355847e16    0.
15.635399999999997    7.84380635271535e14     9.691776237507347e16    0.   7.623621368264832e14    4.1482683595842336e16   0.
15.725199999999997    7.23302998312184e14     9.747203445399218e16    0.   7.932068822130476e14    4.3244560049196064e16   0.
15.814999999999998    6.638120413685248e14    9.791304909965211e16    0.   8.215788181836404e14    4.496712744665265e16    0.
15.904799999999998    6.069178141128722e14    9.82114378889656e16     0.   8.465510012684271e14    4.660462955124509e16    0.
15.994599999999998    5.536303662175401e14    9.833783239884493e16    0.   8.671964879975738e14    4.811131012600644e16    0.
16.0844               5.258433732928591e14    9.71395383358844e16     0.   8.451074151585815e14    4.81895795758052e16     0.
16.1742               5.0401127447506344e14   9.569286926746554e16    0.   8.162490528776175e14    4.8025852697712136e16   0.
16.264                4.8671561586177556e14   9.40990854697365e16     0.   7.840530182072384e14    4.7719945761864344e16   0.
16.3538               4.738836466780448e14    9.238706212914434e16    0.   7.495357254442021e14    4.729100915834059e16    0.
16.4436               4.6544261614892125e14   9.058567443213619e16    0.   7.137135888852664e14    4.675819327721961e16    0.
16.5334               4.613197734994546e14    8.87237975651591e16     0.   6.776030228271892e14    4.6140648508580144e16   0.
16.6232               4.614423679546944e14    8.683030671466019e16    0.   6.422204415667286e14    4.5457525242500936e16   0.
16.713                4.657376487396905e14    8.493407706708653e16    0.   6.08582259400642e14     4.472797386906073e16    0.
16.802799999999998    4.7413286507949225e14   8.306398380888526e16    0.   5.777048906256889e14    4.3971144778338304e16   0.
16.892599999999998    4.8655526619914994e14   8.124890212650334e16    0.   5.5060474953862444e14   4.3206188360412344e16   0.
16.9824               5.0293210132371306e14   7.95177072063879e16     0.   5.282982504362078e14    4.2452255005361624e16   0.
17.0722               5.42306671374145e14     7.851005303082147e16    0.   5.454216344157462e14    4.2052104598581264e16   0.
17.162                5.892432475355198e14    7.776395080570912e16    0.   5.759721033832381e14    4.1764812612527984e16   0.
17.2518               6.378298350399024e14    7.712170547426166e16    0.   6.10696462889182e14     4.1510678752439416e16   0.
17.3416               6.868372751106951e14    7.657524372027637e16    0.   6.485773266660459e14    4.1289276949000624e16   0.
17.4314               7.350364089713006e14    7.61164922275505e16     0.   6.885973084462978e14    4.110018113289663e16    0.
17.5212               7.811980778451221e14    7.573737767988136e16    0.   7.297390219624056e14    4.0942965234812496e16   0.
17.611                8.240931229555616e14    7.542982676106618e16    0.   7.709850809468374e14    4.081720318543328e16    0.
17.7008               8.624923855260221e14    7.518576615490226e16    0.   8.11318099132061e14     4.072246891544401e16    0.
17.790599999999998    8.951667067799052e14    7.499712254518688e16    0.   8.497206902505431e14    4.065833635552975e16    0.
17.880399999999998    9.20886927940616e14     7.485582261571726e16    0.   8.851754680347548e14    4.062437943637555e16    0.
17.9702               9.384238902315554e14    7.475379305029074e16    0.   9.166650462171624e14    4.062017208866644e16    0.
18.06                 9.065333306281295e14    7.469780799260701e16    0.   9.248360168492828e14    4.0962380365108544e16   0.
18.1498               8.460160290265984e14    7.467161999728771e16    0.   9.187657176616045e14    4.147600611584259e16    0.
18.2396               7.784792541191964e14    7.465868237419973e16    0.   9.079010417394331e14    4.197966032314812e16    0.
18.3294               7.056020134714736e14    7.464984274252294e16    0.   8.925572046440594e14    4.244987170381029e16    0.
18.4192               6.29063314648979e14     7.463594872143723e16    0.   8.730494219367741e14    4.286316897461424e16    0.
18.509                5.5054216521726244e14   7.46078479301225e16     0.   8.496929091788679e14    4.319608085234515e16    0.
18.5988               4.7171757274187306e14   7.455638798775866e16    0.   8.228028819316315e14    4.342513605378816e16    0.
18.688599999999997    3.942685447883635e14    7.447241651352557e16    0.   7.926945557563574e14    4.352686329572844e16    0.
18.778399999999998    3.19874088922277e14     7.434678112660317e16    0.   7.596831462143336e14    4.347779129495115e16    0.
18.868199999999998    2.5021321270916628e14   7.417032944617134e16    0.   7.240838688668519e14    4.325444876824145e16    0.
18.958                1.869649237145805e14    7.393390909140997e16    0.   6.862119392752031e14    4.283336443238448e16    0.
19.0478               1.6346771734988966e14   7.325996268900928e16    0.   6.417168854454118e14    4.137558962197037e16    0.
19.1376               1.7603826701562744e14   7.2201736551628e16      0.   5.917041750079975e14    3.8995774752045424e16   0.
19.2274               1.9563873694191616e14   7.11075142270816e16     0.   5.4101579269958025e14   3.646164551372536e16    0.
19.3172               2.2106377327726234e14   7.000170714806955e16    0.   4.9039202505018975e14   3.3824025303138512e16   0.
19.407                2.511080221701724e14    6.8908726747291304e16   0.   4.4057315858985506e14   3.113373751641324e16    0.
19.4968               2.84566129769153e14     6.7852984457446424e16   0.   3.9229947984860556e14   2.8441605549677864e16   0.
19.5866               3.202327422227105e14    6.685889171123441e16    0.   3.4631127535647044e14   2.5798452799060732e16   0.
19.676399999999997    3.5690250567934994e14   6.5950859941354736e16   0.   3.0334883164348075e14   2.3255102660690268e16   0.
19.766199999999998    3.933700662875809e14    6.515330058050689e16    0.   2.641524352396622e14    2.0862378530694624e16   0.
19.855999999999998    4.284300701959084e14    6.449062506139039e16    0.   2.2946237267504597e14   1.8671103805202228e16   0.
19.9458               4.608771635528388e14    6.398724481670472e16    0.   2.0001893047966128e14   1.6732101880341416e16   0.
20.0356               4.721437170815874e14    6.423436045653047e16    0.   1.9084287154481428e14   1.592373059366495e16    0.
20.1254               4.5283840973772194e14   6.552361322634824e16    0.   2.0940744269113412e14   1.668697935483295e16    0.
20.2152               4.302669747965975e14    6.6948673902864536e16   0.   2.3300255336523106e14   1.7713753677266386e16   0.
20.305                4.053457764041209e14    6.8464690716293896e16   0.   2.606233764547698e14    1.8953749963377024e16   0.
20.3948               3.7899117870619825e14   7.002681189685091e16    0.   2.9126508484741525e14   2.035666461557666e16    0.
20.4846               3.5211954584873644e14   7.159018567475012e16    0.   3.239228514308321e14    2.1872194036277076e16   0.
20.5744               3.256472419776417e14    7.310996028020618e16    0.   3.5759184909268525e14   2.345003462789006e16    0.
20.664199999999997    3.004906312388215e14    7.454128394343355e16    0.   3.91267250720638e14     2.5039882792827324e16   0.
20.753999999999998    2.775660777781804e14    7.583930489464693e16    0.   4.239442292023582e14    2.6591434933500784e16   0.
20.843799999999998    2.5778994574162584e14   7.695917136406083e16    0.   4.546179574255089e14    2.8054387452322168e16   0.
20.9336               2.4207859927506438e14   7.785603158188984e16    0.   4.822836082777552e14    2.937843675170326e16    0.
21.0234               2.431489989229214e14    7.806564609046413e16    0.   4.9681628587382975e14   3.004410392889e16       0.
21.1132               2.8290171819783556e14   7.679739411382323e16    0.   4.809935562866933e14    2.9166782398477768e16   0.
21.203                3.267047082672893e14    7.526979788663902e16    0.   4.612841166381328e14    2.8109524036115784e16   0.
21.2928               3.732820017600257e14    7.351592007793994e16    0.   4.383774791131141e14    2.6909189297103784e16   0.
21.3826               4.213576313047876e14    7.15688233567544e16     0.   4.129631558966028e14    2.5602638636741508e16   0.
21.4724               4.6965562953031775e14   6.946157039211084e16    0.   3.8573065917356456e14   2.4226732510328692e16   0.
21.5622               5.1690002906535925e14   6.722722385303769e16    0.   3.573695011289652e14    2.2818331373165072e16   0.
21.651999999999997    5.6181486253865325e14   6.4898846408563424e16   0.   3.2856919394777144e14   2.1414295680550444e16   0.
21.741799999999998    6.03124162578946e14     6.2509500727716336e16   0.   3.0001924981494675e14   2.0051485887784432e16   0.
21.831599999999998    6.395519618149788e14    6.0092249479524944e16   0.   2.7240918091545784e14   1.8766762450166828e16   0.
21.9214               6.698222928754944e14    5.768015533301764e16    0.   2.464284994342706e14    1.759698582299737e16    0.
22.0112               6.858475072730145e14    5.539535833465223e16    0.   2.256159021565714e14    1.6736091571918008e16   0.
22.101                6.459789005004728e14    5.3798881503089336e16   0.   2.2754797788666294e14   1.7151922098127712e16   0.
22.1908               5.990973837511184e14    5.2267878470169776e16   0.   2.3193465923688075e14   1.7724736850431716e16   0.
22.2806               5.46569830604786e14     5.0800851076710976e16   0.   2.3836001296539972e14   1.8430453247172076e16   0.
22.3704               4.897631146413109e14    4.9396301163530264e16   0.   2.4640810583039438e14   1.9244988706690872e16   0.
22.4602               4.300441094405283e14    4.8052730571445024e16   0.   2.5566300459003947e14   2.014426064733016e16    0.
22.549999999999997    3.6877968858227575e14   4.676864114127267e16    0.   2.6570877600250934e14   2.1104186487431968e16   0.
22.639799999999997    3.0733672564638325e14   4.554253471383049e16    0.   2.7612948682597944e14   2.2100683645338444e16   0.
22.729599999999998    2.470820942126885e14    4.4372913129935864e16   0.   2.865092038186241e14    2.3109669539391612e16   0.
22.819399999999998    1.893826678610265e14    4.325827823040621e16    0.   2.9643199373861806e14   2.410706158793354e16    0.
22.9092               1.3560532017123236e14   4.2197131856058856e16   0.   3.054819233441359e14    2.5068777209306292e16   0.
22.999                8.711692472314119e13    4.11879758477112e16     0.   3.132430593933524e14    2.5970733821851932e16   0.
23.0888               8.858579098210964e13    4.028172796675087e16    0.   3.5293200683602756e14   2.6265655399574188e16   0.
23.1786               9.645710144595131e13    3.9422512832005136e16   0.   3.7833603416562925e14   2.6472229682446984e16   0.
23.2684               1.094706853850828e14    3.8605652275521624e16   0.   3.9052122308063425e14   2.6598115584967564e16   0.
23.3582               1.2685787609024916e14   3.7827063089657376e16   0.   3.910098241156167e14    2.664503338066104e16    0.
23.448                1.4785000685219538e14   3.708266206676937e16    0.   3.813240878051498e14    2.661470334305254e16    0.
23.537799999999997    1.716784109616655e14    3.636836599921464e16    0.   3.6298626468380844e14   2.650884574566718e16    0.
23.627599999999997    1.975744217094066e14    3.5680091679350128e16   0.   3.3751860528616444e14   2.6329180862030076e16   0.
23.717399999999998    2.247693723861627e14    3.5013755899532868e16   0.   3.064433601467922e14    2.6077428965666348e16   0.
23.807199999999998    2.5249459628267894e14   3.436527545211986e16    0.   2.712827798002652e14    2.5755310330101112e16   0.
23.897                2.7998142668970034e14   3.3730567129468112e16   0.   2.3355911478115712e14   2.536454522885948e16    0.
23.9868               3.064611968979719e14    3.310554772393462e16    0.   1.9479461562404162e14   2.4906853935466576e16   0.
24.0766               3.131119282257151e14    3.2135618766329472e16   0.   1.4946697762737047e14   2.4153141507179828e16   0.
24.1664               3.149680861177722e14    3.1123523796848756e16   0.   1.0972970043256636e14   2.3307174433277244e16   0.
24.2562               3.154198988192909e14    3.0145926905348536e16   0.   7.73126622732302e13     2.2423845293827808e16   0.
24.346                3.14728763438388e14     2.9218744155726972e16   0.   5.227950890241184e13    2.1518043934961272e16   0.
24.435799999999997    3.131560770831805e14    2.8357891611882284e16   0.   3.469388607316167e13    2.060466020280742e16    0.
24.525599999999997    3.109632368617851e14    2.757928533771258e16    0.   2.4619439538528133e13   1.9698583943495928e16   0.
24.615399999999998    3.084116398823188e14    2.6898841397116072e16   0.   2.21198150515619e13     1.8814705003156576e16   0.
24.705199999999998    3.0576268325289844e14   2.6332475853990944e16   0.   2.725865836531282e13    1.7967913227919116e16   0.
24.794999999999998    3.032777640816408e14    2.5896104772235376e16   0.   4.009961523283072e13    1.71730984639133e16     0.
24.8848               3.0121827947666275e14   2.5605644215747536e16   0.   6.0706331407165445e13   1.6445150557268874e16   0.
24.9746               2.9984562654608125e14   2.5477010248425612e16   0.   8.914245264136684e13    1.5798959354115582e16   0.
25.0644               3.031872877491625e14    2.6217261917973976e16   0.   2.1139407393237134e14   1.5761950248544406e16   0.
25.1542               3.0904620204685106e14   2.7391144924113912e16   0.   4.422854750304633e14    1.601443564721836e16    0.
25.244                3.1593801487393044e14   2.8694199155486704e16   0.   7.606523763847928e14    1.6333721882600134e16   0.
25.3338               3.2386897692251094e14   3.0095516815449944e16   0.   1.1614112695406558e15   1.6699975315835706e16   0.
25.423599999999997    3.328453388847027e14    3.156419010736116e16    0.   1.6319695907795468e15   1.7093362308071044e16   0.
25.513399999999997    3.428733514526166e14    3.3069311234578072e16   0.   2.1522257211192378e15   1.7494049220452162e16   0.
25.603199999999998    3.53959265318363e14     3.4579972400458212e16   0.   2.694568986313663e15    1.7882202414125034e16   0.
25.692999999999998    3.6610933117405206e14   3.6065265808359184e16   0.   3.223879656852993e15    1.823798825023564e16    0.
25.782799999999998    3.793297997117943e14    3.749428366163856e16    0.   3.697528947963618e15    1.8541573089929968e16   0.
25.8726               3.936269216237e14       3.883611816365396e16    0.   4.065379019608146e15    1.8773123294353996e16   0.
25.9624               4.090069476018798e14    4.005986151776296e16    0.   4.269782976485403e15    1.8912805224653708e16   0.
26.0522               4.279000211113688e14    4.066093915518993e16    0.   4.252984797051169e15    1.8456417828883932e16   0.
26.142                4.495191425053015e14    4.076345687220109e16    0.   4.0321901384812845e15   1.7542642984600988e16   0.
26.2318               4.719200156760095e14    4.071767439609163e16    0.   3.6651049649744715e15   1.6541425560513322e16   0.
26.3216               4.949065855969304e14    4.053221764962216e16    0.   3.203063876637503e15    1.5473358746338552e16   0.
26.411399999999997    5.182827972415008e14    4.0215712555553296e16   0.   2.69086550249434e15     1.4359035731794324e16   0.
26.501199999999997    5.418525955831606e14    3.9776785036645616e16   0.   2.1667725004860425e15   1.3219049706598174e16   0.
26.590999999999998    5.654199255953464e14    3.922406101565973e16    0.   1.662511557470897e15    1.2073993860467752e16   0.
26.680799999999998    5.887887322514958e14    3.856616641535623e16    0.   1.2032733892243338e15   1.0944461383120672e16   0.
26.770599999999998    6.117629605250465e14    3.7811727158495744e16   0.   8.077127404389469e14    9.851045464274548e15    0.
26.8604               6.341465553894365e14    3.6969369167838864e16   0.   4.8794838472449456e14   8.814339293646995e15    0.
26.9502               6.55743461818103e14     3.6047718366146184e16   0.   2.4956312460789862e14   7.854936060955627e15    0.
27.04                 6.451708317810821e14    3.5063886125256252e16   0.   1.281026470153759e14    7.167163211547151e15    0.
27.1298               5.96137437994245e14     3.4028156771017388e16   0.   8.382457973250239e13    6.805568699740469e15    0.
27.2196               5.5063357811738844e14   3.2937677965265296e16   0.   5.251573765783062e13    6.555735511386711e15    0.
27.3094               5.1185621708388906e14   3.1800152441957948e16   0.   3.2810963852303676e13   6.419355123641687e15    0.
27.399199999999997    4.830023198271247e14    3.062328293505336e16    0.   2.3345101376864832e13   6.39811901366121e15     0.
27.488999999999997    4.6726885128046944e14   2.9414772178509436e16   0.   2.275299329245646e13    6.493718658601093e15    0.
27.578799999999998    4.6785277637730156e14   2.8182322906284188e16   0.   2.9669482660022195e13   6.707845535617148e15    0.
27.668599999999998    4.879510600509978e14    2.6933637852335596e16   0.   4.272941254050512e13    7.042191121865188e15    0.
27.758399999999998    5.307606672349348e14    2.5676419750621648e16   0.   6.056762599484831e13    7.498446894501027e15    0.
27.8482               5.994785628624892e14    2.4418371335100312e16   0.   8.181896608399484e13    8.078304330680477e15    0.
27.938                6.973017118670381e14    2.3167195339729564e16   0.   1.0511827586888778e14   8.78345490755935e15     0.
28.0278               9.11177332877891e14     2.1899455121813072e16   0.   1.2991254173077467e14   9.872974827039458e15    0.
28.1176               1.3427038735345342e15   2.0586266531113176e16   0.   1.5698658579623272e14   1.1650967050698664e16   0.
28.2074               1.7957716560508462e15   1.9309436968063044e16   0.   1.8406344712497553e14   1.350660568275856e16    0.
28.297199999999997    2.2604780655361405e15   1.808153975186854e16    0.   2.1015816961277478e14   1.540132403280513e16    0.
28.386999999999997    2.726920487099788e15    1.691514820173538e16    0.   2.3428579715540553e14   1.729655541042459e16    0.
28.476799999999997    3.1851963058511025e15   1.582283563686944e16    0.   2.5546137364863944e14   1.9153733125202932e16   0.
28.566599999999998    3.6254029068994185e15   1.481717537647653e16    0.   2.7269994298824925e14   2.093429048672622e16    0.
28.656399999999998    4.0376376753540655e15   1.3910740739762474e16   0.   2.850165490700078e14    2.2599660804580516e16   0.
28.746199999999998    4.41199799632438e15     1.3116105045933086e16   0.   2.91426235789688e14     2.4111277388351884e16   0.
28.836                4.738581254919693e15    1.2445841614194186e16   0.   2.9094404704306256e14   2.5430573547626392e16   0.
28.9258               5.007484836249336e15    1.1912523763751586e16   0.   2.825850267259043e14    2.65189825919901e16     0.
29.0156               5.028436409327187e15    1.1660841676012372e16   0.   2.6841514906234722e14   2.7024160012889104e16   0.
29.1054               4.215655707688222e15    1.2189952244190742e16   0.   2.636955722596199e14    2.5751902135718008e16   0.
29.1952               3.4922568103881825e15   1.285052833708185e16    0.   2.5719038315829978e14   2.4235657194541944e16   0.
29.284999999999997    2.853214056432754e15    1.3618337189686064e16   0.   2.4914507673999325e14   2.2524273024268276e16   0.
29.374799999999997    2.2935017848275485e15   1.4469146037003832e16   0.   2.3980514798630572e14   2.0666597459804164e16   0.
29.464599999999997    1.808094334578257e15    1.5378722114035522e16   0.   2.294160918788436e14    1.8711478336056972e16   0.
29.554399999999998    1.3919660446905412e15   1.632283265578154e16    0.   2.18223403399213e14     1.670776348793399e16    0.
29.644199999999998    1.0400912541700648e15   1.7277244897242268e16   0.   2.0647257752901994e14   1.470430075034251e16    0.
29.733999999999998    7.474443020224896e14    1.8217726073418112e16   0.   1.9440910924987062e14   1.2749937958189838e16   0.
29.8238               5.089995272534792e14    1.9120043419309456e16   0.   1.822784935433711e14    1.0893522946383264e16   0.
29.9136               3.197312688686958e14    1.9959964169916704e16   0.   1.703262253911274e14    9.183903549830086e15    0.
30.0034               1.781003321568127e14    2.0683211850614368e16   0.   1.5977337549642462e14   7.740809177260076e15    0.
30.0932               1.4795877105846434e14   2.0539277850958852e16   0.   1.7213130015260116e14   8.326576962850901e15    0.
30.182999999999996    1.2352399778090467e14   2.0300096315689708e16   0.   1.80545208418936e14     9.111672734412796e15    0.
30.272799999999997    1.0406022252846038e14   1.9979828175615256e16   0.   1.853407549764657e14    1.005436278357442e16    0.
30.362599999999997    8.888017149316316e13    1.9592634361543856e16   0.   1.868435945062258e14    1.1112913401964338e16   0.
30.452399999999997    7.73450868547455e13     1.9152675804283844e16   0.   1.8537938168925244e14   1.2245590881211144e16   0.
30.542199999999998    6.886472678064192e13    1.8674113434643568e16   0.   1.812737712065815e14    1.341066151294343e16    0.
30.631999999999998    6.289736542598887e13    1.8171108183431376e16   0.   1.7485241773924897e14   1.4566391588789786e16   0.
30.721799999999998    5.8949792933624695e13   1.7657820981455602e16   0.   1.6644097596829084e14   1.5671047400378812e16   0.
30.8116               5.657731543408977e13    1.7148412759524598e16   0.   1.563651005747432e14    1.6682895239339094e16   0.
30.9014               5.538375504562641e13    1.665704444844671e16    0.   1.449504462396419e14    1.7560201397299228e16   0.
30.9912               5.502144987417882e13    1.6197876979030272e16   0.   1.3252266764402297e14   1.8261232165887812e16   0.
31.081                5.501900000000001e13    1.6269731641017066e16   0.   1.1665590252313575e14   1.5935415258060016e16   0.
31.170799999999996    5.501900000000001e13    1.643150231383477e16    0.   1.0120687071176175e14   1.3537485936774878e16   0.
31.260599999999997    5.501900000000001e13    1.6618182560913056e16   0.   8.668667351805083e13    1.1384665485996612e16   0.
31.350399999999997    5.501900000000001e13    1.6817764047414098e16   0.   7.32462078867068e13     9.464587140596216e15    0.
31.440199999999997    5.501900000000001e13    1.7018238438500052e16   0.   6.103637076243276e13    7.764884135444609e15    0.
31.529999999999998    5.501900000000001e13    1.7207597399333092e16   0.   5.020805908993183e13    6.273189705412686e15    0.
31.619799999999998    5.501900000000001e13    1.7373832595075388e16   0.   4.091216981390712e13    4.977137085371356e15    0.
31.7096               5.501900000000001e13    1.750493569088911e16    0.   3.3299599879061754e13   3.8643595101915225e15   0.
31.7994               5.501900000000001e13    1.7588898351936424e16   0.   2.7521246230098844e13   2.922490214744091e15    0.
31.8892               5.501900000000001e13    1.76137122433795e16     0.   2.372800581172151e13    2.1391624338999668e15   0.
31.979                5.501900000000001e13    1.756736903038051e16    0.   2.207077556863287e13    1.502009402530054e15    0.
32.068799999999996    5.501900000000001e13    1.7071488028724456e16   0.   2.346466019913501e13    1.0138436960950718e15   0.
32.15859999999999     5.501900000000001e13    1.6385933137059066e16   0.   2.9437379121912895e13   6.386955045066432e14    0.
32.2484               5.501900000000001e13    1.5634254529259336e16   0.   3.946458745777129e13    3.625897872129275e14    0.
32.33819999999999     5.501900000000001e13    1.4827691308541466e16   0.   5.294387540598658e13    1.783154741554869e14    0.
32.428                5.501900000000001e13    1.3977482578121412e16   0.   6.92728331658388e13     7.866149527581083e13    0.
32.517799999999994    5.501900000000001e13    1.3094867441215392e16   0.   8.784905093660336e13    5.641678051543403e13    0.
32.60759999999999     5.501900000000001e13    1.2191085001039422e16   0.   1.080701189175594e14    1.0437025981586506e14   0.
32.697399999999995    5.501900000000001e13    1.1277374360809512e16   0.   1.2933362730798673e14   2.1531086311863447e14   0.
32.78719999999999     5.501900000000001e13    1.0364974623741884e16   0.   1.5103716630715988e14   3.820275203652438e14    0.
32.876999999999995    5.501900000000001e13    9.465124893052484e15    0.   1.7257832611436025e14   5.973091614972378e14    0.
32.96679999999999     5.501900000000001e13    8.589064271957534e15    0.   1.933546969288624e14    8.539447164561012e14    0.
33.056599999999996    6.142563110085954e13    7.913374828565114e15    0.   2.1545876601294666e14   1.1588982455775865e15   0.
33.14639999999999     9.401200033944906e13    7.37311707554007e15     0.   2.336574218463936e14    1.511883481610151e15    0.
33.2362               1.4692226097571147e14   6.869606675645128e15    0.   2.4593853190193206e14   1.9033535345992588e15   0.
33.32599999999999     2.127142332928069e14    6.401349370505597e15    0.   2.5280431784046647e14   2.329609738686191e15    0.
33.4158               2.847721351732355e14    5.966850901746629e15    0.   2.5475700132290422e14   2.7869534280123565e15   0.
33.505599999999994    3.573065820987977e14    5.564617010993522e15    0.   2.5229880401015116e14   3.271685936719026e15    0.
33.59539999999999     4.2535458715063306e14   5.193153439871465e15    0.   2.4593194756311397e14   3.780108598947576e15    0.
33.685199999999995    4.847795610092016e14    4.850965930005663e15    0.   2.3615865364269803e14   4.308522748839392e15    0.
33.77499999999999     5.3227131195427094e14   4.536560223021397e15    0.   2.2348114390981106e14   4.853229720535734e15    0.
33.864799999999995    5.653460458649469e14    4.248442060543844e15    0.   2.084016400253575e14    5.410530848178027e15    0.
33.95459999999999     5.82346366219645e14     3.985117184198277e15    0.   1.914223636502459e14    5.976727465907529e15    0.
34.044399999999996    5.328785111555524e14    3.655505982945647e15    0.   1.619331418297186e14    6.091363912577902e15    0.
34.13419999999999     4.3787028962856906e14   3.260447833469462e15    0.   1.265638499703469e14    5.682836100682907e15    0.
34.224                3.5500608911084506e14   2.898827255079817e15    0.   9.810924129283467e13    5.211142895510469e15    0.
34.31379999999999     2.836780857687564e14    2.5779339685010095e15   0.   7.564951273762952e13    4.692003454188881e15    0.
34.4036               2.2327845576865516e14   2.3050576944572245e15   0.   5.832739309069166e13    4.141136933846281e15    0.
34.493399999999994    1.7319937527691412e14   2.0874881536727462e15   0.   4.5348142983508234e13   3.574262491610977e15    0.
34.58319999999999     1.3283302045989144e14   1.932515066871788e15    0.   3.597955489308279e13    3.0070992846111435e15   0.
34.672999999999995    1.0157156748394823e14   1.8474281547785835e15   0.   2.9551953141940652e13   2.4553664699749545e15   0.
34.76279999999999     7.88071925154528e13     1.8395171381173855e15   0.   2.5458193898129184e13   1.934783204830717e15    0.
34.852599999999995    6.393207172076467e13    1.9160717376124315e15   0.   2.3153665175214613e13   1.4610686463065698e15   0.
34.94239999999999     5.633838126624952e13    2.0843816739879485e15   0.   2.215628683228491e13    1.0499419515308055e15   0.
35.032199999999996    5.551507651439983e13    2.5295016595130295e15   0.   2.20076e13              9.535993063337292e14    0.
35.12199999999999     6.1824368275540516e13   3.3896099607692005e15   0.   2.20076e13              1.3618781469631575e15   0.
35.2118               7.457779975128634e13    4.330721207008336e15    0.   2.20076e13              1.8365065555886188e15   0.
35.30159999999999     9.274849801049495e13    5.336113516040482e15    0.   2.20076e13              2.361261559101342e15    0.
35.3914               1.1530959012202878e14   6.38906500567599e15     0.   2.20076e13              2.919920184392714e15    0.
35.481199999999994    1.4123420315474394e14   7.472853793724888e15    0.   2.20076e13              3.496259458353952e15    0.
35.57099999999999     1.694954641775018e14    8.570757997997455e15    0.   2.20076e13              4.074056407876404e15    0.
35.660799999999995    1.9906650025916453e14   9.666055736303972e15    0.   2.20076e13              4.637088059851419e15    0.
35.75059999999999     2.2892043846858706e14   1.0742025126454464e16   0.   2.20076e13              5.169131441170214e15    0.
35.840399999999995    2.5803040587463372e14   1.1781944286259288e16   0.   2.20076e13              5.653963578724179e15    0.
35.93019999999999     2.853695295461595e14    1.276909133352848e16    0.   2.20076e13              6.075361499404539e15    0.
36.019999999999996    3.0755772075639625e14   1.3615463002157516e16   0.   2.222941015433302e13    6.129437514691891e15    0.
36.10979999999999     3.167351162317708e14    1.4131410003359376e16   0.   2.8100320422352836e13   5.205680586369641e15    0.
36.1996               3.199625821951983e14    1.4563361259033654e16   0.   4.0273881010096945e13   4.377702692942034e15    0.
36.28939999999999     3.1702491441048406e14   1.491008662487067e16    0.   5.667210804399641e13    3.640525744031281e15    0.
36.3792               3.0788701204841644e14   1.5170355956560878e16   0.   7.543777117213144e13    2.9891716492593435e15   0.
36.468999999999994    2.926938776867694e14    1.5342939109794626e16   0.   9.493439356422161e13    2.4186623182484045e15   0.
36.55879999999999     2.7177061731029778e14   1.5426605940262338e16   0.   1.1374625191163567e14   1.9240196606204878e15   0.
36.648599999999995    2.4562244031073838e14   1.5420126303654394e16   0.   1.3067837642738703e14   1.500265585997642e15    0.
36.73839999999999     2.1493465948681744e14   1.5322270055661196e16   0.   1.447565508461298e14    1.1424220040020142e15   0.
36.828199999999995    1.8057269104423588e14   1.513180705197312e16    0.   1.5522731242416772e14   8.45510824255626e14     0.
36.91799999999999     1.435820545956879e14    1.4847507148280594e16   0.   1.6155795193944538e14   6.045539563806036e14    0.
37.007799999999996    1.079516922347957e14    1.4438029430308008e16   0.   1.6017175261076688e14   4.1657659063921994e14   0.
37.09759999999999     1.0204878646323677e14   1.3619271724687708e16   0.   1.2622324209476269e14   2.865103646981913e14    0.
37.1874               9.780535799849264e13    1.2721217557342866e16   0.   9.872407652605511e13    1.8460171625086806e14   0.
37.27719999999999     9.516608183189328e13    1.175941067980983e16    0.   7.683997721413411e13    1.1157931973801734e14   0.
37.36699999999999     9.407563295476767e13    1.074939484362474e16    0.   5.97918538488941e13     6.817184960038059e13    0.
37.456799999999994    9.447868635844523e13    9.706713800323722e15    0.   4.685580450064231e13    5.510798027870875e13    0.
37.54659999999999     9.631991703425527e13    8.646911301443143e15    0.   3.736311562009997e13    7.311638621375466e13    0.
37.636399999999995    9.954399997352738e13    7.58553109851905e15     0.   3.07002620383959e13     1.2292574184627203e14   0.
37.72619999999999     1.0409561016759039e14   6.538116943087819e15    0.   2.6308906967072742e13   2.0526472161700378e14   0.
37.815999999999995    1.0991942260777438e14   5.520212586685494e15    0.   2.368590199808253e13    3.208619999667138e14    0.
37.90579999999999     1.1696011228540772e14   4.547361780848443e15    0.   2.2383287103789625e13   4.704462513361346e14    0.
37.995599999999996    1.2516235419182092e14   3.635108277112725e15    0.   2.200829063696894e13    6.547461501660406e14    0.
38.08539999999999     1.8444083794696625e14   3.2138646550928515e15   0.   2.20076e13              9.074569811390906e14    0.
38.1752               2.3443030993162134e14   2.885616847630988e15    0.   2.20076e13              1.2185067331617972e15   0.
38.26499999999999     2.731149132521945e14    2.6231146170694065e15   0.   2.20076e13              1.591526079512993e15    0.
38.35479999999999     3.013932753210978e14    2.4206393200417885e15   0.   2.20076e13              2.0313980367860322e15   0.
38.444599999999994    3.2016402355073994e14   2.2724723131818345e15   0.   2.20076e13              2.54300562157429e15     0.
38.53439999999999     3.3032578535352556e14   2.1728949531232782e15   0.   2.20076e13              3.131231850471017e15    0.
38.624199999999995    3.327771881418641e14    2.1161885964998135e15   0.   2.20076e13              3.800959740069639e15    0.
38.71399999999999     3.284168593281628e14    2.096634599945159e15    0.   2.20076e13              4.557072306963383e15    0.
38.803799999999995    3.181434263248286e14    2.1085143200930208e15   0.   2.20076e13              5.404452567745701e15    0.
38.89359999999999     3.0285551654427106e14   2.146109113577108e15    0.   2.20076e13              6.347983539009787e15    0.
38.983399999999996    2.8345175739889525e14   2.2037003370311355e15   0.   2.20076e13              7.392548237349129e15    0.
39.07319999999999     2.3397136979123053e14   2.2056274963803185e15   0.   2.20076e13              6.622844935935075e15    0.
39.163                1.876855260460295e14    2.2035739312510905e15   0.   2.20076e13              5.545352881358178e15    0.
39.25279999999999     1.50661539045434e14     2.2119370563449665e15   0.   2.20076e13              4.590725552059268e15    0.
39.34259999999999     1.2163924061699373e14   2.2291721049435892e15   0.   2.20076e13              3.751698850792281e15    0.
39.432399999999994    9.944604334972336e13    2.253734310328603e15    0.   2.20076e13              3.0210086803111995e15   0.
39.52219999999999     8.299694059410502e13    2.284078905781648e15    0.   2.20076e13              2.39139094337017e15     0.
39.611999999999995    7.129450646207714e13    2.3186611245843705e15   0.   2.20076e13              1.8555815427231228e15   0.
39.70179999999999     6.342889582704518e13    2.355936200018409e15    0.   2.20076e13              1.406316381124175e15    0.
39.791599999999995    5.857784432387389e13    2.3943593653654115e15   0.   2.20076e13              1.0363313613272865e15   0.
39.88139999999999     5.600666834889265e13    2.432385853907015e15    0.   2.20076e13              7.383623860865466e14    0.
39.971199999999996    5.5068265059892016e13   2.4684708989248685e15   0.   2.20076e13              5.0514535815593925e14   0.
40.06099999999999     5.501900000000001e13    2.4729839046562015e15   0.   2.20076e13              3.3844210643596244e14   0.
40.1508               5.501900000000001e13    2.4605312397645415e15   0.   2.20076e13              2.1711116030048716e14   0.
40.24059999999999     5.501900000000001e13    2.444874785665449e15    0.   2.20076e13              1.3168099484389255e14   0.
40.33039999999999     5.501900000000001e13    2.4264777432236635e15   0.   2.20076e13              7.913608497452217e13    0.
40.420199999999994    5.501900000000001e13    2.405803313303922e15    0.   2.20076e13              5.6460905600730016e13   0.
40.50999999999999     5.501900000000001e13    2.3833146967709675e15   0.   2.20076e13              6.06399316308741e13     0.
40.599799999999995    5.501900000000001e13    2.3594750944895355e15   0.   2.20076e13              8.865763797330925e13    0.
40.68959999999999     5.501900000000001e13    2.33474770732437e15     0.   2.20076e13              1.3749849953638552e14   0.
40.779399999999995    5.501900000000001e13    2.309595736140206e15    0.   2.20076e13              2.0414699122846478e14   0.
40.86919999999999     5.501900000000001e13    2.284482381801787e15    0.   2.20076e13              2.855875879578909e14    0.
40.958999999999996    5.501900000000001e13    2.259870845173849e15    0.   2.20076e13              3.788047646330309e14    0.
41.04879999999999     5.501900000000001e13    2.1086205097625448e15   0.   2.20076e13              4.768074690517645e14    0.
41.1386               5.501900000000001e13    1.8577037483013252e15   0.   2.20076e13              5.735750806492694e14    0.
41.22839999999999     5.501900000000001e13    1.6262554769915838e15   0.   2.20076e13              6.675183131148808e14    0.
41.31819999999999     5.501900000000001e13    1.4261272146795612e15   0.   2.20076e13              7.546344722077095e14    0.
41.407999999999994    5.501900000000001e13    1.269170480211508e15    0.   2.20076e13              8.309208636868644e14    0.
41.49779999999999     5.501900000000001e13    1.1672367924337098e15   0.   2.20076e13              8.923747933114364e14    0.
41.587599999999995    5.501900000000001e13    1.1321776701924128e15   0.   2.20076e13              9.349935668405375e14    0.
41.67739999999999     5.501900000000001e13    1.1758446323338835e15   0.   2.20076e13              9.547744900332641e14    0.
41.767199999999995    5.501900000000001e13    1.310089197704392e15    0.   2.20076e13              9.477148686487216e14    0.
41.85699999999999     5.501900000000001e13    1.5467628851501778e15   0.   2.20076e13              9.098120084460146e14    0.
41.946799999999996    5.501900000000001e13    1.897717213517541e15    0.   2.20076e13              8.370632151842391e14    0.
42.03659999999999     5.501900000000001e13    2.7756692086831115e15   0.   2.298136881155649e13    7.879236313331252e14    0.
42.1264               5.501900000000001e13    4.353992364849753e15    0.   3.258366277255117e13    8.161998330347564e14    0.
42.21619999999999     5.501900000000001e13    6.015077251659642e15    0.   5.005417379692621e13    8.424558655947278e14    0.
42.30599999999999     5.501900000000001e13    7.723123510426222e15    0.   7.267700231021823e13    8.663576312353395e14    0.
42.395799999999994    5.501900000000001e13    9.442330782462956e15    0.   9.80305503933135e13     8.875710321788916e14    0.
42.48559999999999     5.501900000000001e13    1.1136898709082892e16   0.   1.2398752178243997e14   9.057619706476786e14    0.
42.575399999999995    5.501900000000001e13    1.2771026931599622e16   0.   1.487149218691815e14    9.205963488640011e14    0.
42.66519999999999     5.501900000000001e13    1.4308915091326208e16   0.   1.7067405770046216e14   9.317400690501554e14    0.
42.754999999999995    5.501900000000001e13    1.5714762829576214e16   0.   1.8862053797856116e14   9.388590334284404e14    0.
42.84479999999999     5.501900000000001e13    1.6952769787662734e16   0.   2.0160427306109953e14   9.416191442211536e14    0.
42.934599999999996    5.501900000000001e13    1.798713560689929e16    0.   2.0896947496105106e14   9.396863036505935e14    0.
43.02439999999999     5.501900000000001e13    1.7779089458863656e16   0.   1.9713646918376838e14   9.260183307326256e14    0.
43.1142               5.501900000000001e13    1.5005076517367286e16   0.   1.535539310942868e14    8.894003450799509e14    0.
43.20399999999999     5.501900000000001e13    1.2557766074288268e16   0.   1.1835831133439766e14   8.486070926563818e14    0.
43.29379999999999     5.501900000000001e13    1.0417868761512288e16   0.   9.045097658100117e13    8.044996947534641e14    0.
43.383599999999994    5.501900000000001e13    8.566095210925107e15    0.   6.8806868924836836e13   7.579392726627414e14    0.
43.47339999999999     5.501900000000001e13    6.983156054412932e15    0.   5.2474505870486055e13   7.097869476757694e14    0.
43.563199999999995    5.501900000000001e13    5.649761923861409e15    0.   4.057598033636113e13    6.60903841084088e14     0.
43.65299999999999     5.501900000000001e13    4.546623451156653e15    0.   3.2306960654715887e13   6.121510741792531e14    0.
43.742799999999995    5.501900000000001e13    3.6544512681843965e15   0.   2.6936690571637867e13   5.64389768252805e14     0.
43.83259999999999     5.501900000000001e13    2.9539560068306835e15   0.   2.3807989247053863e13   5.1848104459629894e14   0.
43.922399999999996    5.501900000000001e13    2.425848298981306e15    0.   2.2337251254726254e13   4.752860245012758e14    0.
44.01219999999999     5.5025031543008445e13   2.050838776522253e15    0.   2.20076e13              4.3566582925929e14      0.
44.10199999999999     5.551873484691556e13    1.8096380713393812e15   0.   2.20076e13              4.004815801618862e14    0.
44.19179999999999     5.708571251567208e13    1.6829568153185918e15   0.   2.20076e13              3.705943985006099e14    0.
44.28159999999999     6.0170650598102555e13   1.6515056403458085e15   0.   2.20076e13              3.468654055670136e14    0.
44.371399999999994    6.527996463319246e13    1.6959951783069302e15   0.   2.20076e13              3.301557226526419e14    0.
44.46119999999999     7.29817996500858e13     1.7971360610878535e15   0.   2.20076e13              3.2132647104904494e14   0.
44.550999999999995    8.390603016808862e13    1.9356389205744985e15   0.   2.20076e13              3.212387720477694e14    0.
44.64079999999999     9.874426019666398e13    2.092214388652747e15    0.   2.20076e13              3.307537469403633e14    0.
44.730599999999995    1.1824982323543894e14   2.2475730972085265e15   0.   2.20076e13              3.50732517018376e14     0.
44.82039999999999     1.4323778227419512e14   2.382425678127719e15    0.   2.20076e13              3.820362035733522e14    0.
44.910199999999996    1.7458492979288116e14   2.477482763296247e15    0.   2.20076e13              4.255259278968449e14    0.
44.99999999999999     2.1322978776159666e14   2.5134549846000005e15   0.   2.20076e13              4.82062811280395e14     0.
