0.1                   55184.87006924792    1.918197952734205e6    0.   0.   0.   0.
0.1396                45321.35029458351    1.5511473353561014e6   0.   0.   0.   0.
0.17920000000000003   35457.83051991911    1.1840967179779974e6   0.   0.   0.   0.
0.21880000000000002   25594.31074525471    817046.1005998938      0.   0.   0.   0.
0.2584                15730.790970590306   449995.4832217902      0.   0.   0.   0.
0.29800000000000004   5867.271195925897    82944.86584368629      0.   0.   0.   0.
0.3376                4923.763262282286    78109.07845606726      0.   0.   0.   0.
0.37720000000000004   4454.724043586587    92540.03734453773      0.   0.   0.   0.
0.41680000000000006   3985.6848248908886   106970.99623300822     0.   0.   0.   0.
0.45640000000000003   3516.6456061951912   121401.95512147868     0.   0.   0.   0.
0.49600000000000005   3047.606387499493    135832.91400994916     0.   0.   0.   0.
0.5356000000000001    3098.892620349455    155232.39091231534     0.   0.   0.   0.
0.5752                3208.6423870809504   175190.128265681       0.   0.   0.   0.
0.6148                3318.392153812446    195147.86561904667     0.   0.   0.   0.
0.6544000000000001    3428.141920543942    215105.6029724124      0.   0.   0.   0.
0.6940000000000001    3537.8916872754376   235063.34032577806     0.   0.   0.   0.
0.7336                3975.327163279618    255472.95823460532     0.   0.   0.   0.
0.7732000000000001    4471.2779445110655   275963.26909976505     0.   0.   0.   0.
0.8128000000000001    4967.228725742511    296453.5799649247      0.   0.   0.   0.
0.8524                5463.179506973957    316943.89083008433     0.   0.   0.   0.
0.8920000000000001    5959.130288205405    337434.20169524406     0.   0.   0.   0.
0.9316000000000001    6424.511066333902    351205.29933833383     0.   0.   0.   0.
0.9712000000000001    6882.1526031705125   363275.330342925       0.   0.   0.   0.
1.0108000000000001    7339.794140007125    375345.3613475161      0.   0.   0.   0.
1.0504                7797.435676843735    387415.3923521072      0.   0.   0.   0.
1.09                  8255.077213680346    399485.4233566983      0.   0.   0.   0.
1.1296000000000002    8798.496054845958    429544.9786591105      0.   0.   0.   0.
1.1692                9370.893715041633    465682.0759540295      0.   0.   0.   0.
1.2088                9943.291375237312    501819.17324894876     0.   0.   0.   0.
1.2484000000000002    10515.68903543299    537956.270543868       0.   0.   0.   0.
1.288                 11088.086695628666   574093.367838787       0.   0.   0.   0.
1.3276000000000001    11357.262186062551   622719.846963768       0.   0.   0.   0.
1.3672000000000002    11494.601950513046   676776.4921018193      0.   0.   0.   0.
1.4068                11631.941714963541   730833.1372398704      0.   0.   0.   0.
1.4464000000000001    11769.281479414036   784889.7823779217      0.   0.   0.   0.
1.4860000000000002    11906.62124386453    838946.4275159731      0.   0.   0.   0.
1.5256                12444.032151966485   922943.3533695575      0.   0.   0.   0.
1.5652000000000001    13200.231966752837   1.0233138702394501e6   0.   0.   0.   0.
1.6048000000000002    13956.431781539188   1.1236843871093427e6   0.   0.   0.   0.
1.6444                14712.631596325537   1.2240549039792346e6   0.   0.   0.   0.
1.6840000000000002    15468.831411111889   1.3244254208491272e6   0.   0.   0.   0.
1.7236000000000002    15489.426355429123   1.4683569332877416e6   0.   0.   0.   0.
1.7632                15011.306133326618   1.6418213240780307e6   0.   0.   0.   0.
1.8028000000000002    14533.18591122411    1.8152857148683206e6   0.   0.   0.   0.
1.8424                14055.065689121608   1.98875010565861e6     0.   0.   0.   0.
1.8820000000000001    13576.9454670191     2.1622144964489e6      0.   0.   0.   0.
1.9216000000000002    13522.066132451202   2.3541330544995354e6   0.   0.   0.   0.
1.9612                13819.887537495477   2.5614300852671247e6   0.   0.   0.   0.
2.0008000000000004    14117.708942539753   2.768727116034716e6    0.   0.   0.   0.
2.0404                14415.530347584025   2.976024146802304e6    0.   0.   0.   0.
2.08                  14713.351752628301   3.183321177569894e6    0.   0.   0.   0.
2.1196                15011.496599303819   3.4531215725853043e6   0.   0.   0.   0.
2.1592000000000002    15309.9714884602     3.7867009107107352e6   0.   0.   0.   0.
2.1988000000000003    15608.44637761658    4.1202802488361658e6   0.   0.   0.   0.
2.2384000000000004    15906.921266772959   4.453859586961596e6    0.   0.   0.   0.
2.278                 16205.396155929337   4.7874389250870235e6   0.   0.   0.   0.
2.3176                16609.578513422286   5.13482631934043e6     0.   0.   0.   0.
2.3572                17145.895206335954   5.499473783753809e6    0.   0.   0.   0.
2.3968000000000003    17682.21189924962    5.864121248167188e6    0.   0.   0.   0.
2.4364000000000003    18218.528592163286   6.228768712580566e6    0.   0.   0.   0.
2.476                 18754.845285076946   6.593416176993941e6    0.   0.   0.   0.
2.5156                18978.296034933846   6.819723729917829e6    0.   0.   0.   0.
2.5552                18720.414564703384   6.833200649780955e6    0.   0.   0.   0.
2.5948                18462.533094472925   6.8466775696440805e6   0.   0.   0.   0.
2.6344000000000003    18204.651624242462   6.860154489507207e6    0.   0.   0.   0.
2.6740000000000004    17946.770154012003   6.873631409370332e6    0.   0.   0.   0.
2.7136                17693.672214561742   6.74285497816268e6     0.   0.   0.   0.
2.7532                17449.719260426573   6.336300081672654e6    0.   0.   0.   0.
2.7928                17205.766306291403   5.929745185182626e6    0.   0.   0.   0.
2.8324000000000003    16961.81335215623    5.5231902886926e6      0.   0.   0.   0.
2.8720000000000003    16717.86039802106    5.116635392202573e6    0.   0.   0.   0.
2.9116000000000004    16420.183197588085   4.690239801256309e6    0.   0.   0.   0.
2.9512                15992.826781953514   4.215952878863963e6    0.   0.   0.   0.
2.9908                15565.47036631894    3.7416659564716113e6   0.   0.   0.   0.
3.0304                15138.113950684365   3.2673790340792593e6   0.   0.   0.   0.
3.0700000000000003    14710.75753504979    2.7930921116869072e6   0.   0.   0.   0.
3.1096000000000004    14572.9073433649     2.3736406422512634e6   0.   0.   0.   0.
3.1492000000000004    15339.764101522738   2.1255499633053266e6   0.   0.   0.   0.
3.1888                16106.620859680568   1.877459284359393e6    0.   0.   0.   0.
3.2284                16873.477617838405   1.6293686054134562e6   0.   0.   0.   0.
3.2680000000000002    17640.334375996244   1.3812779264675195e6   0.   0.   0.   0.
3.3076000000000003    18137.149851718983   1.158764109562823e6    0.   0.   0.   0.
3.3472000000000004    17496.949401399208   1.0439423433580849e6   0.   0.   0.   0.
3.3868000000000005    16856.748951079433   929120.5771533466      0.   0.   0.   0.
3.4264                16216.548500759664   814298.8109486097      0.   0.   0.   0.
3.466                 15576.348050439889   699477.0447438715      0.   0.   0.   0.
3.5056000000000003    14970.02868802883    594482.6426181358      0.   0.   0.   0.
3.5452000000000004    14569.415930777857   549154.3795434886      0.   0.   0.   0.
3.5848000000000004    14168.803173526883   503826.11646884156     0.   0.   0.   0.
3.6244000000000005    13768.19041627591    458497.85339419445     0.   0.   0.   0.
3.664                 13367.57765902494    413169.5903195478      0.   0.   0.   0.
3.7036000000000002    12981.530018425654   369465.67077236157     0.   0.   0.   0.
3.7432000000000003    12741.133544343242   342005.1864997837      0.   0.   0.   0.
3.7828000000000004    12500.73707026083    314544.70222720585     0.   0.   0.   0.
3.8224000000000005    12260.340596178417   287084.217954628       0.   0.   0.   0.
3.862                 12019.944122096007   259623.73368205046     0.   0.   0.   0.
3.9016                11766.614928870878   232932.0834154809      0.   0.   0.   0.
3.9412000000000003    11206.133656006179   224500.24079161062     0.   0.   0.   0.
3.9808000000000003    10645.652383141478   216068.3981677403      0.   0.   0.   0.
4.0204                10085.171110276779   207636.55554386997     0.   0.   0.   0.
4.0600000000000005    9524.68983741208     199204.71291999967     0.   0.   0.   0.
4.099600000000001     8964.20856454738     190772.87029612935     0.   0.   0.   0.
4.139200000000001     9059.379803475927    181207.32876601422     0.   0.   0.   0.
4.178800000000001     9161.241374157451    171630.21887971295     0.   0.   0.   0.
4.2184                9263.102944838973    162053.1089934119      0.   0.   0.   0.
4.258                 9364.964515520496    152475.99910711063     0.   0.   0.   0.
4.2976                9466.82608620202     142898.8892208094      0.   0.   0.   0.
4.3372                8889.898433605678    139178.46384850895     0.   0.   0.   0.
4.3768                8269.17792789464     135835.889090015       0.   0.   0.   0.
4.4164                7648.457422183603    132493.31433152102     0.   0.   0.   0.
4.456                 7027.736916472565    129150.73957302705     0.   0.   0.   0.
4.4956000000000005    6407.016410761528    125808.16481453308     0.   0.   0.   0.
4.535200000000001     6595.248383990327    122741.79636559692     0.   0.   0.   0.
4.574800000000001     6884.599417086593    119709.95370535548     0.   0.   0.   0.
4.614400000000001     7173.95045018286     116678.11104511404     0.   0.   0.   0.
4.654000000000001     7463.301483279125    113646.2683848726      0.   0.   0.   0.
4.6936                7752.652516375385    110614.42572463122     0.   0.   0.   0.
4.7332                7143.692889502837    108623.56535932675     0.   0.   0.   0.
4.7728                6361.564942636294    106833.37627979327     0.   0.   0.   0.
4.8124                5579.436995769753    105043.1872002598      0.   0.   0.   0.
4.852                 4797.309048903211    103252.99812072632     0.   0.   0.   0.
4.8916                4015.1811020366695   101462.80904119283     0.   0.   0.   0.
4.9312000000000005    4298.951750931702    99134.50066258428      0.   0.   0.   0.
4.9708000000000006    4869.695098685618    96661.31401114783      0.   0.   0.   0.
5.010400000000001     5440.438446439534    94188.12735971136      0.   0.   0.   0.
5.050000000000001     6011.18179419345     91714.94070827491      0.   0.   0.   0.
5.089600000000001     6581.925141947366    89241.75405683846      0.   0.   0.   0.
5.1292                6401.531546193016    87171.0932552182       0.   0.   0.   0.
5.1688                5953.609723983694    85243.7978247653       0.   0.   0.   0.
5.2084                5505.687901774371    83316.50239431238      0.   0.   0.   0.
5.248                 5057.766079565049    81389.20696385947      0.   0.   0.   0.
5.2876                4609.844257355728    79461.91153340656      0.   0.   0.   0.
5.3272                4459.766167753155    77746.92155296942      0.   0.   0.   0.
5.3668000000000005    4445.469779780124    76128.7178806277       0.   0.   0.   0.
5.4064000000000005    4431.173391807091    74510.51420828597      0.   0.   0.   0.
5.446000000000001     4416.877003834059    72892.31053594424      0.   0.   0.   0.
5.485600000000001     4402.580615861027    71274.10686360252      0.   0.   0.   0.
5.525200000000001     4399.431620674086    70063.02436257515      0.   0.   0.   0.
5.564800000000001     4402.652564222054    69084.58253087026      0.   0.   0.   0.
5.6044                4405.873507770022    68106.1406991654       0.   0.   0.   0.
5.644                 4409.094451317989    67127.69886746051      0.   0.   0.   0.
5.6836                4412.315394865957    66149.25703575563      0.   0.   0.   0.
5.7232                4411.0090308150675   65511.803302462315     0.   0.   0.   0.
5.7628                4406.502328633951    65115.39288011512      0.   0.   0.   0.
5.8024000000000004    4401.995626452834    64718.98245776793      0.   0.   0.   0.
5.8420000000000005    4397.488924271716    64322.572035420744     0.   0.   0.   0.
5.881600000000001     4392.9822220906      63926.16161307355      0.   0.   0.   0.
5.921200000000001     4340.089381710098    62450.48455101481      0.   0.   0.   0.
5.960800000000001     4245.201025156545    60038.085499772475     0.   0.   0.   0.
6.000400000000001     4150.312668602994    57625.68644853014      0.   0.   0.   0.
6.040000000000001     4055.424312049441    55213.287397287815     0.   0.   0.   0.
6.0796                3960.5359554958914   52800.88834604554      0.   0.   0.   0.
6.1192                3912.9327315114306   51763.45104153085      0.   0.   0.   0.
6.1588                3915.5699608816267   52186.91059291419      0.   0.   0.   0.
6.1984                3918.2071902518232   52610.37014429753      0.   0.   0.   0.
6.238                 3920.8444196220194   53033.82969568087      0.   0.   0.   0.
6.2776000000000005    3923.481648992216    53457.28924706422      0.   0.   0.   0.
6.317200000000001     3873.5287550705084   53253.90080392291      0.   0.   0.   0.
6.356800000000001     3755.0863982570254   52234.15218186583      0.   0.   0.   0.
6.396400000000001     3636.644041443542    51214.40355980876      0.   0.   0.   0.
6.436000000000001     3518.201684630059    50194.654937751686     0.   0.   0.   0.
6.475600000000001     3399.7593278165755   49174.906315694614     0.   0.   0.   0.
6.5152                3385.2911012621507   48640.8020243703       0.   0.   0.   0.
6.5548                3537.7287153867323   48886.284685011655     0.   0.   0.   0.
6.5944                3690.1663295113135   49131.76734565302      0.   0.   0.   0.
6.634                 3842.603943635895    49377.25000629438      0.   0.   0.   0.
6.6736                3995.0415577604767   49622.73266693574      0.   0.   0.   0.
6.7132000000000005    4044.753060398284    49208.646348576694     0.   0.   0.   0.
6.752800000000001     3889.0123400625503   47475.42207221688      0.   0.   0.   0.
6.792400000000001     3733.2716197268164   45742.19779585707      0.   0.   0.   0.
6.832000000000001     3577.5308993910826   44008.97351949726      0.   0.   0.   0.
6.871600000000001     3421.7901790553487   42275.749243137456     0.   0.   0.   0.
6.911200000000001     3293.0420350614927   40818.18252557726      0.   0.   0.   0.
6.950800000000001     3232.7393525059656   40059.60461783034      0.   0.   0.   0.
6.9904                3172.43666995044     39301.02671008344      0.   0.   0.   0.
7.03                  3112.1339873949128   38542.44880233652      0.   0.   0.   0.
7.0696                3051.8313048393857   37783.8708945896       0.   0.   0.   0.
7.1092                3021.2400790066677   37636.79168723004      0.   0.   0.   0.
7.1488000000000005    3088.8258406058308   39510.31688115025      0.   0.   0.   0.
7.188400000000001     3156.4116022049934   41383.84207507045      0.   0.   0.   0.
7.228000000000001     3223.9973638041565   43257.36726899067      0.   0.   0.   0.
7.267600000000001     3291.583125403319    45130.89246291087      0.   0.   0.   0.
7.307200000000001     3349.4533579067      46603.52002461928      0.   0.   0.   0.
7.346800000000001     3363.603709479071    46272.10824137489      0.   0.   0.   0.
7.386400000000001     3377.7540610514416   45940.69645813049      0.   0.   0.   0.
7.426000000000001     3391.904412623812    45609.284674886105     0.   0.   0.   0.
7.4656                3406.054764196182    45277.87289164172      0.   0.   0.   0.
7.5052                3410.291089583352    44902.890553216406     0.   0.   0.   0.
7.5448                3348.9423186684276   44239.67223436349      0.   0.   0.   0.
7.5844000000000005    3287.5935477535036   43576.453915510574     0.   0.   0.   0.
7.6240000000000006    3226.2447768385796   42913.23559665766      0.   0.   0.   0.
7.663600000000001     3164.8960059236556   42250.01727780474      0.   0.   0.   0.
7.703200000000001     3105.9563520977194   41573.130128058445     0.   0.   0.   0.
7.742800000000001     3074.4204051590195   40740.760026899916     0.   0.   0.   0.
7.782400000000001     3042.884458220319    39908.389925741394     0.   0.   0.   0.
7.822000000000001     3011.348511281619    39076.019824582865     0.   0.   0.   0.
7.861600000000001     2979.8125643429184   38243.64972342434      0.   0.   0.   0.
7.9012                2949.8835471892353   37430.95624004815      0.   0.   0.   0.
7.9408                2971.376283156083    37247.91452570602      0.   0.   0.   0.
7.9804                2992.8690191229302   37064.8728113639       0.   0.   0.   0.
8.020000000000001     3014.361755089778    36881.83109702177      0.   0.   0.   0.
8.059600000000001     3035.8544910566256   36698.78938267964      0.   0.   0.   0.
8.099200000000002     3057.347227023473    36515.74766833752      0.   0.   0.   0.
8.1388                3141.741521076485    36182.55986585713      0.   0.   0.   0.
8.1784                3227.43275447148     35846.276267745016     0.   0.   0.   0.
8.218                 3313.1239878664755   35509.992669632906     0.   0.   0.   0.
8.2576                3398.815221261471    35173.70907152079      0.   0.   0.   0.
8.2972                3484.5064546564663   34837.42547340868      0.   0.   0.   0.
8.3368                3406.8548752147576   33808.39568303464      0.   0.   0.   0.
8.3764                3316.7750382746012   32726.65694324937      0.   0.   0.   0.
8.416                 3226.6952013344453   31644.918203464094     0.   0.   0.   0.
8.4556                3136.615364394289    30563.17946367882      0.   0.   0.   0.
8.4952                3046.5355274541325   29481.440723893546     0.   0.   0.   0.
8.5348                2899.1488396604177   30179.07065803601      0.   0.   0.   0.
8.5744                2743.857758645523    31122.130754099508     0.   0.   0.   0.
8.614                 2588.5666776306284   32065.190850163006     0.   0.   0.   0.
8.6536                2433.275596615734    33008.25094622651      0.   0.   0.   0.
8.693200000000001     2277.984515600839    33951.311042290006     0.   0.   0.   0.
8.732800000000001     2484.3994200877305   34689.760766244486     0.   0.   0.   0.
8.772400000000001     2765.8021508371653   35385.79126671297      0.   0.   0.   0.
8.812000000000001     3047.2048815866005   36081.82176718145      0.   0.   0.   0.
8.851600000000001     3328.6076123360353   36777.85226764993      0.   0.   0.   0.
8.891200000000001     3610.01034308547     37473.882768118405     0.   0.   0.   0.
8.930800000000001     3575.950073416645    35960.64906291386      0.   0.   0.   0.
8.970400000000001     3451.757517914044    33816.19701323139      0.   0.   0.   0.
9.010000000000002     3327.564962411443    31671.744963548914     0.   0.   0.   0.
9.0496                3203.3724069088476   29527.29291386654      0.   0.   0.   0.
9.0892                3079.1798514062466   27382.84086418407      0.   0.   0.   0.
9.1288                3065.567814813296    26708.676842692188     0.   0.   0.   0.
9.1684                3093.423472811463    26585.870831771754     0.   0.   0.   0.
9.208                 3121.27913080963     26463.06482085132      0.   0.   0.   0.
9.2476                3149.134788807796    26340.25880993089      0.   0.   0.   0.
9.2872                3176.990446805963    26217.452799010454     0.   0.   0.   0.
9.3268                3137.0033650740415   26797.31735778587      0.   0.   0.   0.
9.3664                3064.6137807844643   27712.785770744387     0.   0.   0.   0.
9.406                 2992.2241964948876   28628.25418370291      0.   0.   0.   0.
9.4456                2919.8346122053103   29543.722596661428     0.   0.   0.   0.
9.4852                2847.445027915733    30459.19100961995      0.   0.   0.   0.
9.5248                2753.990646900464    30991.132826494457     0.   0.   0.   0.
9.564400000000001     2647.9653388069605   31294.195868286588     0.   0.   0.   0.
9.604000000000001     2541.9400307134574   31597.258910078723     0.   0.   0.   0.
9.643600000000001     2435.914722619954    31900.321951870854     0.   0.   0.   0.
9.683200000000001     2329.8894145264503   32203.38499366299      0.   0.   0.   0.
9.722800000000001     2367.983860523821    31810.207060454406     0.   0.   0.   0.
9.762400000000001     2512.2718095355185   30904.009461455833     0.   0.   0.   0.
9.802000000000001     2656.5597585472165   29997.811862457256     0.   0.   0.   0.
9.841600000000001     2800.847707558914    29091.61426345868      0.   0.   0.   0.
9.881200000000002     2945.135656570612    28185.416664460106     0.   0.   0.   0.
9.920800000000002     3001.1409525673207   27377.048918028147     0.   0.   0.   0.
9.960400000000002     2977.3523121851067   26657.104307569858     0.   0.   0.   0.
10.                   2953.5636718028936   25937.159697111598     0.   0.   0.   0.
10.0396               2929.7750314206796   25217.215086653305     0.   0.   0.   0.
10.0792               2905.9863910384656   24497.27047619501      0.   0.   0.   0.
10.1188               2810.853478976227    24685.29729625912      0.   0.   0.   0.
10.1584               2636.786479097796    25877.88825222029      0.   0.   0.   0.
10.198                2462.7194792193645   27070.479208181463     0.   0.   0.   0.
10.2376               2288.6524793409335   28263.07016414264      0.   0.   0.   0.
10.2772               2114.585479462502    29455.66112010381      0.   0.   0.   0.
10.3168               2117.733183135907    30225.93539865325      0.   0.   0.   0.
10.3564               2361.386555915378    30423.06561500105      0.   0.   0.   0.
10.396                2605.0399286948486   30620.195831348854     0.   0.   0.   0.
10.4356               2848.6933014743195   30817.326047696653     0.   0.   0.   0.
10.475200000000001    3092.3466742537908   31014.456264044453     0.   0.   0.   0.
10.514800000000001    3212.226648911578    30859.291863397215     0.   0.   0.   0.
10.554400000000001    3124.7025510411618   30113.795942379988     0.   0.   0.   0.
10.594000000000001    3037.178453170746    29368.300021362757     0.   0.   0.   0.
10.633600000000001    2949.6543553003294   28622.80410034553      0.   0.   0.   0.
10.673200000000001    2862.1302574299134   27877.308179328298     0.   0.   0.   0.
10.712800000000001    2778.305622920397    27054.00946246793      0.   0.   0.   0.
10.752400000000002    2702.2267398227646   26067.811141811        0.   0.   0.   0.
10.792000000000002    2626.147856725132    25081.612821154064     0.   0.   0.   0.
10.831600000000002    2550.0689736274994   24095.414500497132     0.   0.   0.   0.
10.871200000000002    2473.9900905298673   23109.216179840198     0.   0.   0.   0.
10.9108               2414.3820025680575   22789.170867507106     0.   0.   0.   0.
10.9504               2398.696034968432    24245.533577370836     0.   0.   0.   0.
10.99                 2383.010067368806    25701.896287234562     0.   0.   0.   0.
11.0296               2367.3240997691805   27158.25899709829      0.   0.   0.   0.
11.0692               2351.638132169555    28614.621706962018     0.   0.   0.   0.
11.1088               2352.735099916897    29565.160635812223     0.   0.   0.   0.
11.1484               2412.5723413786204   28745.31633111529      0.   0.   0.   0.
11.188                2472.4095828403433   27925.472026418356     0.   0.   0.   0.
11.2276               2532.2468243020667   27105.627721721423     0.   0.   0.   0.
11.2672               2592.0840657637896   26285.783417024493     0.   0.   0.   0.
11.3068               2607.0526665107427   25559.335389843316     0.   0.   0.   0.
11.346400000000001    2405.5960591041026   25283.38705420872      0.   0.   0.   0.
11.386000000000001    2204.139451697463    25007.438718574125     0.   0.   0.   0.
11.425600000000001    2002.682844290823    24731.49038293953      0.   0.   0.   0.
11.465200000000001    1801.226236884183    24455.542047304938     0.   0.   0.   0.
11.504800000000001    1635.3917740090503   24224.001745361133     0.   0.   0.   0.
11.544400000000001    1727.8178589872698   24314.419687675476     0.   0.   0.   0.
11.584000000000001    1820.2439439654893   24404.83762998982      0.   0.   0.   0.
11.623600000000001    1912.6700289437088   24495.255572304162     0.   0.   0.   0.
11.663200000000002    2005.0961139219282   24585.673514618506     0.   0.   0.   0.
11.702800000000002    2093.316132773037    24706.99549102498      0.   0.   0.   0.
11.742400000000002    2126.256425382137    25234.484772642278     0.   0.   0.   0.
11.782000000000002    2159.1967179912367   25761.974054259575     0.   0.   0.   0.
11.8216               2192.137010600335    26289.46333587685      0.   0.   0.   0.
11.8612               2225.077303209435    26816.952617494146     0.   0.   0.   0.
11.9008               2256.1579729055074   27330.420038833716     0.   0.   0.   0.
11.9404               2197.0469313197445   27163.827236703397     0.   0.   0.   0.
11.98                 2137.9358897339816   26997.234434573078     0.   0.   0.   0.
12.0196               2078.8248481482187   26830.64163244276      0.   0.   0.   0.
12.0592               2019.7138065624558   26664.04883031244      0.   0.   0.   0.
12.0988               1960.602764976693    26497.45602818212      0.   0.   0.   0.
12.1384               2041.9097997705728   26673.884092467106     0.   0.   0.   0.
12.178                2127.6048994513126   26861.031558827563     0.   0.   0.   0.
12.217600000000001    2213.2999991320526   27048.179025188016     0.   0.   0.   0.
12.257200000000001    2298.9950988127925   27235.32649154847      0.   0.   0.   0.
12.296800000000001    2384.6901984935325   27422.473957908922     0.   0.   0.   0.
12.336400000000001    2342.2193333954206   27076.91840044259      0.   0.   0.   0.
12.376000000000001    2288.4811307343343   26684.53180791457      0.   0.   0.   0.
12.415600000000001    2234.7429280732476   26292.145215386547     0.   0.   0.   0.
12.455200000000001    2181.0047254121614   25899.758622858524     0.   0.   0.   0.
12.494800000000001    2127.2665227510747   25507.3720303305       0.   0.   0.   0.
12.534400000000002    2052.208109123548    25663.39810116432      0.   0.   0.   0.
12.574000000000002    1973.9268729080725   25902.32376064583      0.   0.   0.   0.
12.613600000000002    1895.6456366925968   26141.24942012734      0.   0.   0.   0.
12.653200000000002    1817.3644004771209   26380.17507960885      0.   0.   0.   0.
12.692800000000002    1739.0831642616452   26619.10073909036      0.   0.   0.   0.
12.7324               1770.7572330049813   26633.43568124019      0.   0.   0.   0.
12.772                1826.8658139613865   26597.86157509409      0.   0.   0.   0.
12.8116               1882.9743949177916   26562.287468947994     0.   0.   0.   0.
12.8512               1939.0829758741968   26526.713362801896     0.   0.   0.   0.
12.8908               1995.191556830602    26491.1392566558       0.   0.   0.   0.
12.9304               1976.2041512262613   26895.10215783888      0.   0.   0.   0.
12.97                 1934.4903286364322   27432.082837555787     0.   0.   0.   0.
13.0096               1892.776506046603    27969.063517272694     0.   0.   0.   0.
13.0492               1851.0626834567738   28506.044196989602     0.   0.   0.   0.
13.0888               1809.3488608669447   29043.02487670651      0.   0.   0.   0.
13.128400000000001    1765.000055332877    28605.89262280183      0.   0.   0.   0.
13.168000000000001    1719.612101595448    27784.603155637993     0.   0.   0.   0.
13.207600000000001    1674.2241478580188   26963.313688474158     0.   0.   0.   0.
13.247200000000001    1628.8361941205899   26142.024221310323     0.   0.   0.   0.
13.286800000000001    1583.4482403831607   25320.734754146488     0.   0.   0.   0.
13.326400000000001    1554.8583316941886   25708.974930857974     0.   0.   0.   0.
13.366000000000001    1534.6674455294444   26701.97992950708      0.   0.   0.   0.
13.405600000000002    1514.4765593647      27694.984928156187     0.   0.   0.   0.
13.445200000000002    1494.285673199956    28687.98992680529      0.   0.   0.   0.
13.484800000000002    1474.0947870352118   29680.994925454397     0.   0.   0.   0.
13.524400000000002    1414.5383470249071   29770.254472630764     0.   0.   0.   0.
13.564000000000002    1330.4591029796677   29296.52505003733      0.   0.   0.   0.
13.603600000000002    1246.3798589344285   28822.795627443895     0.   0.   0.   0.
13.643200000000002    1162.300614889189    28349.066204850464     0.   0.   0.   0.
13.6828               1078.2213708439533   27875.33678225705      0.   0.   0.   0.
13.7224               1150.637624741035    27602.943346128086     0.   0.   0.   0.
13.762                1343.2200645581224   27485.147185320064     0.   0.   0.   0.
13.8016               1535.8025043752098   27367.351024512045     0.   0.   0.   0.
13.8412               1728.384944192297    27249.554863704027     0.   0.   0.   0.
13.8808               1920.9673840093844   27131.758702896004     0.   0.   0.   0.
13.9204               1970.2288550950936   27149.488585451876     0.   0.   0.   0.
13.96                 1884.600002668923    27294.772391173763     0.   0.   0.   0.
13.999600000000001    1798.9711502427522   27440.056196895646     0.   0.   0.   0.
14.039200000000001    1713.3422978165815   27585.34000261753      0.   0.   0.   0.
14.078800000000001    1627.7134453904107   27730.623808339413     0.   0.   0.   0.
14.118400000000001    1592.9892745323639   27686.649260601072     0.   0.   0.   0.
14.158000000000001    1616.9161498288856   27424.616175180337     0.   0.   0.   0.
14.197600000000001    1640.8430251254076   27162.583089759602     0.   0.   0.   0.
14.237200000000001    1664.7699004219294   26900.550004338864     0.   0.   0.   0.
14.276800000000001    1688.6967757184514   26638.51691891813      0.   0.   0.   0.
14.316400000000002    1669.3929946071582   26374.067283508684     0.   0.   0.   0.
14.356000000000002    1588.9336507726202   26106.199113968876     0.   0.   0.   0.
14.395600000000002    1508.4743069380822   25838.330944429064     0.   0.   0.   0.
14.435200000000002    1428.0149631035442   25570.462774889256     0.   0.   0.   0.
14.474800000000002    1347.5556192690062   25302.594605349448     0.   0.   0.   0.
14.514400000000002    1275.846290316535    25166.74743158129      0.   0.   0.   0.
14.554000000000002    1219.4494874076772   25261.93700041348      0.   0.   0.   0.
14.5936               1163.052684498822    25357.12656924566      0.   0.   0.   0.
14.6332               1106.655881589964    25452.31613807785      0.   0.   0.   0.
14.6728               1050.2590786811063   25547.505706910037     0.   0.   0.   0.
14.7124               1030.143387178699    25785.894244116724     0.   0.   0.   0.
14.752                1089.6120690839946   26338.39664743524      0.   0.   0.   0.
14.7916               1149.0807509892902   26890.899050753753     0.   0.   0.   0.
14.8312               1208.5494328945856   27443.401454072264     0.   0.   0.   0.
14.870800000000001    1268.0181147998812   27995.90385739078      0.   0.   0.   0.
14.910400000000001    1313.257443617718    28350.000964180286     0.   0.   0.   0.
14.950000000000001    1318.5451272284624   28147.03704609994      0.   0.   0.   0.
14.989600000000001    1323.8328108392066   27944.073128019598     0.   0.   0.   0.
15.029200000000001    1329.120494449951    27741.10920993925      0.   0.   0.   0.
15.068800000000001    1334.4081780606953   27538.145291858906     0.   0.   0.   0.
15.108400000000001    1329.4249667808133   27219.51745963994      0.   0.   0.   0.
15.148000000000001    1286.2927173357584   26471.28080347765      0.   0.   0.   0.
15.187600000000002    1243.1604678907036   25723.04414731536      0.   0.   0.   0.
15.227200000000002    1200.0282184456487   24974.80749115307      0.   0.   0.   0.
15.266800000000002    1156.8959690005938   24226.57083499078      0.   0.   0.   0.
15.306400000000002    1108.9749849515058   23605.91938257944      0.   0.   0.   0.
15.346000000000002    1036.2124401440021   23647.11617462603      0.   0.   0.   0.
15.385600000000002    963.4498953364985    23688.312966672616     0.   0.   0.   0.
15.425200000000002    890.6873505289948    23729.509758719207     0.   0.   0.   0.
15.464800000000002    817.924805721491     23770.706550765794     0.   0.   0.   0.
15.5044               752.3686887977998    23851.662295158476     0.   0.   0.   0.
15.544                744.4639949445731    24250.68965831989      0.   0.   0.   0.
15.5836               736.5593010913464    24649.7170214813       0.   0.   0.   0.
15.6232               728.6546072381196    25048.744384642712     0.   0.   0.   0.
15.6628               720.7499133848929    25447.771747804123     0.   0.   0.   0.
15.7024               720.9622457263622    25799.669637672498     0.   0.   0.   0.
15.742                846.9884840856346    25421.060691498704     0.   0.   0.   0.
15.781600000000001    973.014722444907     25042.45174532491      0.   0.   0.   0.
15.821200000000001    1099.0409608041793   24663.842799151116     0.   0.   0.   0.
15.860800000000001    1225.0671991634517   24285.233852977322     0.   0.   0.   0.
15.900400000000001    1348.5537649613987   23910.16967157065      0.   0.   0.   0.
15.940000000000001    1223.1524197499687   23882.492437341178     0.   0.   0.   0.
15.979600000000001    1097.7510745385387   23854.815203111706     0.   0.   0.   0.
16.0192               972.3497293271088    23827.13796888223      0.   0.   0.   0.
16.0588               846.9483841156788    23799.46073465276      0.   0.   0.   0.
16.0984               721.5470389042489    23771.783500423287     0.   0.   0.   0.
16.138                765.5392485707532    23258.793102831023     0.   0.   0.   0.
16.1776               816.6638184426433    22725.368466781383     0.   0.   0.   0.
16.217200000000002    867.7883883145334    22191.94383073174      0.   0.   0.   0.
16.256800000000002    918.9129581864236    21658.5191946821       0.   0.   0.   0.
16.296400000000002    970.0375280583138    21125.09455863246      0.   0.   0.   0.
16.336000000000002    985.1988884878176    21236.296239541025     0.   0.   0.   0.
16.375600000000002    996.7639279730843    21411.96055214539      0.   0.   0.   0.
16.415200000000002    1008.3289674583508   21587.624864749752     0.   0.   0.   0.
16.454800000000002    1019.8940069436175   21763.289177354116     0.   0.   0.   0.
16.494400000000002    1031.459046428884    21938.95348995848      0.   0.   0.   0.
16.534000000000002    967.4902712226049    22086.8912603665       0.   0.   0.   0.
16.573600000000003    891.0806324200679    22230.262306177483     0.   0.   0.   0.
16.613200000000003    814.670993617531     22373.63335198846      0.   0.   0.   0.
16.652800000000003    738.2613548149942    22517.00439779944      0.   0.   0.   0.
16.692400000000003    661.8517160124572    22660.37544361042      0.   0.   0.   0.
16.732000000000003    688.4057924142661    22222.82541186384      0.   0.   0.   0.
16.771600000000003    739.4137511771072    21647.306624197336     0.   0.   0.   0.
16.811200000000003    790.4217099399484    21071.787836530835     0.   0.   0.   0.
16.850800000000003    841.4296687027895    20496.269048864335     0.   0.   0.   0.
16.8904               892.437627465626     19920.750261197885     0.   0.   0.   0.
16.93                 826.3406283187643    19723.90432298784      0.   0.   0.   0.
16.9696               722.7700426407849    19648.233696603907     0.   0.   0.   0.
17.0092               619.1994569628056    19572.56307021997      0.   0.   0.   0.
17.0488               515.6288712848262    19496.892443836037     0.   0.   0.   0.
17.0884               412.0582856068469    19421.221817452104     0.   0.   0.   0.
17.128                393.9992452606467    19357.62457171392      0.   0.   0.   0.
17.1676               411.36641655190385   19299.02915510041      0.   0.   0.   0.
17.2072               428.73358784316105   19240.433738486896     0.   0.   0.   0.
17.2468               446.1007591344182    19181.83832187338      0.   0.   0.   0.
17.2864               463.4679304256753    19123.242905259867     0.   0.   0.   0.
17.326                485.299503491506     18630.610269652254     0.   0.   0.   0.
17.3656               509.4663021009598    17910.942781032336     0.   0.   0.   0.
17.4052               533.6331007104136    17191.275292412414     0.   0.   0.   0.
17.4448               557.7998993198673    16471.607803792496     0.   0.   0.   0.
17.4844               581.9666979293212    15751.940315172576     0.   0.   0.   0.
17.524                624.2191660351052    15547.447259314371     0.   0.   0.   0.
17.5636               678.2273193135072    15677.817584751378     0.   0.   0.   0.
17.6032               732.2354725919093    15808.187910188384     0.   0.   0.   0.
17.6428               786.2436258703113    15938.55823562539      0.   0.   0.   0.
17.6824               840.2517791487134    16068.928561062397     0.   0.   0.   0.
17.722                850.1328946581131    15797.245767954528     0.   0.   0.   0.
17.7616               824.7123799523052    15203.920480010705     0.   0.   0.   0.
17.8012               799.2918652464974    14610.595192066883     0.   0.   0.   0.
17.8408               773.8713505406896    14017.269904123063     0.   0.   0.   0.
17.8804               748.4508358348818    13423.94461617924      0.   0.   0.   0.
17.92                 743.5994962266157    13207.898761891718     0.   0.   0.   0.
17.959600000000002    758.9059482139413    13361.586752587387     0.   0.   0.   0.
17.999200000000002    774.212400201267     13515.274743283057     0.   0.   0.   0.
18.038800000000002    789.5188521885926    13668.962733978724     0.   0.   0.   0.
18.078400000000002    804.8253041759184    13822.650724674393     0.   0.   0.   0.
18.118000000000002    783.464759799269     14055.169958626326     0.   0.   0.   0.
18.157600000000002    718.1038197858526    14382.28668448577      0.   0.   0.   0.
18.197200000000002    652.7428797724361    14709.403410345214     0.   0.   0.   0.
18.236800000000002    587.3819397590197    15036.52013620466      0.   0.   0.   0.
18.276400000000002    522.0209997456033    15363.636862064104     0.   0.   0.   0.
18.316000000000003    484.1374494188489    15289.48488677602      0.   0.   0.   0.
18.355600000000003    486.78304887991374   14623.461577295437     0.   0.   0.   0.
18.395200000000003    489.4286483409786    13957.438267814856     0.   0.   0.   0.
18.434800000000003    492.07424780204343   13291.414958334273     0.   0.   0.   0.
18.474400000000003    494.71984726310825   12625.391648853692     0.   0.   0.   0.
18.514000000000003    515.0560660788426    12640.646054470435     0.   0.   0.   0.
18.553600000000003    567.740846000261     13901.665424836667     0.   0.   0.   0.
18.593200000000003    620.4256259216793    15162.6847952029       0.   0.   0.   0.
18.632800000000003    673.1104058430976    16423.704165569132     0.   0.   0.   0.
18.672400000000003    725.7951857645158    17684.723535935365     0.   0.   0.   0.
18.712000000000003    756.865738711432     18164.582594469346     0.   0.   0.   0.
18.7516               738.2235696169972    16847.772935789362     0.   0.   0.   0.
18.7912               719.5814005225608    15530.963277109262     0.   0.   0.   0.
18.8308               700.9392314281243    14214.153618429162     0.   0.   0.   0.
18.8704               682.2970623336879    12897.343959749061     0.   0.   0.   0.
18.91                 670.317854051936     11957.137389474743     0.   0.   0.   0.
18.9496               678.0610097757357    12131.67596088184      0.   0.   0.   0.
18.9892               685.8041654995352    12306.214532288934     0.   0.   0.   0.
19.0288               693.5473212233348    12480.753103696028     0.   0.   0.   0.
19.0684               701.2904769471345    12655.291675103123     0.   0.   0.   0.
19.108                701.4931331018888    12755.21302479951      0.   0.   0.   0.
19.1476               671.9108159589097    12560.396348738555     0.   0.   0.   0.
19.1872               642.3284988159306    12365.579672677599     0.   0.   0.   0.
19.2268               612.7461816729515    12170.762996616644     0.   0.   0.   0.
19.2664               583.1638645299723    11975.94632055569      0.   0.   0.   0.
19.306                553.7047073289995    11864.711991503626     0.   0.   0.   0.
19.3456               524.9352458032615    12221.53880570165      0.   0.   0.   0.
19.3852               496.16578427752364   12578.365619899676     0.   0.   0.   0.
19.4248               467.39632275178576   12935.192434097702     0.   0.   0.   0.
19.4644               438.6268612260479    13292.019248295728     0.   0.   0.   0.
19.504                419.97051677989595   13570.281749173631     0.   0.   0.   0.
19.5436               491.3209143421142    13149.321861502016     0.   0.   0.   0.
19.5832               562.6713119043324    12728.361973830402     0.   0.   0.   0.
19.6228               634.0217094665506    12307.402086158787     0.   0.   0.   0.
19.6624               705.3721070287688    11886.442198487173     0.   0.   0.   0.
19.702                769.2780871292845    11462.661068969499     0.   0.   0.   0.
19.741600000000002    693.2290189497073    10985.840592745877     0.   0.   0.   0.
19.781200000000002    617.1799507701303    10509.020116522253     0.   0.   0.   0.
19.820800000000002    541.1308825905533    10032.199640298631     0.   0.   0.   0.
19.860400000000002    465.08181441097616   9555.379164075008      0.   0.   0.   0.
19.9                  389.03274623140595   9078.55868785143       0.   0.   0.   0.
