0.1                   502.51959549527766    10285.488796686966     0.   0.   0.   0.
0.1396                659.346886239163      12192.50143582991      0.   0.   0.   0.
0.17920000000000003   1099.158229127067     17110.36903341026      0.   0.   0.   0.
0.21880000000000002   1759.6556158894107    24881.69274026648      0.   0.   0.   0.
0.2584                2578.541038256615     35349.073707237076     0.   0.   0.   0.
0.29800000000000004   3493.5164879591025    48355.11308516053      0.   0.   0.   0.
0.3376                4442.283956727292     63742.41202487531      0.   0.   0.   0.
0.37720000000000004   5362.545436291606     81353.57167721994      0.   0.   0.   0.
0.41680000000000006   6192.002918382465     101031.19319303287     0.   0.   0.   0.
0.45640000000000003   6868.358394730291     122617.87772315259     0.   0.   0.   0.
0.49600000000000005   7329.313857065505     145956.22641841762     0.   0.   0.   0.
0.5356000000000001    6808.006189941588     171673.94173529136     0.   0.   0.   0.
0.5752                6036.133700501826     198728.86976430312     0.   0.   0.   0.
0.6148                5223.504794081112     226660.40177772433     0.   0.   0.   0.
0.6544000000000001    4498.205635613051     255098.99265143662     0.   0.   0.   0.
0.6940000000000001    3988.322390031259     283675.0972613216      0.   0.   0.   0.
0.7336                4576.7780587397       310403.94759166124     0.   0.   0.   0.
0.7732000000000001    5592.691675917697     336625.6527599937      0.   0.   0.   0.
0.8128000000000001    6810.227204949817     362728.00116670167     0.   0.   0.   0.
0.8524                8142.130935974788     388802.238521444       0.   0.   0.   0.
0.8920000000000001    9501.14915913134      414939.6105338796      0.   0.   0.   0.
0.9316000000000001    10647.610694699166    441684.08807166445     0.   0.   0.   0.
0.9712000000000001    11643.938157140836    468682.3337029013      0.   0.   0.   0.
1.0108000000000001    12488.468243152827    495771.36420687963     0.   0.   0.   0.
1.0504                13140.026326251584    522905.5567287698      0.   0.   0.   0.
1.09                  13557.43777995355     550039.2884137427      0.   0.   0.   0.
1.1296000000000002    13086.94830511175     568654.3356102929      0.   0.   0.   0.
1.1692                12236.225063574504    586296.1164017456      0.   0.   0.   0.
1.2088                11372.242391829379    608564.1237984399      0.   0.   0.   0.
1.2484000000000002    10650.916396255938    638138.700521604       0.   0.   0.   0.
1.288                 10228.16318323374     677700.1892924667      0.   0.   0.   0.
1.3276000000000001    11449.70914124962     738283.1315252363      0.   0.   0.   0.
1.3672000000000002    13521.80804490513     815899.8591412514      0.   0.   0.   0.
1.4068                15665.57169759622     906667.0290341594      0.   0.   0.   0.
1.4464000000000001    17627.565140745464    1.0103907440709363e6   0.   0.   0.   0.
1.4860000000000002    19154.353415775397    1.1268771071185567e6   0.   0.   0.   0.
1.5256                18553.23231447522     1.242766668996149e6    0.   0.   0.   0.
1.5652000000000001    16557.936010476846    1.3668955501253896e6   0.   0.   0.   0.
1.6048000000000002    14243.73825540539     1.5112240654395872e6   0.   0.   0.   0.
1.6444                11889.622806542786    1.6804285575587573e6   0.   0.   0.   0.
1.6840000000000002    9774.573421170944     1.8791853691029167e6   0.   0.   0.   0.
1.7236000000000002    9234.451897168185     2.12946728298979e6     0.   0.   0.   0.
1.7632                9961.245206847278     2.426344088901233e6    0.   0.   0.   0.
1.8028000000000002    11088.904421740484    2.755752985746021e6    0.   0.   0.   0.
1.8424                12473.37537772389     3.115447047923801e6    0.   0.   0.   0.
1.8820000000000001    13970.603910673603    3.503179349834227e6    0.   0.   0.   0.
1.9216000000000002    15118.151805915748    3.9565140421485077e6   0.   0.   0.   0.
1.9612                15899.84756180877     4.457213616757208e6    0.   0.   0.   0.
2.0008000000000004    16576.835409591393    4.952364714879587e6    0.   0.   0.   0.
2.0404                17143.982778095284    5.42234950893898e6     0.   0.   0.   0.
2.08                  17596.15709615215     5.847550171358747e6    0.   0.   0.   0.
2.1196                17885.917003010323    6.175309988314558e6    0.   0.   0.   0.
2.1592000000000002    18017.33229379044     6.3931972497250615e6   0.   0.   0.   0.
2.1988000000000003    18048.727540003103    6.531147739431404e6    0.   0.   0.   0.
2.2384000000000004    17995.272340879095    6.585397571910156e6    0.   0.   0.   0.
2.278                 17872.136295649194    6.552182861637894e6    0.   0.   0.   0.
2.3176                17667.331754694456    6.389035297565192e6    0.   0.   0.   0.
2.3572                17395.825922041964    6.091902541161773e6    0.   0.   0.   0.
2.3968000000000003    17121.07118912131     5.725833190274175e6    0.   0.   0.   0.
2.4364000000000003    16872.72241157163     5.307707701189288e6    0.   0.   0.   0.
2.476                 16680.43444503205     4.854406530194002e6    0.   0.   0.   0.
2.5156                16816.875364756816    4.396308758508503e6    0.   0.   0.   0.
2.5552                17381.91274604863     3.954194939582247e6    0.   0.   0.   0.
2.5948                17888.469922513632    3.516242708439193e6    0.   0.   0.   0.
2.6344000000000003    18220.208614336796    3.0912230589203e6      0.   0.   0.   0.
2.6740000000000004    18260.790541703085    2.687906984866524e6    0.   0.   0.   0.
2.7136                17468.047843881428    2.3311936304586977e6   0.   0.   0.   0.
2.7532                15448.056656858167    2.0403674489937928e6   0.   0.   0.   0.
2.7928                13181.537304558016    1.7826487133536912e6   0.   0.   0.   0.
2.8324000000000003    10845.164292307927    1.5557106579420923e6   0.   0.   0.   0.
2.8720000000000003    8615.612125434845     1.3572265171626948e6   0.   0.   0.   0.
2.9116000000000004    6899.731686502452     1.185435764969597e6    0.   0.   0.   0.
2.9512                6136.242355907069     1.0386562726055385e6   0.   0.   0.   0.
2.9908                5769.814721772084     912760.5268304179      0.   0.   0.   0.
3.0304                5791.666384542845     804965.533499642       0.   0.   0.   0.
3.0700000000000003    6193.014944664686     712488.2984686161      0.   0.   0.   0.
3.1096000000000004    7127.97660534139      630399.6472972236      0.   0.   0.   0.
3.1492000000000004    8885.217669128686     551997.7152515097      0.   0.   0.   0.
3.1888                10798.776919506008    483157.80361558904     0.   0.   0.   0.
3.2284                12701.44659352356     423184.163853311       0.   0.   0.   0.
3.2680000000000002    14426.018928231479    371381.04742852773     0.   0.   0.   0.
3.3076000000000003    15602.431307241715    326876.148672002       0.   0.   0.   0.
3.3472000000000004    15480.652550864914    288466.4517586226      0.   0.   0.   0.
3.3868000000000005    14975.92522862519     256398.33166653317     0.   0.   0.   0.
3.4264                14170.028307804298    230192.74842002508     0.   0.   0.   0.
3.466                 13144.740755683963    209370.66204338876     0.   0.   0.   0.
3.5056000000000003    11965.740240420833    193790.8172617103      0.   0.   0.   0.
3.5452000000000004    10639.690241851271    184550.00113377307     0.   0.   0.   0.
3.5848000000000004    9370.180324685978     178613.74285269916     0.   0.   0.   0.
3.6244000000000005    8265.792883418979     174940.70075700688     0.   0.   0.   0.
3.664                 7435.110312544312     172489.5331852147      0.   0.   0.   0.
3.7036000000000002    7114.860051622444     169660.13672500095     0.   0.   0.   0.
3.7432000000000003    8495.66021463095      160693.07723790637     0.   0.   0.   0.
3.7828000000000004    10114.081717393963    151401.58856091363     0.   0.   0.   0.
3.8224000000000005    11747.028799795595    142190.5735306339      0.   0.   0.   0.
3.862                 13171.405701719941    133464.93498367845     0.   0.   0.   0.
3.9016                14093.278668422836    125758.47896590992     0.   0.   0.   0.
3.9412000000000003    12755.282357202377    122268.00373800372     0.   0.   0.   0.
3.9808000000000003    10968.523055750671    119696.79447214163     0.   0.   0.   0.
4.0204                8922.33561160983      117699.25804299072     0.   0.   0.   0.
4.0600000000000005    6806.054872321965     115929.80132521813     0.   0.   0.   0.
4.099600000000001     4809.015685429192     114042.83119349096     0.   0.   0.   0.
4.139200000000001     4037.653148701995     108831.143273651       0.   0.   0.   0.
4.178800000000001     3549.5915280907097    103480.40040708352     0.   0.   0.   0.
4.2184                3297.802147158043     98382.5302780543       0.   0.   0.   0.
4.258                 3244.98832208093      93899.0940110863       0.   0.   0.   0.
4.2976                3353.8533690363247    90391.6527307028       0.   0.   0.   0.
4.3372                3609.0876908307832    92641.17197397925      0.   0.   0.   0.
4.3768                3947.519431801248     95808.30332559803      0.   0.   0.   0.
4.4164                4324.679907315802     98813.03574750078      0.   0.   0.   0.
4.456                 4697.569576697712     100870.65613662133     0.   0.   0.   0.
4.4956000000000005    5023.188899270246     101196.45138989364     0.   0.   0.   0.
4.535200000000001     4884.315006944003     91980.66781599144      0.   0.   0.   0.
4.574800000000001     4654.761996449353     80263.15188906687      0.   0.   0.   0.
4.614400000000001     4441.97538510452      68083.39349207506      0.   0.   0.   0.
4.654000000000001     4305.150827050677     56575.120567527265     0.   0.   0.   0.
4.6936                4303.4839764290045    46872.06105793487      0.   0.   0.   0.
4.7332                5037.7583230676655    46946.97177981214      0.   0.   0.   0.
4.7728                6001.828244764045     50794.59959483285      0.   0.   0.   0.
4.8124                6991.380143811869     56221.146856485626     0.   0.   0.   0.
4.852                 7909.351396561536     62387.15303590905      0.   0.   0.   0.
4.8916                8658.679379363444     68453.1576042417       0.   0.   0.   0.
4.9312000000000005    8610.03546083181      69938.07615616384      0.   0.   0.   0.
4.9708000000000006    8180.329983714877     69518.91586709059      0.   0.   0.   0.
5.010400000000001     7581.99160548083      68473.674062867        0.   0.   0.   0.
5.050000000000001     6880.831294221117     67077.22844384033      0.   0.   0.   0.
5.089600000000001     6142.660018027182     65604.45671035789      0.   0.   0.   0.
5.1292                5568.358556514497     65943.37602164183      0.   0.   0.   0.
5.1688                5105.226335654536     66953.48011645152      0.   0.   0.   0.
5.2084                4726.026342573195     67798.37417634859      0.   0.   0.   0.
5.248                 4452.54349045152      68227.13249977122      0.   0.   0.   0.
5.2876                4306.562692470562     67988.82938515756      0.   0.   0.   0.
5.3272                4540.002067148847     64926.748524244795     0.   0.   0.   0.
5.3668000000000005    4995.840189984441     60270.70419940835      0.   0.   0.   0.
5.4064000000000005    5509.085919721431     55316.50990989245      0.   0.   0.   0.
5.446000000000001     6021.227945041084     50478.19306327412      0.   0.   0.   0.
5.485600000000001     6473.754954624659     46169.78106713038      0.   0.   0.   0.
5.525200000000001     6451.044548988701     44903.63263789731      0.   0.   0.   0.
5.564800000000001     6130.772195365859     45705.977020065104     0.   0.   0.   0.
5.6044                5794.838299102846     46990.633320055844     0.   0.   0.   0.
5.644                 5518.862742079414     48383.494128268314     0.   0.   0.   0.
5.6836                5378.465406175341     49510.45203510121      0.   0.   0.   0.
5.7232                5962.969713698961     48287.85702505352      0.   0.   0.   0.
5.7628                7077.421697475034     45242.038392962335     0.   0.   0.   0.
5.8024000000000004    8222.761275644461     41911.35342033773      0.   0.   0.   0.
5.8420000000000005    9265.541597831176     38617.44323372715      0.   0.   0.   0.
5.881600000000001     10072.315813659108    35681.94895967805      0.   0.   0.   0.
5.921200000000001     9916.474006418019     34519.923521615216     0.   0.   0.   0.
5.960800000000001     8882.580037810645     35051.13628777554      0.   0.   0.   0.
6.000400000000001     7617.037175899164     36159.685544140935     0.   0.   0.   0.
6.040000000000001     6249.98461408451      37681.329013325485     0.   0.   0.   0.
6.0796                4911.561545767647     39451.824417943215     0.   0.   0.   0.
6.1192                4099.238143166923     41106.60947947762      0.   0.   0.   0.
6.1588                3878.435031199052     42516.73549625388      0.   0.   0.   0.
6.1984                3809.602109504912     43828.634124071636     0.   0.   0.   0.
6.238                 3843.0104663204297    44976.15222342823      0.   0.   0.   0.
6.2776000000000005    3928.931189881533     45893.13665482098      0.   0.   0.   0.
6.317200000000001     3873.390886552573     46153.86832393693      0.   0.   0.   0.
6.356800000000001     3618.208700490245     45671.12547704692      0.   0.   0.   0.
6.396400000000001     3379.2341488152997    45040.77656549162      0.   0.   0.   0.
6.436000000000001     3185.4377443444214    44392.84672553488      0.   0.   0.   0.
6.475600000000001     3065.7899998942958    43857.36109344056      0.   0.   0.   0.
6.5152                3181.197336121695     43667.969080914954     0.   0.   0.   0.
6.5548                3607.3312146343796    43991.37539129484      0.   0.   0.   0.
6.5944                4081.987764279662     44728.91279755819      0.   0.   0.   0.
6.634                 4552.814759140777     45946.734439207656     0.   0.   0.   0.
6.6736                4967.459973300961     47710.993455745906     0.   0.   0.   0.
6.7132000000000005    5119.08312971333      51190.17960151032      0.   0.   0.   0.
6.752800000000001     4841.397600068281     57263.41544974411      0.   0.   0.   0.
6.792400000000001     4496.466747426165     63039.82623943617      0.   0.   0.   0.
6.832000000000001     4141.4331974608385    67804.27372113524      0.   0.   0.   0.
6.871600000000001     3833.4395758461546    70841.61964539008      0.   0.   0.   0.
6.911200000000001     3784.7941086137926    69181.01439190884      0.   0.   0.   0.
6.950800000000001     4247.59511845572      59273.16200128535      0.   0.   0.   0.
6.9904                4762.795589998439     47907.00270625464      0.   0.   0.   0.
7.03                  5258.083298337336     36249.341019078725     0.   0.   0.   0.
7.0696                5661.146018567762     25466.98145202037      0.   0.   0.   0.
7.1092                5735.662092528776     18393.80178340859      0.   0.   0.   0.
7.1488000000000005    5081.443719709166     19529.296577764675     0.   0.   0.   0.
7.188400000000001     4323.133808156261     22956.072525776297     0.   0.   0.   0.
7.228000000000001     3554.8294959557493    28149.46679690508      0.   0.   0.   0.
7.267600000000001     2870.6279211933193    34584.81656061263      0.   0.   0.   0.
7.307200000000001     2499.6023886288112    41744.50275239705      0.   0.   0.   0.
7.346800000000001     2961.302886551576     49126.064908332        0.   0.   0.   0.
7.386400000000001     3582.757110284119     56164.810481361805     0.   0.   0.   0.
7.426000000000001     4283.212606778359     62326.95206998218      0.   0.   0.   0.
7.4656                4981.9169229862       67078.7022726888       0.   0.   0.   0.
7.5052                5536.206558519881     69193.35353840979      0.   0.   0.   0.
7.5448                5544.095258359391     64541.809006777316     0.   0.   0.   0.
7.5844000000000005    5433.52582856351      58283.69481346465      0.   0.   0.   0.
7.6240000000000006    5234.723410456736     51127.305779698625     0.   0.   0.   0.
7.663600000000001     4977.913145363559     43780.93672670603      0.   0.   0.   0.
7.703200000000001     4703.935998981166     37292.510510072534     0.   0.   0.   0.
7.742800000000001     4546.688562676551     35687.04324943255      0.   0.   0.   0.
7.782400000000001     4388.701483119397     34947.69593332955      0.   0.   0.   0.
7.822000000000001     4229.2904174872665    34793.88800456258      0.   0.   0.   0.
7.861600000000001     4067.7710229577137    34945.03890593066      0.   0.   0.   0.
7.9012                3898.9188115334478    35072.521883722235     0.   0.   0.   0.
7.9408                3587.723665082198     33474.25060318581      0.   0.   0.   0.
7.9804                3308.6788061781676    31723.46534481303      0.   0.   0.   0.
8.020000000000001     3096.343547354643     29912.552389633456     0.   0.   0.   0.
8.059600000000001     2985.277201144923     28133.89801867675      0.   0.   0.   0.
8.099200000000002     3010.0390800822906    26479.88851297246      0.   0.   0.   0.
8.1388                3623.079421039932     25248.65513818148      0.   0.   0.   0.
8.1784                4347.877543491398     24280.958358181295     0.   0.   0.   0.
8.218                 5105.791406832182     23613.45074622037      0.   0.   0.   0.
8.2576                5827.132100310337     23287.1928716452       0.   0.   0.   0.
8.2972                6442.2107131739185    23343.245303802254     0.   0.   0.   0.
8.3368                6499.539215086277     24353.791674630196     0.   0.   0.   0.
8.3764                6374.121210564643     25741.278108061146     0.   0.   0.   0.
8.416                 6126.357917008769     27365.79600999224      0.   0.   0.   0.
8.4556                5786.5885328802215    29129.256242540217     0.   0.   0.   0.
8.4952                5385.15225664057      30933.569667821812     0.   0.   0.   0.
8.5348                4987.924527940908     32118.678682631005     0.   0.   0.   0.
8.5744                4586.140021137971     33204.89127446325      0.   0.   0.   0.
8.614                 4195.277349279049     34329.12291198667      0.   0.   0.   0.
8.6536                3835.866797037382     35548.402163738065     0.   0.   0.   0.
8.693200000000001     3528.438649086212     36919.7575982542       0.   0.   0.   0.
8.732800000000001     3421.321909944673     39832.920030782865     0.   0.   0.   0.
8.772400000000001     3403.551625283068     42973.66798398922      0.   0.   0.   0.
8.812000000000001     3431.1657123460973    45726.49494099314      0.   0.   0.   0.
8.851600000000001     3487.3977719839468    47759.49463291059      0.   0.   0.   0.
8.891200000000001     3555.481405046803     48740.76079085748      0.   0.   0.   0.
8.930800000000001     3567.103547243675     45308.17961657915      0.   0.   0.   0.
8.970400000000001     3554.407841225832     40005.05658421225      0.   0.   0.   0.
9.010000000000002     3531.652065299642     34323.26385676115      0.   0.   0.   0.
9.0496                3498.037819505592     28869.58540345742      0.   0.   0.   0.
9.0892                3452.7667038841632    24250.8051935319       0.   0.   0.   0.
9.1288                3370.521684236841     24447.60940065369      0.   0.   0.   0.
9.1684                3271.5506875869987    27170.68883035219      0.   0.   0.   0.
9.208                 3172.515173768711     30624.252378853635     0.   0.   0.   0.
9.2476                3080.7147995546857    34300.745786180676     0.   0.   0.   0.
9.2872                3003.4492217176303    37692.61479235597      0.   0.   0.   0.
9.3268                2977.9886211971325    38323.27392600824      0.   0.   0.   0.
9.3664                2988.999747173005     37172.126619553615     0.   0.   0.   0.
9.406                 3018.658639014257     35382.213261795296     0.   0.   0.   0.
9.4456                3063.6576397457566    33142.86870027541      0.   0.   0.   0.
9.4852                3120.6890923923697    30643.42778253606      0.   0.   0.   0.
9.5248                3200.797226276081     27672.568530324843     0.   0.   0.   0.
9.564400000000001     3291.544822819157     24674.492719256425     0.   0.   0.   0.
9.604000000000001     3375.498531106448     22232.877486031743     0.   0.   0.   0.
9.643600000000001     3443.875951583289     20689.89424187149      0.   0.   0.   0.
9.683200000000001     3487.894684695015     20387.714397996348     0.   0.   0.   0.
9.722800000000001     3411.698732629743     24410.225513283112     0.   0.   0.   0.
9.762400000000001     3249.7851615531613    31736.8436700996       0.   0.   0.   0.
9.802000000000001     3093.959246156345     39542.50180262502      0.   0.   0.   0.
9.841600000000001     2971.480642199876     47034.50280819811      0.   0.   0.   0.
9.881200000000002     2909.6090054443353    53420.14958415762      0.   0.   0.   0.
9.920800000000002     3117.5000403272757    54848.271300780754     0.   0.   0.   0.
9.960400000000002     3561.9983281875793    51542.01435053013      0.   0.   0.   0.
10.                   4023.2791444897857    46863.25832990497      0.   0.   0.   0.
10.0396               4446.252892027408     41403.959780316625     0.   0.   0.   0.
10.0792               4775.8299735938945    35756.07524317707      0.   0.   0.   0.
10.1188               4723.2798357710535    31933.029186849886     0.   0.   0.   0.
10.1584               4264.621743998529     30337.512318483525     0.   0.   0.   0.
10.198                3719.5406009084686    29281.3589783228       0.   0.   0.   0.
10.2376               3149.7413176576683    28645.94974381122      0.   0.   0.   0.
10.2772               2616.928805402925     28312.66519239227      0.   0.   0.   0.
10.3168               2371.134116610914     27993.351522672998     0.   0.   0.   0.
10.3564               2495.1789105191133    27550.3796581848       0.   0.   0.   0.
10.396                2691.5509065317674    27188.503570248195     0.   0.   0.   0.
10.4356               2916.794335423848     26883.77126007773      0.   0.   0.   0.
10.475200000000001    3127.45342797033      26612.23072888797      0.   0.   0.   0.
10.514800000000001    3169.232100639927     26054.355806410113     0.   0.   0.   0.
10.554400000000001    2951.8472154745896    25061.321510570644     0.   0.   0.   0.
10.594000000000001    2685.871685731328     24286.585662536218     0.   0.   0.   0.
10.633600000000001    2397.994881485356     23893.249968322016     0.   0.   0.   0.
10.673200000000001    2114.9061728118872    24044.416133943236     0.   0.   0.   0.
10.712800000000001    1880.4647513145694    25671.14515559596      0.   0.   0.   0.
10.752400000000002    1735.583807745558     29572.731445936748     0.   0.   0.   0.
10.792000000000002    1658.9574200228715    33765.57818904082      0.   0.   0.   0.
10.831600000000002    1664.7286731436309    37851.62597652145      0.   0.   0.   0.
10.871200000000002    1767.0406521049586    41432.815399991894     0.   0.   0.   0.
10.9108               2065.8749460300096    43239.5163716903       0.   0.   0.   0.
10.9504               2694.0975122142972    41668.2037598934       0.   0.   0.   0.
10.99                 3366.7885367497497    39357.386146634104     0.   0.   0.   0.
11.0296               4023.8399083985996    36662.92179958193      0.   0.   0.   0.
11.0692               4605.143515923081     33940.668986406374     0.   0.   0.   0.
11.1088               4946.596073920336     32056.245153207703     0.   0.   0.   0.
11.1484               4760.55407683388      32480.832010334554     0.   0.   0.   0.
11.188                4453.242844915474     33284.434190233726     0.   0.   0.   0.
11.2276               4074.8475184774857    34282.27913084606      0.   0.   0.   0.
11.2672               3675.553237832282     35289.59427011237      0.   0.   0.   0.
11.3068               3360.685015556579     35905.37225277997      0.   0.   0.   0.
11.346400000000001    3371.4177231072467    35195.8611789681       0.   0.   0.   0.
11.386000000000001    3423.2017832660467    34288.97365340429      0.   0.   0.   0.
11.425600000000001    3490.602454465574     33296.48567042063      0.   0.   0.   0.
11.465200000000001    3548.1849951384247    32330.17322434921      0.   0.   0.   0.
11.504800000000001    3535.6816256451966    31619.8804486869       0.   0.   0.   0.
11.544400000000001    3225.654151887273     31962.083067256084     0.   0.   0.   0.
11.584000000000001    2905.3384939468565    32408.74589409253      0.   0.   0.   0.
11.623600000000001    2616.9357925411646    32842.390078010474     0.   0.   0.   0.
11.663200000000002    2402.647188387415     33145.53676782415      0.   0.   0.   0.
11.702800000000002    2338.986343248601     33114.66872291234      0.   0.   0.   0.
11.742400000000002    2861.5512854835324    31645.86734385709      0.   0.   0.   0.
11.782000000000002    3462.589842209658     30000.65759279474      0.   0.   0.   0.
11.8216               4070.131959933534     28347.84403259424      0.   0.   0.   0.
11.8612               4612.207585161799     26856.23122612429      0.   0.   0.   0.
11.9008               5005.9050385308765    25719.210558934283     0.   0.   0.   0.
11.9404               4682.064893639094     26222.816071063808     0.   0.   0.   0.
11.98                 4206.823692066658     27101.969108161706     0.   0.   0.   0.
12.0196               3635.6132024313174    28239.1908190422       0.   0.   0.   0.
12.0592               3023.865193350822     29517.00235251953      0.   0.   0.   0.
12.0988               2427.0114334429245    30817.92485740792      0.   0.   0.   0.
12.1384               2136.4240380286665    31512.747060689133     0.   0.   0.   0.
12.178                1921.6264476456786    32104.098385132365     0.   0.   0.   0.
12.217600000000001    1770.9715957128979    32619.987664340057     0.   0.   0.   0.
12.257200000000001    1680.46748243275      33071.82061201956      0.   0.   0.   0.
12.296800000000001    1646.12210800766      33471.00294187825      0.   0.   0.   0.
12.336400000000001    1756.4234108503492    34053.02968667917      0.   0.   0.   0.
12.376000000000001    1900.8071827608296    34571.0700812422       0.   0.   0.   0.
12.415600000000001    2042.398282951447     34956.850280491635     0.   0.   0.   0.
12.455200000000001    2152.728050008641     35162.466286856594     0.   0.   0.   0.
12.494800000000001    2203.327822518849     35140.014102766174     0.   0.   0.   0.
12.534400000000002    1942.835370127486     34404.22292564875      0.   0.   0.   0.
12.574000000000002    1585.006979444294     33382.488032433575     0.   0.   0.   0.
12.613600000000002    1198.2662566052493    32217.029625582785     0.   0.   0.   0.
12.653200000000002    816.3398970430034     30981.98484419419      0.   0.   0.   0.
12.692800000000002    472.9545961902093     29751.4908273656       0.   0.   0.   0.
12.7324               324.76226591037727    28897.14674012749      0.   0.   0.   0.
12.772                280.88670741983       28191.56794738977      0.   0.   0.   0.
12.8116               310.7450557243123     27553.27134460252      0.   0.   0.   0.
12.8512               411.77102523966914    26968.570075316904     0.   0.   0.   0.
12.8908               581.3983303817454     26423.777283084095     0.   0.   0.   0.
12.9304               958.9516790132936     25832.478795490682     0.   0.   0.   0.
12.97                 1409.6715141036036    25248.744430330047     0.   0.   0.   0.
13.0096               1842.6232057947511    24704.18120315427      0.   0.   0.   0.
13.0492               2210.7353736164782    24207.91368492924      0.   0.   0.   0.
13.0888               2466.9366370985254    23769.066446620836     0.   0.   0.   0.
13.128400000000001    2229.519282978143     23338.839024499175     0.   0.   0.   0.
13.168000000000001    1732.1199473442593    22974.946115601873     0.   0.   0.   0.
13.207600000000001    1173.945439034574     22729.142666805994     0.   0.   0.   0.
13.247200000000001    619.9398918987733     22629.94296237992      0.   0.   0.   0.
13.286800000000001    135.04743978654227    22705.86128659204      0.   0.   0.   0.
13.326400000000001    84.05094164429967     23252.21756892394      0.   0.   0.   0.
13.366000000000001    312.18909823797327    24102.025496408467     0.   0.   0.   0.
13.405600000000002    624.8228557418678     25052.814313433373     0.   0.   0.   0.
13.445200000000002    979.2264106082268     26037.290309125252     0.   0.   0.   0.
13.484800000000002    1332.6739592892948    26988.159772610707     0.   0.   0.   0.
13.524400000000002    1516.881897595447     27529.090805782485     0.   0.   0.   0.
13.564000000000002    1565.7231668568768    27781.323879956228     0.   0.   0.   0.
13.603600000000002    1564.0682308866478    27991.620794640294     0.   0.   0.   0.
13.643200000000002    1517.848060812586     28212.44783288853      0.   0.   0.   0.
13.6828               1432.993627762521     28496.271277754757     0.   0.   0.   0.
13.7224               1266.5223547812022    29301.816117301707     0.   0.   0.   0.
13.762                1047.1761364457336    30492.089137496205     0.   0.   0.   0.
13.8016               839.2390880945028     31634.895955191394     0.   0.   0.   0.
13.8412               669.24089981082       32611.61714783078      0.   0.   0.   0.
13.8808               563.7112616779957     33303.633292857856     0.   0.   0.   0.
13.9204               721.2005138385067     32801.31177589354      0.   0.   0.   0.
13.96                 1117.4250536831053    31219.691080138167     0.   0.   0.   0.
13.999600000000001    1537.4460598535045    29550.511370063705     0.   0.   0.   0.
14.039200000000001    1928.4208607435241    28040.13606174904      0.   0.   0.   0.
14.078800000000001    2237.5067847469827    26934.92857127307      0.   0.   0.   0.
14.118400000000001    2169.8581866183335    27184.94415166105      0.   0.   0.   0.
14.158000000000001    1693.996201254541     28974.424931735426     0.   0.   0.   0.
14.197600000000001    1158.6862535372582    31381.94562275032      0.   0.   0.   0.
14.237200000000001    634.6437684520929     34294.589659002915     0.   0.   0.   0.
14.276800000000001    192.5841709846534     37599.44047479038      0.   0.   0.   0.
14.316400000000002    126.42048897353891    41672.26258304246      0.   0.   0.   0.
14.356000000000002    544.416681882385      46482.35023974638      0.   0.   0.   0.
14.395600000000002    1076.0552586390675    50950.72732214706      0.   0.   0.   0.
14.435200000000002    1664.4217078438792    54685.03727871147      0.   0.   0.   0.
14.474800000000002    2252.601518097113     57292.92355790653      0.   0.   0.   0.
14.514400000000002    2688.643793973208     56866.499231707174     0.   0.   0.   0.
14.554000000000002    2868.61555796349      52263.611611294495     0.   0.   0.   0.
14.5936               2961.924635439149     46701.03111025305      0.   0.   0.   0.
14.6332               2973.4526718669417    40771.85484136483      0.   0.   0.   0.
14.6728               2908.081312713611     35069.17991741259      0.   0.   0.   0.
14.7124               2723.9862780416397    31387.026533140906     0.   0.   0.   0.
14.752                2382.8390954897054    31429.529157403813     0.   0.   0.   0.
14.7916               2025.6870467940753    32288.634799421663     0.   0.   0.   0.
14.8312               1692.6326213498148    33651.8269036129       0.   0.   0.   0.
14.870800000000001    1423.7783085519873    35206.58891439597      0.   0.   0.   0.
14.910400000000001    1377.1078199832627    36237.814883456376     0.   0.   0.   0.
14.950000000000001    1771.8361559917885    35821.28101569383      0.   0.   0.   0.
14.989600000000001    2217.4005644586045    35115.28395914611      0.   0.   0.   0.
15.029200000000001    2648.0357001470943    34168.86828275486      0.   0.   0.   0.
15.068800000000001    2997.9762178206443    33031.078555461696     0.   0.   0.   0.
15.108400000000001    3079.0905522151625    31699.62262023599      0.   0.   0.   0.
15.148000000000001    2532.5879836431254    30100.611091307648     0.   0.   0.   0.
15.187600000000002    1872.8623928181482    28526.484755922625     0.   0.   0.   0.
15.227200000000002    1170.081730467886     27083.31675155935      0.   0.   0.   0.
15.266800000000002    494.4139473199937     25877.180215696222     0.   0.   0.   0.
15.306400000000002    -21.798755098004452   25213.776011245638     0.   0.   0.   0.
15.346000000000002    -71.23972718927311    25960.60913430652      0.   0.   0.   0.
15.385600000000002    11.711986646813282    26924.84207318337      0.   0.   0.   0.
15.425200000000002    206.6401588740876     27921.702265817003     0.   0.   0.   0.
15.464800000000002    493.1285619563824     28766.417150148256     0.   0.   0.   0.
15.5044               858.246159185203      29089.5076566433       0.   0.   0.   0.
15.544                1330.3847180242985    27501.80249770634      0.   0.   0.   0.
15.5836               1815.2193339396626    25642.31876669208      0.   0.   0.   0.
15.6232               2276.4798373419035    23717.499881703658     0.   0.   0.   0.
15.6628               2677.896058641628     21933.789260844223     0.   0.   0.   0.
15.7024               2966.969664120451     20588.129589856428     0.   0.   0.   0.
15.742                2884.607092850051     21129.578890000947     0.   0.   0.   0.
15.781600000000001    2700.4012909574562    22058.880060810254     0.   0.   0.   0.
15.821200000000001    2441.0758456590042    23231.180538200933     0.   0.   0.   0.
15.860800000000001    2133.3543441710303    24501.62775808955      0.   0.   0.   0.
15.900400000000001    1804.4070560080177    25719.98154095449      0.   0.   0.   0.
15.940000000000001    1522.4991936407862    26240.339018107807     0.   0.   0.   0.
15.979600000000001    1261.8589550147467    26551.01569781276      0.   0.   0.   0.
16.0192               1038.807916445125     26632.621866766844     0.   0.   0.   0.
16.0588               869.6676542471482     26465.767811667552     0.   0.   0.   0.
16.0984               770.7597447360428     26031.06381921238      0.   0.   0.   0.
16.138                986.3328233764374     24923.411260576413     0.   0.   0.   0.
16.1776               1259.1152594365383    23586.40774646431      0.   0.   0.   0.
16.217200000000002    1537.5090762221982    22115.600233365098     0.   0.   0.   0.
16.256800000000002    1779.8720129878598    20589.688145859538     0.   0.   0.   0.
16.296400000000002    1944.5618089879654    19087.370908528395     0.   0.   0.   0.
16.336000000000002    1586.1027814618155    17921.93643571618      0.   0.   0.   0.
16.375600000000002    1123.136127707794     16904.703604977705     0.   0.   0.   0.
16.415200000000002    663.7309368612047     16027.403904228673     0.   0.   0.   0.
16.454800000000002    274.234245557739      15306.005332659384     0.   0.   0.   0.
16.494400000000002    20.99309043308825     14756.475889460136     0.   0.   0.   0.
16.534000000000002    544.3191019808437     14596.926489175845     0.   0.   0.   0.
16.573600000000003    1294.8389630515546    14626.476376406        0.   0.   0.   0.
16.613200000000003    2079.7003912120435    14769.806898559234     0.   0.   0.   0.
16.652800000000003    2803.323505594666     14985.857486289064     0.   0.   0.   0.
16.692400000000003    3370.1284253317754    15233.567570249004     0.   0.   0.   0.
16.732000000000003    3095.4219675584145    15345.883457528666     0.   0.   0.   0.
16.771600000000003    2471.568849105867     15407.487752625146     0.   0.   0.   0.
16.811200000000003    1722.3623286403058    15445.623927699518     0.   0.   0.   0.
16.850800000000003    928.2126877985934     15456.870268639583     0.   0.   0.   0.
16.8904               169.53020821765443    15437.805061333127     0.   0.   0.   0.
16.93                 -135.74549343592454   15404.755648504803     0.   0.   0.   0.
16.9696               -215.71502218848246   15336.249147141889     0.   0.   0.   0.
17.0092               -207.42276032280276   15216.140431945394     0.   0.   0.   0.
17.0488               -137.67213505117238   15034.73464626406      0.   0.   0.   0.
17.0884               -33.26657358587802    14782.336933446637     0.   0.   0.   0.
17.128                -158.65325326933956   14153.458235831238     0.   0.   0.   0.
17.1676               -346.05764410270075   13380.594081979918     0.   0.   0.   0.
17.2072               -441.5619368544067    12678.992596953696     0.   0.   0.   0.
17.2468               -391.3311628257361    12139.329204726062     0.   0.   0.   0.
17.2864               -141.53035331796778   11852.279329270492     0.   0.   0.   0.
17.326                952.5818463203486     12620.235090353111     0.   0.   0.   0.
17.3656               2525.49835678677      14028.795737607015     0.   0.   0.   0.
17.4052               4102.765167754097     15532.339481920439     0.   0.   0.   0.
17.4448               5522.877373126165     16962.175817561587     0.   0.   0.   0.
17.4844               6624.330066806811     18149.61423879866      0.   0.   0.   0.
17.524                6425.359662394192     18052.411916523466     0.   0.   0.   0.
17.5636               5242.816708240188     17011.313391125444     0.   0.   0.   0.
17.6032               3775.8728588394088    15774.224381004766     0.   0.   0.   0.
17.6428               2186.0330202880195    14516.450705843503     0.   0.   0.   0.
17.6824               634.8020986821841     13413.298185323718     0.   0.   0.   0.
17.722                -234.10133962724834   13337.047018932672     0.   0.   0.   0.
17.7616               -468.73163831604353   14160.113580903928     0.   0.   0.   0.
17.8012               -501.7273521354822    15199.049980125155     0.   0.   0.   0.
17.8408               -378.2551073666953    16330.446394282757     0.   0.   0.   0.
17.8804               -143.48153029081377   17430.89300106314      0.   0.   0.   0.
17.92                 116.69621717614295    18162.417335076072     0.   0.   0.   0.
17.959600000000002    367.58772836263415    18456.796802308487     0.   0.   0.   0.
17.999200000000002    623.119867308036      18501.917645528003     0.   0.   0.   0.
18.038800000000002    857.2876067595766     18275.310608731135     0.   0.   0.   0.
18.078400000000002    1044.085919464485     17754.506435914394     0.   0.   0.   0.
18.118000000000002    1025.4644672883405    16570.526239042145     0.   0.   0.   0.
18.157600000000002    780.8923724084691     14715.265872784246     0.   0.   0.   0.
18.197200000000002    511.1401483580983     12761.354147603779     0.   0.   0.   0.
18.236800000000002    259.09327867688665    10867.10236975885      0.   0.   0.   0.
18.276400000000002    67.63724690449342     9190.82184550756       0.   0.   0.   0.
18.316000000000003    154.07309572108792    8357.229773631077      0.   0.   0.   0.
18.355600000000003    600.8945970870781     8630.554267369773      0.   0.   0.   0.
18.395200000000003    1093.4772043577307    9213.086507622596      0.   0.   0.   0.
18.434800000000003    1572.5112062547926    9989.856900219398      0.   0.   0.   0.
18.474400000000003    1978.6868915000123    10845.895850990022     0.   0.   0.   0.
18.514000000000003    2088.2507710629984    11529.93648524154      0.   0.   0.   0.
18.553600000000003    1747.9815224056367    11849.171680384065     0.   0.   0.   0.
18.593200000000003    1305.7474973891021    12026.116564704289     0.   0.   0.   0.
18.632800000000003    812.1900648740564     12036.933196553842     0.   0.   0.   0.
18.672400000000003    317.9505937211609     11857.783634284346     0.   0.   0.   0.
18.712000000000003    -39.65684815296192    11219.01327794514      0.   0.   0.   0.
18.7516               -120.86738395847239   9844.016669311826      0.   0.   0.   0.
18.7912               -138.8188361030326    8457.07286359301       0.   0.   0.   0.
18.8308               -110.39166087351904   7225.845852286944      0.   0.   0.   0.
18.8704               -52.46631455681898    6317.999626891762      0.   0.   0.   0.
18.91                 -19.664568893169108   6338.2157410159        0.   0.   0.   0.
18.9496               -91.76680849111624    8182.494573001807      0.   0.   0.   0.
18.9892               -140.86867753818873   10341.99507327481      0.   0.   0.   0.
19.0288               -148.60697696554323   12576.284796883841     0.   0.   0.   0.
19.0684               -96.61850770433647    14644.931298877842     0.   0.   0.   0.
19.108                96.44332567055744     15974.296495507839     0.   0.   0.   0.
19.1476               614.081878587661      15450.294971764664     0.   0.   0.   0.
19.1872               1158.2450523819818    14506.449126453717     0.   0.   0.   0.
19.2268               1673.8432498469897    13290.919180633557     0.   0.   0.   0.
19.2664               2105.7868737761546    11951.86535536273      0.   0.   0.   0.
19.306                2328.0803271512304    10752.321463527263     0.   0.   0.   0.
19.3456               1987.0196434559564    10324.22773443594      0.   0.   0.   0.
19.3852               1523.9086063536217    10011.54600295554      0.   0.   0.   0.
19.4248               993.8368130507578     9783.93707062449       0.   0.   0.   0.
19.4644               451.8938607538954     9611.061738981227      0.   0.   0.   0.
19.504                -19.516468139988834   9438.493017641435      0.   0.   0.   0.
19.5436               -163.55810258135773   9057.975835889096      0.   0.   0.   0.
19.5832               -224.26210407687367   8702.959064964902      0.   0.   0.   0.
19.6228               -210.17135219334648   8399.219617847475      0.   0.   0.   0.
19.6624               -129.82872649758602   8172.534407515447      0.   0.   0.   0.
19.702                8.222893443597902     8048.680346947436      0.   0.   0.   0.
19.741600000000002    195.44062806339542    8053.4343491220725     0.   0.   0.   0.
19.781200000000002    423.28159779499657    8212.573327017979      0.   0.   0.   0.
19.820800000000002    683.2029230715917     8551.87419361378       0.   0.   0.   0.
19.860400000000002    966.6617243263709     9097.113861888103      0.   0.   0.   0.
19.9                  1265.115121992497     9874.069244819491      0.   0.   0.   0.
