# Copyright 2004 The GLoBES Team
#
# If you modify this file you have to rename it.
#
# If you are using this file for producing a scientific publication
# or a talk please cite the following references.
#
-1.      1.16072              1.16072              0.                       0.   0.   0.
-0.996   1.16072              1.16072              0.                       0.   0.   0.
-0.992   1.16072              1.16072              0.                       0.   0.   0.
-0.988   1.16072              1.16072              0.                       0.   0.   0.
-0.984   1.16072              1.16072              0.                       0.   0.   0.
-0.98    1.16072              1.16072              0.                       0.   0.   0.
-0.976   1.16072              1.16072              0.                       0.   0.   0.
-0.972   1.16072              1.16072              0.                       0.   0.   0.
-0.968   1.16072              1.16072              0.                       0.   0.   0.
-0.964   1.16072              1.16072              0.                       0.   0.   0.
-0.96    1.16072              1.16072              0.                       0.   0.   0.
-0.956   1.16072              1.16072              0.                       0.   0.   0.
-0.952   1.16072              1.16072              0.                       0.   0.   0.
-0.948   1.16072              1.16072              0.                       0.   0.   0.
-0.944   1.16072              1.16072              0.                       0.   0.   0.
-0.94    1.16072              1.16072              0.                       0.   0.   0.
-0.936   1.16072              1.16072              0.                       0.   0.   0.
-0.932   1.16072              1.16072              0.                       0.   0.   0.
-0.928   1.16072              1.16072              0.                       0.   0.   0.
-0.924   1.16072              1.16072              0.                       0.   0.   0.
-0.92    1.16072              1.16072              0.                       0.   0.   0.
-0.916   1.16072              1.16072              0.                       0.   0.   0.
-0.912   1.16072              1.16072              0.                       0.   0.   0.
-0.908   1.16072              1.16072              0.                       0.   0.   0.
-0.904   1.16072              1.16072              0.                       0.   0.   0.
-0.9     1.16072              1.16072              0.                       0.   0.   0.
-0.896   1.16072              1.16072              0.                       0.   0.   0.
-0.892   1.16072              1.16072              0.                       0.   0.   0.
-0.888   1.16072              1.16072              0.                       0.   0.   0.
-0.884   1.16072              1.16072              0.                       0.   0.   0.
-0.88    1.16072              1.16072              0.                       0.   0.   0.
-0.876   1.16072              1.16072              0.                       0.   0.   0.
-0.872   1.16072              1.16072              0.                       0.   0.   0.
-0.868   1.16072              1.16072              0.                       0.   0.   0.
-0.864   1.16072              1.16072              0.                       0.   0.   0.
-0.86    1.16072              1.16072              0.                       0.   0.   0.
-0.856   1.16072              1.16072              0.                       0.   0.   0.
-0.852   1.16072              1.16072              0.                       0.   0.   0.
-0.848   1.16072              1.16072              0.                       0.   0.   0.
-0.844   1.16072              1.16072              0.                       0.   0.   0.
-0.84    1.16072              1.16072              0.                       0.   0.   0.
-0.836   1.16072              1.16072              0.                       0.   0.   0.
-0.832   1.16072              1.16072              0.                       0.   0.   0.
-0.828   1.16072              1.16072              0.                       0.   0.   0.
-0.824   1.16072              1.16072              0.                       0.   0.   0.
-0.82    1.16072              1.16072              0.                       0.   0.   0.
-0.816   1.16072              1.16072              0.                       0.   0.   0.
-0.812   1.16072              1.16072              0.                       0.   0.   0.
-0.808   1.16072              1.16072              0.                       0.   0.   0.
-0.804   1.16072              1.16072              0.                       0.   0.   0.
-0.8     1.16072              1.16072              0.                       0.   0.   0.
-0.796   1.16072              1.16072              0.                       0.   0.   0.
-0.792   1.16072              1.16072              0.                       0.   0.   0.
-0.788   1.16072              1.16072              0.                       0.   0.   0.
-0.784   1.16072              1.16072              0.                       0.   0.   0.
-0.78    1.16072              1.16072              0.                       0.   0.   0.
-0.776   1.16072              1.16072              0.                       0.   0.   0.
-0.772   1.16072              1.16072              0.                       0.   0.   0.
-0.768   1.16072              1.16072              0.                       0.   0.   0.
-0.764   1.16072              1.16072              0.                       0.   0.   0.
-0.76    1.16072              1.16072              0.                       0.   0.   0.
-0.756   1.16072              1.16072              0.                       0.   0.   0.
-0.752   1.16072              1.16072              0.                       0.   0.   0.
-0.748   1.16072              1.16072              0.                       0.   0.   0.
-0.744   1.16072              1.16072              0.                       0.   0.   0.
-0.74    1.16072              1.16072              0.                       0.   0.   0.
-0.736   1.16072              1.16072              0.                       0.   0.   0.
-0.732   1.16072              1.16072              0.                       0.   0.   0.
-0.728   1.16072              1.16072              0.                       0.   0.   0.
-0.724   1.16072              1.16072              0.                       0.   0.   0.
-0.72    1.16072              1.16072              0.                       0.   0.   0.
-0.716   1.16072              1.16072              0.                       0.   0.   0.
-0.712   1.16072              1.16072              0.                       0.   0.   0.
-0.708   1.16072              1.16072              0.                       0.   0.   0.
-0.704   1.16072              1.16072              0.                       0.   0.   0.
-0.7     1.16072              1.16072              0.                       0.   0.   0.
-0.696   1.16072              1.16072              0.                       0.   0.   0.
-0.692   1.16072              1.16072              0.                       0.   0.   0.
-0.688   1.16072              1.16072              0.                       0.   0.   0.
-0.684   1.16072              1.16072              0.                       0.   0.   0.
-0.68    1.16072              1.16072              0.                       0.   0.   0.
-0.676   1.16072              1.16072              0.                       0.   0.   0.
-0.672   1.16072              1.16072              0.                       0.   0.   0.
-0.668   1.16072              1.16072              0.                       0.   0.   0.
-0.664   1.16072              1.16072              0.                       0.   0.   0.
-0.66    1.16072              1.16072              0.                       0.   0.   0.
-0.656   1.16072              1.16072              0.                       0.   0.   0.
-0.652   1.16072              1.16072              0.                       0.   0.   0.
-0.648   1.16072              1.16072              0.                       0.   0.   0.
-0.644   1.16072              1.16072              0.                       0.   0.   0.
-0.64    1.16072              1.16072              0.                       0.   0.   0.
-0.636   1.16072              1.16072              0.                       0.   0.   0.
-0.632   1.16072              1.16072              0.                       0.   0.   0.
-0.628   1.16072              1.16072              0.                       0.   0.   0.
-0.624   1.16072              1.16072              0.                       0.   0.   0.
-0.62    1.16072              1.16072              0.                       0.   0.   0.
-0.616   1.16072              1.16072              0.                       0.   0.   0.
-0.612   1.16072              1.16072              0.                       0.   0.   0.
-0.608   1.16072              1.16072              0.                       0.   0.   0.
-0.604   1.16072              1.16072              0.                       0.   0.   0.
-0.6     1.16072              1.16072              0.                       0.   0.   0.
-0.596   1.16072              1.16072              0.                       0.   0.   0.
-0.592   1.16072              1.16072              0.                       0.   0.   0.
-0.588   1.16072              1.16072              0.                       0.   0.   0.
-0.584   1.16072              1.16072              0.                       0.   0.   0.
-0.58    1.16072              1.16072              0.                       0.   0.   0.
-0.576   1.16072              1.16072              0.                       0.   0.   0.
-0.572   1.16072              1.16072              0.                       0.   0.   0.
-0.568   1.16072              1.16072              0.                       0.   0.   0.
-0.564   1.16072              1.16072              0.                       0.   0.   0.
-0.56    1.16072              1.16072              0.                       0.   0.   0.
-0.556   1.16072              1.16072              0.                       0.   0.   0.
-0.552   1.16072              1.16072              0.                       0.   0.   0.
-0.548   1.16072              1.16072              0.                       0.   0.   0.
-0.544   1.16072              1.16072              0.                       0.   0.   0.
-0.54    1.16072              1.16072              0.                       0.   0.   0.
-0.536   1.16072              1.16072              0.                       0.   0.   0.
-0.532   1.16072              1.16072              0.                       0.   0.   0.
-0.528   1.16072              1.16072              0.                       0.   0.   0.
-0.524   1.16072              1.16072              0.                       0.   0.   0.
-0.52    1.16072              1.16072              0.                       0.   0.   0.
-0.516   1.16072              1.16072              0.                       0.   0.   0.
-0.512   1.16072              1.16072              0.                       0.   0.   0.
-0.508   1.16072              1.16072              0.                       0.   0.   0.
-0.504   1.16072              1.16072              0.                       0.   0.   0.
-0.5     1.16072              1.16072              0.                       0.   0.   0.
-0.496   1.16072              1.16072              0.                       0.   0.   0.
-0.492   1.16072              1.16072              0.                       0.   0.   0.
-0.488   1.16072              1.16072              0.                       0.   0.   0.
-0.484   1.16072              1.16072              0.                       0.   0.   0.
-0.48    1.16072              1.16072              0.                       0.   0.   0.
-0.476   1.16072              1.16072              0.                       0.   0.   0.
-0.472   1.16072              1.16072              0.                       0.   0.   0.
-0.468   1.16072              1.16072              0.                       0.   0.   0.
-0.464   1.16072              1.16072              0.                       0.   0.   0.
-0.46    1.16072              1.16072              0.                       0.   0.   0.
-0.456   1.16072              1.16072              0.                       0.   0.   0.
-0.452   1.16072              1.16072              0.                       0.   0.   0.
-0.448   1.16072              1.16072              0.                       0.   0.   0.
-0.444   1.16072              1.16072              0.                       0.   0.   0.
-0.44    1.16072              1.16072              0.                       0.   0.   0.
-0.436   1.16072              1.16072              0.                       0.   0.   0.
-0.432   1.16072              1.16072              0.                       0.   0.   0.
-0.428   1.16072              1.16072              0.                       0.   0.   0.
-0.424   1.16072              1.16072              0.                       0.   0.   0.
-0.42    1.16072              1.16072              0.                       0.   0.   0.
-0.416   1.16072              1.16072              0.                       0.   0.   0.
-0.412   1.16072              1.16072              0.                       0.   0.   0.
-0.408   1.16072              1.16072              0.                       0.   0.   0.
-0.404   1.16072              1.16072              0.                       0.   0.   0.
-0.4     1.16072              1.16072              0.                       0.   0.   0.
-0.396   1.16072              1.16072              0.                       0.   0.   0.
-0.392   1.16072              1.16072              0.                       0.   0.   0.
-0.388   1.16072              1.16072              0.                       0.   0.   0.
-0.384   1.16072              1.16072              0.                       0.   0.   0.
-0.38    1.16072              1.16072              0.                       0.   0.   0.
-0.376   1.16072              1.16072              0.                       0.   0.   0.
-0.372   1.16072              1.16072              0.                       0.   0.   0.
-0.368   1.16072              1.16072              0.                       0.   0.   0.
-0.364   1.16072              1.16072              0.                       0.   0.   0.
-0.36    1.16072              1.16072              0.                       0.   0.   0.
-0.356   1.16072              1.16072              0.                       0.   0.   0.
-0.352   1.16072              1.16072              0.                       0.   0.   0.
-0.348   1.16072              1.16072              0.                       0.   0.   0.
-0.344   1.16072              1.16072              0.                       0.   0.   0.
-0.34    1.16072              1.16072              0.                       0.   0.   0.
-0.336   1.16072              1.16072              0.                       0.   0.   0.
-0.332   1.16072              1.16072              0.                       0.   0.   0.
-0.328   1.16072              1.16072              0.                       0.   0.   0.
-0.324   1.16072              1.16072              0.                       0.   0.   0.
-0.32    1.16072              1.16072              0.                       0.   0.   0.
-0.316   1.16072              1.16072              0.                       0.   0.   0.
-0.312   1.16072              1.16072              0.                       0.   0.   0.
-0.308   1.16072              1.16072              0.                       0.   0.   0.
-0.304   1.16072              1.16072              0.                       0.   0.   0.
-0.3     1.160551586952526    1.160551586952526    0.                       0.   0.   0.
-0.296   1.1598937522793182   1.1598937522793182   0.                       0.   0.   0.
-0.292   1.1592298307368218   1.1592298307368218   0.                       0.   0.   0.
-0.288   1.1585597660039293   1.1585597660039293   0.                       0.   0.   0.
-0.284   1.1578835012383988   1.1578835012383988   0.                       0.   0.   0.
-0.28    1.1572009790720355   1.1572009790720355   0.                       0.   0.   0.
-0.276   1.156512141605822    1.156512141605822    0.                       0.   0.   0.
-0.272   1.1558169304050083   1.1558169304050083   0.                       0.   0.   0.
-0.268   1.1551152864941538   1.1551152864941538   0.                       0.   0.   0.
-0.264   1.1544071503521265   1.1544071503521265   0.                       0.   0.   0.
-0.26    1.1536924619070497   1.1536924619070497   0.                       0.   0.   0.
-0.256   1.1529711605312105   1.1529711605312105   0.                       0.   0.   0.
-0.252   1.1522431850359134   1.1522431850359134   0.                       0.   0.   0.
-0.248   1.1515084736662922   1.1515084736662922   0.                       0.   0.   0.
-0.244   1.1507669640960683   1.1507669640960683   0.                       0.   0.   0.
-0.24    1.1500185934222664   1.1500185934222664   0.                       0.   0.   0.
-0.236   1.1492632981598767   1.1492632981598767   0.                       0.   0.   0.
-0.232   1.14850101423647     1.14850101423647     0.                       0.   0.   0.
-0.228   1.1477316769867616   1.1477316769867616   0.                       0.   0.   0.
-0.224   1.1469552211471274   1.1469552211471274   0.                       0.   0.   0.
-0.22    1.1461715808500654   1.1461715808500654   0.                       0.   0.   0.
-0.216   1.1453806896186096   1.1453806896186096   0.                       0.   0.   0.
-0.212   1.1445824803606899   1.1445824803606899   0.                       0.   0.   0.
-0.208   1.1437768853634418   1.1437768853634418   0.                       0.   0.   0.
-0.204   1.1429638362874595   1.1429638362874595   0.                       0.   0.   0.
-0.2     1.142143264161003    1.142143264161003    0.                       0.   0.   0.
-0.196   1.1413150993741423   1.1413150993741423   0.                       0.   0.   0.
-0.192   1.1404792716728565   1.1404792716728565   0.                       0.   0.   0.
-0.188   1.1396357101530703   1.1396357101530703   0.                       0.   0.   0.
-0.184   1.1387843432546436   1.1387843432546436   0.                       0.   0.   0.
-0.18    1.1379250987552958   1.1379250987552958   0.                       0.   0.   0.
-0.176   1.1370579037644837   1.1370579037644837   0.                       0.   0.   0.
-0.172   1.1361826847172152   1.1361826847172152   0.                       0.   0.   0.
-0.168   1.1352993673678105   1.1352993673678105   0.                       0.   0.   0.
-0.164   1.1344078767836017   1.1344078767836017   0.                       0.   0.   0.
-0.16    1.1335081373385791   1.1335081373385791   0.                       0.   0.   0.
-0.156   1.132600072706973    1.132600072706973    0.                       0.   0.   0.
-0.152   1.1316836058567803   1.1316836058567803   0.                       0.   0.   0.
-0.148   1.1307586590432297   1.1307586590432297   0.                       0.   0.   0.
-0.144   1.1298251538021864   1.1298251538021864   0.                       0.   0.   0.
-0.14    1.1288830109434957   1.1288830109434957   0.                       0.   0.   0.
-0.136   1.1279321505442657   1.1279321505442657   0.                       0.   0.   0.
-0.132   1.1269724919420865   1.1269724919420865   0.                       0.   0.   0.
-0.128   1.1260039537281892   1.1260039537281892   0.                       0.   0.   0.
-0.124   1.1250264537405374   1.1250264537405374   0.                       0.   0.   0.
-0.12    1.1240399090568602   1.1240399090568602   0.                       0.   0.   0.
-0.116   1.1230442359876152   1.1230442359876152   0.                       0.   0.   0.
-0.112   1.122039350068891    1.122039350068891    0.                       0.   0.   0.
-0.108   1.1210251660552406   1.1210251660552406   0.                       0.   0.   0.
-0.104   1.1200015979124514   1.1200015979124514   0.                       0.   0.   0.
-0.1     1.118968558810245    1.118968558810245    0.                       0.   0.   0.
-0.096   1.117925961114913    1.117925961114913    0.                       0.   0.   0.
-0.092   1.1168737163818825   1.1168737163818825   0.                       0.   0.   0.
-0.088   1.1158117353482124   1.1158117353482124   0.                       0.   0.   0.
-0.084   1.114739927925022    1.114739927925022    0.                       0.   0.   0.
-0.08    1.113658203189849    1.113658203189849    0.                       0.   0.   0.
-0.076   1.112566469378935    1.112566469378935    0.                       0.   0.   0.
-0.072   1.1114646338794425   1.1114646338794425   0.                       0.   0.   0.
-0.068   1.110352603221598    1.110352603221598    0.                       0.   0.   0.
-0.064   1.1092302830707628   1.1092302830707628   0.                       0.   0.   0.
-0.06    1.10809757821943     1.10809757821943     0.                       0.   0.   0.
-0.056   1.1069543925791496   1.1069543925791496   0.                       0.   0.   0.
-0.052   1.105800629172375    1.105800629172375    0.                       0.   0.   0.
-0.048   1.1046361901242383   1.1046361901242383   0.                       0.   0.   0.
-0.044   1.1034609766542458   1.1034609766542458   0.                       0.   0.   0.
-0.04    1.1022748890678997   1.1022748890678997   0.                       0.   0.   0.
-0.036   1.10107782674824     1.10107782674824     0.                       0.   0.   0.
-0.032   1.09986968814731     1.09986968814731     0.                       0.   0.   0.
-0.028   1.0986503707775408   1.0986503707775408   0.                       0.   0.   0.
-0.024   1.0974197712030576   1.0974197712030576   0.                       0.   0.   0.
-0.02    1.0961777850309058   1.0961777850309058   0.                       0.   0.   0.
-0.016   1.0949243069021943   1.0949243069021943   0.                       0.   0.   0.
-0.012   1.0936592304831583   1.0936592304831583   0.                       0.   0.   0.
-0.008   1.0923824484561384   1.0923824484561384   0.                       0.   0.   0.
-0.004   1.0910938525104779   1.0910938525104779   0.                       0.   0.   0.
0.       1.0897933333333332   1.0897933333333332   0.                       0.   0.   0.
0.004    1.088480780600402    1.088480780600402    0.                       0.   0.   0.
0.008    1.0871560829665632   1.0871560829665632   0.                       0.   0.   0.
0.012    1.0858191280564327   1.0858191280564327   0.                       0.   0.   0.
0.016    1.0844698024548287   1.0844698024548287   0.                       0.   0.   0.
0.02     1.083107991697153    1.083107991697153    0.                       0.   0.   0.
0.024    1.0817335802596784   1.0817335802596784   0.                       0.   0.   0.
0.028    1.0803464515497505   1.0803464515497505   0.                       0.   0.   0.
0.032    1.0789464878958956   1.0789464878958956   0.                       0.   0.   0.
0.036    1.0775335705378406   1.0775335705378406   0.                       0.   0.   0.
0.04     1.0761075796164352   1.0761075796164352   0.                       0.   0.   0.
0.044    1.074668394163488    1.074668394163488    0.                       0.   0.   0.
0.048    1.0732158920915014   1.0732158920915014   0.                       0.   0.   0.
0.052    1.0717499501833165   1.0717499501833165   0.                       0.   0.   0.
0.056    1.0702704440816602   1.0702704440816602   0.                       0.   0.   0.
0.06     1.0687772482785955   1.0687772482785955   0.                       0.   0.   0.
0.064    1.0672702361048747   1.0672702361048747   0.                       0.   0.   0.
0.068    1.0657492797191945   1.0657492797191945   0.                       0.   0.   0.
0.072    1.06421425009735     1.06421425009735     0.                       0.   0.   0.
0.076    1.0626650170212901   1.0626650170212901   0.                       0.   0.   0.
0.08     1.0611014490680712   1.0611014490680712   0.                       0.   0.   0.
0.084    1.0595234135987082   1.0595234135987082   0.                       0.   0.   0.
0.088    1.0579307767469217   1.0579307767469217   0.                       0.   0.   0.
0.092    1.0563234034077849   1.0563234034077849   0.                       0.   0.   0.
0.096    1.0547011572262575   1.0547011572262575   0.                       0.   0.   0.
0.1      1.0530639005856246   1.0530639005856246   0.                       0.   0.   0.
0.104    1.0514114945958175   1.0514114945958175   0.                       0.   0.   0.
0.108    1.0497437990816345   1.0497437990816345   0.                       0.   0.   0.
0.112    1.048060672570848    1.048060672570848    0.                       0.   0.   0.
0.116    1.0463619722822046   1.0463619722822046   0.                       0.   0.   0.
0.12     1.0446475541133118   1.0446475541133118   0.                       0.   0.   0.
0.124    1.0429172726284146   1.0429172726284146   0.                       0.   0.   0.
0.128    1.0411709810460568   1.0411709810460568   0.                       0.   0.   0.
0.132    1.0394085312266312   1.0394085312266312   0.                       0.   0.   0.
0.136    1.03762977365981     1.03762977365981     0.                       0.   0.   0.
0.14     1.0358345574518655   1.0358345574518655   0.                       0.   0.   0.
0.144    1.0340227303128653   1.0340227303128653   0.                       0.   0.   0.
0.148    1.032194138543758    1.032194138543758    0.                       0.   0.   0.
0.152    1.0303486270233297   1.0303486270233297   0.                       0.   0.   0.
0.156    1.0284860391950503   1.0284860391950503   0.                       0.   0.   0.
0.16     1.0266062170537877   1.0266062170537877   0.                       0.   0.   0.
0.164    1.0247090011324078   1.0247090011324078   0.                       0.   0.   0.
0.168    1.0227942304882438   1.0227942304882438   0.                       0.   0.   0.
0.172    1.0208617426894473   1.0208617426894473   0.                       0.   0.   0.
0.176    1.018911373801203    1.018911373801203    0.                       0.   0.   0.
0.18     1.0174846850426942   1.0174846850426942   0.                       0.   0.   0.
0.184    1.0160575015584852   1.0160575015584852   0.                       0.   0.   0.
0.188    1.014617112508087    1.014617112508087    0.                       0.   0.   0.
0.192    1.0131633957018986   1.0131633957018986   0.                       0.   0.   0.
0.196    1.0116962278197157   1.0116962278197157   0.                       0.   0.   0.
0.2      1.0102154844002627   1.0102154844002627   0.                       0.   0.   0.
0.204    1.0087210398306414   1.0087210398306414   0.                       0.   0.   0.
0.208    1.0072127673356686   1.0072127673356686   0.                       0.   0.   0.
0.212    1.0056905389671282   1.0056905389671282   0.                       0.   0.   0.
0.216    1.0041542255929101   1.0041542255929101   0.                       0.   0.   0.
0.22     1.002603696886063    1.002603696886063    0.                       0.   0.   0.
0.224    1.0010388213137322   1.0010388213137322   0.                       0.   0.   0.
0.228    0.9994594661260073   0.9994594661260073   0.                       0.   0.   0.
0.232    0.9978654973446548   0.9978654973446548   0.                       0.   0.   0.
0.236    0.9962567797517595   0.9962567797517595   0.                       0.   0.   0.
0.24     0.9946331768782469   0.9946331768782469   0.                       0.   0.   0.
0.244    0.9929945509923126   0.9929945509923126   0.                       0.   0.   0.
0.248    0.9913407630877324   0.9913407630877324   0.                       0.   0.   0.
0.252    0.9896716728720774   0.9896716728720774   0.                       0.   0.   0.
0.256    0.9879871387548039   0.9879871387548039   0.                       0.   0.   0.
0.26     0.9862870178352521   0.9862870178352521   0.                       0.   0.   0.
0.264    0.9845711658905143   0.9845711658905143   0.                       0.   0.   0.
0.268    0.9828394373632083   0.9828394373632083   0.                       0.   0.   0.
0.272    0.9810916853491222   0.9810916853491222   0.                       0.   0.   0.
0.276    0.9793277615847608   0.9793277615847608   0.                       0.   0.   0.
0.28     0.9775475164347587   0.9775475164347587   0.                       0.   0.   0.
0.284    0.9757507988791958   0.9757507988791958   0.                       0.   0.   0.
0.288    0.9739374565007783   0.9739374565007783   0.                       0.   0.   0.
0.292    0.9721073354719167   0.9721073354719167   0.                       0.   0.   0.
0.296    0.970260280541667    0.970260280541667    0.                       0.   0.   0.
0.3      0.9683961350225714   0.9683961350225714   0.                       0.   0.   0.
0.304    0.9665147407773566   0.9665147407773566   0.                       0.   0.   0.
0.308    0.9646159382055266   0.9646159382055266   0.                       0.   0.   0.
0.312    0.9626995662298158   0.9626995662298158   0.                       0.   0.   0.
0.316    0.9607654622825347   0.9607654622825347   0.                       0.   0.   0.
0.32     0.9588134622917678   0.9588134622917678   0.                       0.   0.   0.
0.324    0.9568434006674654   0.9568434006674654   0.                       0.   0.   0.
0.328    0.9548551102873881   0.9548551102873881   0.                       0.   0.   0.
0.332    0.9528484224829382   0.9528484224829382   0.                       0.   0.   0.
0.336    0.9508231670248407   0.9508231670248407   0.                       0.   0.   0.
0.34     0.9487791721087145   0.9487791721087145   0.                       0.   0.   0.
0.344    0.946716264340487    0.946716264340487    0.                       0.   0.   0.
0.348    0.9446342687216949   0.9446342687216949   0.                       0.   0.   0.
0.352    0.942533008634628    0.942533008634628    0.                       0.   0.   0.
0.356    0.9404123058273599   0.9404123058273599   0.                       0.   0.   0.
0.36     0.9382719803986123   0.9382719803986123   0.                       0.   0.   0.
0.364    0.9361118507825065   0.9361118507825065   0.                       0.   0.   0.
0.368    0.9339317337331503   0.9339317337331503   0.                       0.   0.   0.
0.372    0.9317314443091047   0.9317314443091047   0.                       0.   0.   0.
0.376    0.9295107958576806   0.9295107958576806   0.                       0.   0.   0.
0.38     0.9272695999991207   0.9272695999991207   0.                       0.   0.   0.
0.384    0.9250076666106049   0.9250076666106049   0.                       0.   0.   0.
0.388    0.9227248038101338   0.9227248038101338   0.                       0.   0.   0.
0.392    0.9204208179402389   0.9204208179402389   0.                       0.   0.   0.
0.396    0.9180955135515699   0.9180955135515699   0.                       0.   0.   0.
0.4      0.9163668331064392   0.9163668331064392   0.00013899653394974158   0.   0.   0.
0.404    0.9152069809706391   0.9152069809706391   0.0004107841682908762    0.   0.   0.
0.408    0.9140363968551598   0.9140363968551598   0.0006850866226498477    0.   0.   0.
0.412    0.912854981458218    0.912854981458218    0.0009619271663692712    0.   0.   0.
0.416    0.9116626345591977   0.9116626345591977   0.0012413292841014399    0.   0.   0.
0.42     0.9104592550101581   0.9104592550101581   0.0015233166777983069    0.   0.   0.
0.424    0.9092447407272433   0.9092447407272433   0.0018079132687243195    0.   0.   0.
0.428    0.9080189886820313   0.9080189886820313   0.002095143199483717     0.   0.   0.
0.432    0.9067818948927853   0.9067818948927853   0.0023850308360705676    0.   0.   0.
0.436    0.9055333544156426   0.9055333544156426   0.0026776007699334686    0.   0.   0.
0.44     0.9042732613357017   0.9042732613357017   0.0029728778200641287    0.   0.   0.
0.444    0.903001508758047    0.903001508758047    0.0032708870351005194    0.   0.   0.
0.448    0.9017179887986722   0.9017179887986722   0.003571653695453715     0.   0.   0.
0.452    0.9004225925753377   0.9004225925753377   0.003875203315450462     0.   0.   0.
0.456    0.8991152101983231   0.8991152101983231   0.004181561645500028     0.   0.   0.
0.46     0.8977957307611165   0.8977957307611165   0.00449075467427588      0.   0.   0.
0.464    0.8964640423309959   0.8964640423309959   0.004802808630922942     0.   0.   0.
0.468    0.895120031939543    0.895120031939543    0.00511774998728033      0.   0.   0.
0.472    0.8937635855730506   0.8937635855730506   0.005435605460129307     0.   0.   0.
0.476    0.8923945881628615   0.8923945881628615   0.005756402013457015     0.   0.   0.
0.48     0.8910129235755954   0.8910129235755954   0.0060801668607467696    0.   0.   0.
0.484    0.8896184746033081   0.8896184746033081   0.006406927467283905     0.   0.   0.
0.488    0.888211122953539    0.888211122953539    0.006736711552488011     0.   0.   0.
0.492    0.8867907492392867   0.8867907492392867   0.00706954709226197      0.   0.   0.
0.496    0.8853572329688681   0.8853572329688681   0.007405462321368175     0.   0.   0.
0.5      0.8839104525357117   0.8839104525357117   0.0077444857358204095    0.   0.   0.
0.504    0.8824502852080284   0.8824502852080284   0.008086646095304085     0.   0.   0.
0.508    0.8809766071184106   0.8809766071184106   0.008431972425613691     0.   0.   0.
0.512    0.8794892932533139   0.8794892932533139   0.008780494021117404     0.   0.   0.
0.516    0.8779882174424651   0.8779882174424651   0.009132240447239105     0.   0.   0.
0.52     0.8764732523481447   0.8764732523481447   0.009487241542969952     0.   0.   0.
0.524    0.8749442694543974   0.8749442694543974   0.00984552742339644      0.   0.   0.
0.528    0.8734011390561194   0.8734011390561194   0.010207128482257776     0.   0.   0.
0.532    0.8718437302480668   0.8718437302480668   0.010572075394521457     0.   0.   0.
0.536    0.8702719109137363   0.8702719109137363   0.010940399118988874     0.   0.   0.
0.54     0.868685547714174    0.868685547714174    0.011312130900917696     0.   0.   0.
0.544    0.8670845060766483   0.8670845060766483   0.011687302274676133     0.   0.   0.
0.548    0.8660642970410803   0.8660642970410803   0.012446981606342852     0.   0.   0.
0.552    0.8650450036218139   0.8650450036218139   0.013220314595658679     0.   0.   0.
0.556    0.8640162787966617   0.8640162787966617   0.01400080314702288      0.   0.   0.
0.56     0.8629780352978969   0.8629780352978969   0.014788513470037876     0.   0.   0.
0.564    0.861930185050319    0.861930185050319    0.015583512386932544     0.   0.   0.
0.568    0.8608726391637737   0.8608726391637737   0.016385867338237225     0.   0.   0.
0.572    0.8598053079256208   0.8598053079256208   0.017195646388498194     0.   0.   0.
0.576    0.8587281007931137   0.8587281007931137   0.018012918232059746     0.   0.   0.
0.58     0.8576409263857299   0.8576409263857299   0.018837752198882427     0.   0.   0.
0.584    0.8565436924774078   0.8565436924774078   0.01967021826043312      0.   0.   0.
0.588    0.8554363059887341   0.8554363059887341   0.020510387035612965     0.   0.   0.
0.592    0.8543186729790361   0.8543186729790361   0.02135832979675606      0.   0.   0.
0.596    0.8531906986384256   0.8531906986384256   0.022214118475666237     0.   0.   0.
0.6      0.8520522872797425   0.8520522872797425   0.02307782566972915      0.   0.   0.
0.604    0.8509033423304502   0.8509033423304502   0.023949524648061552     0.   0.   0.
0.608    0.8497437663244322   0.8497437663244322   0.024829289357734707     0.   0.   0.
0.612    0.8485734608937352   0.8485734608937352   0.02571719443003934      0.   0.   0.
0.616    0.8473923267602111   0.8473923267602111   0.02661331518682637      0.   0.   0.
0.62     0.8462002637271099   0.8462002637271099   0.027517727646885707     0.   0.   0.
0.624    0.8449971706705658   0.8449971706705658   0.028430508532405228     0.   0.   0.
0.628    0.8437829455310315   0.8437829455310315   0.02935173527547024      0.   0.   0.
0.632    0.8425574853046077   0.8425574853046077   0.030281486024641126     0.   0.   0.
0.636    0.8413206860343193   0.8413206860343193   0.031219839651572268     0.   0.   0.
0.64     0.8400724428012816   0.8400724428012816   0.03216687575771424      0.   0.   0.
0.644    0.8388126497158137   0.8388126497158137   0.03312267468105603      0.   0.   0.
0.648    0.8375411999084442   0.8375411999084442   0.03408731750294894      0.   0.   0.
0.652    0.8362579855208571   0.8362579855208571   0.03506088605497587      0.   0.   0.
0.656    0.8352578236650995   0.8352578236650995   0.03587066112811247      0.   0.   0.
0.66     0.8343772876730443   0.8343772876730443   0.03661241597876048      0.   0.   0.
0.664    0.8334886041817672   0.8334886041817672   0.037361034202539174     0.   0.   0.
0.668    0.8325916978033884   0.8325916978033884   0.03811657930545636      0.   0.   0.
0.672    0.8316864924524674   0.8316864924524674   0.03887911538113798      0.   0.   0.
0.676    0.83077291133956     0.83077291133956     0.03964870711625588      0.   0.   0.
0.68     0.8298508769646917   0.8298508769646917   0.04042541979602542      0.   0.   0.
0.684    0.8289203111107949   0.8289203111107949   0.04120931930973445      0.   0.   0.
0.688    0.8279811348370639   0.8279811348370639   0.042000472156340486     0.   0.   0.
0.692    0.8270332684722678   0.8270332684722678   0.042798945450103994     0.   0.   0.
0.696    0.8260766316079805   0.8260766316079805   0.04360480692629142      0.   0.   0.
0.7      0.8251111430917726   0.8251111430917726   0.04441812494691055      0.   0.   0.
0.704    0.824136721020315    0.824136721020315    0.04523896850651919      0.   0.   0.
0.708    0.8231532827324409   0.8231532827324409   0.0460674072380706       0.   0.   0.
0.712    0.8221607448021239   0.8221607448021239   0.046903511418828134     0.   0.   0.
0.716    0.8211590230314127   0.8211590230314127   0.04774735197631685      0.   0.   0.
0.72     0.8201480324432752   0.8201480324432752   0.04859900049435213      0.   0.   0.
0.724    0.8191276872744019   0.8191276872744019   0.04945852921910132      0.   0.   0.
0.728    0.8180979009679208   0.8180979009679208   0.0503260110652215       0.   0.   0.
0.732    0.8170585861660644   0.8170585861660644   0.05120151962203576      0.   0.   0.
0.736    0.8160096547027467   0.8160096547027467   0.05208512915978706      0.   0.   0.
0.74     0.8149510175960981   0.8149510175960981   0.05297691463592608      0.   0.   0.
0.744    0.814151048913226    0.814151048913226    0.05401984489878178      0.   0.   0.
0.748    0.8133705712075833   0.8133705712075833   0.05508673940453178      0.   0.   0.
0.752    0.8125828718306434   0.8125828718306434   0.05616350576360145      0.   0.   0.
0.756    0.8117878839611076   0.8117878839611076   0.05725023531912065      0.   0.   0.
0.76     0.8109855401593813   0.8109855401593813   0.058347020259414906     0.   0.   0.
0.764    0.8101757723618642   0.8101757723618642   0.05945395362581114      0.   0.   0.
0.768    0.8093585118751668   0.8093585118751668   0.06057112932054285      0.   0.   0.
0.772    0.8085336893702928   0.8085336893702928   0.0616986421147033       0.   0.   0.
0.776    0.8077012348767459   0.8077012348767459   0.06283658765630037      0.   0.   0.
0.78     0.8068610777766076   0.8068610777766076   0.06398506247835349      0.   0.   0.
0.784    0.8060131467985342   0.8060131467985342   0.06514416400709845      0.   0.   0.
0.788    0.8051573700117213   0.8051573700117213   0.06631399057023821      0.   0.   0.
0.792    0.804293674819791    0.804293674819791    0.06749464140529868      0.   0.   0.
0.796    0.8034219879546466   0.8034219879546466   0.0686862166680298       0.   0.   0.
0.8      0.8025422354702431   0.8025422354702431   0.06988881744092074      0.   0.   0.
0.804    0.8016543427363267   0.8016543427363267   0.0711025457417575       0.   0.   0.
0.808    0.8007582344320937   0.8007582344320937   0.072327504532292        0.   0.   0.
0.812    0.7998538345398112   0.7998538345398112   0.07356379772696132      0.   0.   0.
0.816    0.7990907639681456   0.7990907639681456   0.07486123603960443      0.   0.   0.
0.82     0.798365133613039    0.798365133613039    0.07618545552437622      0.   0.   0.
0.824    0.7976327890829217   0.7976327890829217   0.07752192786118292      0.   0.   0.
0.828    0.7968936682522997   0.7968936682522997   0.07887076642426438      0.   0.   0.
0.832    0.7961477084208334   0.7961477084208334   0.08023208563690884      0.   0.   0.
0.836    0.7953948463080304   0.7953948463080304   0.08160600098113886      0.   0.   0.
0.84     0.7946350180478648   0.7946350180478648   0.08299262900753042      0.   0.   0.
0.844    0.7938681591833712   0.7938681591833712   0.08439208734507925      0.   0.   0.
0.848    0.7930942046611661   0.7930942046611661   0.0858044947111969       0.   0.   0.
0.852    0.7923130888259402   0.7923130888259402   0.08722997092176395      0.   0.   0.
0.856    0.7915247454148765   0.7915247454148765   0.08866863690131559      0.   0.   0.
0.86     0.7907291075520424   0.7907291075520424   0.09012061469327579      0.   0.   0.
0.864    0.789926107742704    0.789926107742704    0.09158602747033297      0.   0.   0.
0.868    0.7891156778676118   0.7891156778676118   0.09306499954486878      0.   0.   0.
0.872    0.7882977491772103   0.7882977491772103   0.09455765637952429      0.   0.   0.
0.876    0.7875086413393257   0.7875086413393257   0.09601812360567799      0.   0.   0.
0.88     0.7868314463216681   0.7868314463216681   0.09734140030727824      0.   0.   0.
0.884    0.7861479852956612   0.7861479852956612   0.09867692113744471      0.   0.   0.
0.888    0.7854582002826417   0.7854582002826417   0.10002479938970812      0.   0.   0.
0.892    0.7847620327674808   0.7847620327674808   0.1013851494058818       0.   0.   0.
0.896    0.7840594236936103   0.7840594236936103   0.10275808658578277      0.   0.   0.
0.9      0.7833503134580239   0.7833503134580239   0.10414372739699752      0.   0.   0.
0.904    0.7826346419062111   0.7826346419062111   0.105542189384783        0.   0.   0.
0.908    0.7819123483270624   0.7819123483270624   0.10695359118202165      0.   0.   0.
0.912    0.78118337144771     0.78118337144771     0.10837805251930197      0.   0.   0.
0.916    0.7804476494283423   0.7804476494283423   0.10981569423505334      0.   0.   0.
0.92     0.7797051198569438   0.7797051198569438   0.11126663828582237      0.   0.   0.
0.924    0.7789557197440137   0.7789557197440137   0.11273100775659484      0.   0.   0.
0.928    0.7781993855172114   0.7781993855172114   0.11420892687125737      0.   0.   0.
0.932    0.7775180511495734   0.7775180511495734   0.1155994306169268       0.   0.   0.
0.936    0.7768756983385723   0.7768756983385723   0.11694697041490439      0.   0.   0.
0.94     0.7762274019101914   0.7762274019101914   0.11830697884511375      0.   0.   0.
0.944    0.7755731068688135   0.7755731068688135   0.11967957127839329      0.   0.   0.
0.948    0.7749127577099587   0.7749127577099587   0.12106486415308489      0.   0.   0.
0.952    0.7742462984155645   0.7742462984155645   0.12246297498493235      0.   0.   0.
0.956    0.7735736724492462   0.7735736724492462   0.12387402237702594      0.   0.   0.
0.96     0.772894822751488    0.772894822751488    0.12529812602989013      0.   0.   0.
0.964    0.7722096917348142   0.7722096917348142   0.12673540675161368      0.   0.   0.
0.968    0.7715182212788942   0.7715182212788942   0.1281859864681184       0.   0.   0.
0.972    0.770820352725622    0.770820352725622    0.12964998823348137      0.   0.   0.
0.976    0.770116026874128    0.770116026874128    0.13112753624039905      0.   0.   0.
0.98     0.7694738333216423   0.7694738333216423   0.1326891089710704       0.   0.   0.
0.984    0.7688779163717445   0.7688779163717445   0.13431864550940376      0.   0.   0.
0.988    0.7682764854701996   0.7682764854701996   0.1359632599636807       0.   0.   0.
0.992    0.767669489597038    0.767669489597038    0.1376230918481474       0.   0.   0.
0.996    0.7670568772602145   0.7670568772602145   0.13929828196794317      0.   0.   0.
1.       0.7664385964912281   0.7664385964912281   0.14098897243107766      0.   0.   0.
1.004    0.7658145948407232   0.7658145948407232   0.14269530666045718      0.   0.   0.
1.008    0.7651848193740347   0.7651848193740347   0.14441742940606994      0.   0.   0.
1.012    0.7645492166666988   0.7645492166666988   0.14615548675725792      0.   0.   0.
1.016    0.7639077327999221   0.7639077327999221   0.14790962615511122      0.   0.   0.
1.02     0.763260313356006    0.763260313356006    0.14967999640497537      0.   0.   0.
1.024    0.7626750057025661   0.7626750057025661   0.15154214219436835      0.   0.   0.
1.028    0.7621132315281631   0.7621132315281631   0.15345356728279727      0.   0.   0.
1.032    0.7615462593213237   0.7615462593213237   0.15538267856981364      0.   0.   0.
1.036    0.7609740409852457   0.7609740409852457   0.15732963970379787      0.   0.   0.
1.04     0.7603965279780929   0.7603965279780929   0.15929461584735066      0.   0.   0.
1.044    0.7598136713088772   0.7598136713088772   0.16127777369130308      0.   0.   0.
1.048    0.7592254215333022   0.7592254215333022   0.16327928146885784      0.   0.   0.
1.052    0.7586317287495692   0.7586317287495692   0.16529930896985973      0.   0.   0.
1.056    0.7580325425941437   0.7580325425941437   0.16733802755520033      0.   0.   0.
1.06     0.7574278122374833   0.7574278122374833   0.16939561017135338      0.   0.   0.
1.064    0.7568869318039605   0.7568869318039605   0.17126863886263394      0.   0.   0.
1.068    0.7563557901672869   0.7563557901672869   0.17311577508808054      0.   0.   0.
1.072    0.7558197339375584   0.7558197339375584   0.1749800026545897       0.   0.   0.
1.076    0.7552787176406056   0.7552787176406056   0.1768614797063924       0.   0.   0.
1.08     0.7547326953814915   0.7547326953814915   0.1787603658510116       0.   0.   0.
1.084    0.7541816208406185   0.7541816208406185   0.1806768221727994       0.   0.   0.
1.088    0.7536254472697989   0.7536254472697989   0.18261101124660392      0.   0.   0.
1.092    0.7530641274882898   0.7530641274882898   0.1845630971515587       0.   0.   0.
1.096    0.7524976138787896   0.7524976138787896   0.18653324548500438      0.   0.   0.
1.1      0.7519847494289746   0.7519847494289746   0.18833415695922792      0.   0.   0.
1.104    0.7514845631624232   0.7514845631624232   0.19009626775501312      0.   0.   0.
1.108    0.7509797487293303   0.7509797487293303   0.19187468316124584      0.   0.   0.
1.112    0.7504702633057979   0.7504702633057979   0.19366955404263         0.   0.   0.
1.116    0.749956063671684    0.749956063671684    0.1954810326598014       0.   0.   0.
1.12     0.7494371062069349   0.7494371062069349   0.1973092726822483       0.   0.   0.
1.124    0.7489133468878859   0.7489133468878859   0.1991544292013434       0.   0.   0.
1.128    0.7483847412835261   0.7483847412835261   0.20101665874350383      0.   0.   0.
1.132    0.7478733902860928   0.7478733902860928   0.2028250629069002       0.   0.   0.
1.136    0.7473884689156547   0.7473884689156547   0.2045502171245049       0.   0.   0.
1.14     0.7468990606230199   0.7468990606230199   0.20629133399754931      0.   0.   0.
1.144    0.7464051238912084   0.7464051238912084   0.2080485612266666       0.   0.   0.
1.148    0.7459066168190884   0.7459066168190884   0.20982204787914518      0.   0.   0.
1.152    0.7454034971178215   0.7454034971178215   0.21161194440157838      0.   0.   0.
1.156    0.7448957221072761   0.7448957221072761   0.21341840263262202      0.   0.   0.
1.16     0.7443832487124052   0.7443832487124052   0.21524157581588033      0.   0.   0.
1.164    0.7439043291745303   0.7439043291745303   0.21699622998987508      0.   0.   0.
1.168    0.7434409746105964   0.7434409746105964   0.21872253354249116      0.   0.   0.
1.172    0.7429733326796696   0.7429733326796696   0.2204648103852126       0.   0.   0.
1.176    0.742501363711231    0.742501363711231    0.22222320831707457      0.   0.   0.
1.18     0.7420250276676958   0.7420250276676958   0.22399787650467687      0.   0.   0.
1.184    0.7415442841410156   0.7415442841410156   0.22578896549484354      0.   0.   0.
1.188    0.7410590923492509   0.7410590923492509   0.22759662722738866      0.   0.   0.
1.192    0.7405833866411358   0.7405833866411358   0.22938746940485133      0.   0.   0.
1.196    0.7401229022895466   0.7401229022895466   0.23114778061196525      0.   0.   0.
1.2      0.739658157128712    0.739658157128712    0.23292437977813885      0.   0.   0.
1.204    0.7391891117338495   0.7391891117338495   0.23471741761400047      0.   0.   0.
1.208    0.7387157263153834   0.7387157263153834   0.23652704622468926      0.   0.   0.
1.212    0.7382379607155702   0.7382379607155702   0.23835341912275287      0.   0.   0.
1.216    0.7377557744050902   0.7377557744050902   0.24019669124117685      0.   0.   0.
1.22     0.7372932135678142   0.7372932135678142   0.2420183778591367       0.   0.   0.
1.224    0.7368406445887965   0.7368406445887965   0.24383402504041096      0.   0.   0.
1.228    0.7363838880405743   0.7363838880405743   0.24566647219820809      0.   0.   0.
1.232    0.7359229051760464   0.7359229051760464   0.24751587478079898      0.   0.   0.
1.236    0.73545765688959     0.73545765688959     0.24938238967479534      0.   0.   0.
1.24     0.7349881037137413   0.7349881037137413   0.2512661752184672       0.   0.   0.
1.244    0.7345265696658738   0.7345265696658738   0.2531404428165571       0.   0.   0.
1.248    0.7340999930956563   0.7340999930956563   0.25494655097184576      0.   0.   0.
1.252    0.7336694694610318   0.7336694694610318   0.2567693708401363       0.   0.   0.
1.256    0.7332349622402626   0.7332349622402626   0.2586090570530076       0.   0.   0.
1.26     0.7327964345736805   0.7327964345736805   0.2604657656728224       0.   0.   0.
1.264    0.7323538492605577   0.7323538492605577   0.2623396542059749       0.   0.   0.
1.268    0.7319185009981198   0.7319185009981198   0.26420342816525105      0.   0.   0.
1.272    0.7315227198377122   0.7315227198377122   0.26597883351598267      0.   0.   0.
1.276    0.7311232765593163   0.7311232765593163   0.2677706664901633       0.   0.   0.
1.28     0.7307201372777712   0.7307201372777712   0.26957907909072343      0.   0.   0.
1.284    0.730313267794381    0.730313267794381    0.2714042247270555       0.   0.   0.
1.288    0.7299026335940126   0.7299026335940126   0.27324625822803494      0.   0.   0.
1.292    0.7295037983282776   0.7295037983282776   0.2750418966297593       0.   0.   0.
1.296    0.7291174951000547   0.7291174951000547   0.27678817311841997      0.   0.   0.
1.3      0.7287276174520704   0.7287276174520704   0.2785506077044876       0.   0.   0.
1.304    0.7283341323106252   0.7283341323106252   0.2803293498969983       0.   0.   0.
1.308    0.7279370062959936   0.7279370062959936   0.2821245505883751       0.   0.   0.
1.312    0.7275395909920014   0.7275395909920014   0.28393097318277555      0.   0.   0.
1.316    0.7271903656524212   0.7271903656524212   0.285671545001662        0.   0.   0.
1.32     0.7268379089705587   0.7268379089705587   0.28742822213329805      0.   0.   0.
1.324    0.726482191047172    0.726482191047172    0.28920115359830584      0.   0.   0.
1.328    0.7261231817063646   0.7261231817063646   0.29099048979618225      0.   0.   0.
1.332    0.7257608504930264   0.7257608504930264   0.292796382518049        0.   0.   0.
1.336    0.7254162549403121   0.7254162549403121   0.2945352491296042       0.   0.   0.
1.34     0.7250710790297054   0.7250710790297054   0.2962798490338259       0.   0.   0.
1.344    0.7247227092457211   0.7247227092457211   0.2980405915222117       0.   0.   0.
1.348    0.7243711160358135   0.7243711160358135   0.29981762596025163      0.   0.   0.
1.352    0.7240162695739888   0.7240162695739888   0.3016111030955027       0.   0.   0.
1.356    0.7236956873753968   0.7236956873753968   0.3033231528548422       0.   0.   0.
1.36     0.7233739423405788   0.7233739423405788   0.30504633584594826      0.   0.   0.
1.364    0.723049220235608    0.723049220235608    0.3067854632529594       0.   0.   0.
1.368    0.7227214935139932   0.7227214935139932   0.30854068260774187      0.   0.   0.
1.372    0.722394987787628    0.722394987787628    0.310287599004871        0.   0.   0.
1.376    0.7220795244654479   0.7220795244654479   0.3119695275680818       0.   0.   0.
1.38     0.7217611421970865   0.7217611421970865   0.3136670188246757       0.   0.   0.
1.384    0.7214398139738669   0.7214398139738669   0.31538021677448413      0.   0.   0.
1.388    0.721115512537205    0.721115512537205    0.3171092667497475       0.   0.   0.
1.392    0.7207812622227483   0.7207812622227483   0.3187823780037562       0.   0.   0.
1.396    0.7204410469470981   0.7204410469470981   0.3204412333558505       0.   0.   0.
1.4      0.7200976836982604   0.7200976836982604   0.3221154379075368       0.   0.   0.
1.404    0.7197511433483986   0.7197511433483986   0.3238051336832079       0.   0.   0.
1.408    0.719385138370975    0.719385138370975    0.32548214713148527      0.   0.   0.
1.412    0.718987325986451    0.718987325986451    0.32712517709268357      0.   0.   0.
1.416    0.7185858326892526   0.7185858326892526   0.3287834098229352       0.   0.   0.
1.42     0.718180624420315    0.718180624420315    0.33045698599172696      0.   0.   0.
1.424    0.7177772951543981   0.7177772951543981   0.3321320126958607       0.   0.   0.
1.428    0.7173945710760616   0.7173945710760616   0.33376185101994693      0.   0.   0.
1.432    0.7170083056954292   0.7170083056954292   0.33540677005237113      0.   0.   0.
1.436    0.7166184662452347   0.7166184662452347   0.33706690933320593      0.   0.   0.
1.44     0.7162281597195242   0.7162281597195242   0.33872969271238695      0.   0.   0.
1.444    0.715849996422277    0.715849996422277    0.34034405654572597      0.   0.   0.
1.448    0.7154683340231215   0.7154683340231215   0.3419733579037027       0.   0.   0.
1.452    0.7150831401452673   0.7150831401452673   0.3436177350015274       0.   0.   0.
1.456    0.7147045914783361   0.7147045914783361   0.3452557924571938       0.   0.   0.
1.46     0.7143477996991123   0.7143477996991123   0.346855726047352        0.   0.   0.
1.464    0.7139877065662019   0.7139877065662019   0.34847046364075146      0.   0.   0.
1.468    0.7136242815325562   0.7136242815325562   0.35010014221714475      0.   0.   0.
1.472    0.7132706172668478   0.7132706172668478   0.3517040435194585       0.   0.   0.
1.476    0.7129247098612729   0.7129247098612729   0.3532884488372815       0.   0.   0.
1.48     0.7125756018138808   0.7125756018138808   0.3548875144770111       0.   0.   0.
1.484    0.7122232635094978   0.7122232635094978   0.3565013760889332       0.   0.   0.
1.488    0.7118885575194032   0.7118885575194032   0.3580510434920564       0.   0.   0.
1.492    0.7115524553449741   0.7115524553449741   0.3596086082184207       0.   0.   0.
1.496    0.7112132432554145   0.7112132432554145   0.3611805849137573       0.   0.   0.
1.5      0.7108835920960612   0.7108835920960612   0.3627446498638513       0.   0.   0.
1.504    0.7105683393975467   0.7105683393975467   0.3642923319694326       0.   0.   0.
1.508    0.7102501697017278   0.7102501697017278   0.36585433460121836      0.   0.   0.
1.512    0.709929617541572    0.709929617541572    0.3674293365021598       0.   0.   0.
1.516    0.7096248809824323   0.7096248809824323   0.36897028678194393      0.   0.   0.
1.52     0.7093173247306271   0.7093173247306271   0.3705254952991183       0.   0.   0.
1.524    0.709006922695862    0.709006922695862    0.3720950939835265       0.   0.   0.
1.528    0.7087137117360449   0.7087137117360449   0.3736444376591137       0.   0.   0.
1.532    0.7084249137888627   0.7084249137888627   0.3751957646404709       0.   0.   0.
1.536    0.7081334436271757   0.7081334436271757   0.3767614458736565       0.   0.   0.
1.54     0.7078434388324478   0.7078434388324478   0.3783027596269456       0.   0.   0.
1.544    0.7075542384650494   0.7075542384650494   0.37982577677916923      0.   0.   0.
1.548    0.7072623621595984   0.7072623621595984   0.38136288623559345      0.   0.   0.
1.552    0.7069789283375695   0.7069789283375695   0.38288839941733244      0.   0.   0.
1.556    0.7067069523739989   0.7067069523739989   0.3843954033408887       0.   0.   0.
1.56     0.7064324598478214   0.7064324598478214   0.38591635140006825      0.   0.   0.
1.564    0.7061579163480655   0.7061579163480655   0.387427841105127        0.   0.   0.
1.568    0.705884190783036    0.705884190783036    0.3889215652292246       0.   0.   0.
1.572    0.7056079324665374   0.7056079324665374   0.39042911061247026      0.   0.   0.
1.576    0.7053406888024019   0.7053406888024019   0.39191603811843284      0.   0.   0.
1.58     0.7050829658478132   0.7050829658478132   0.3933808943497837       0.   0.   0.
1.584    0.704822858212086    0.704822858212086    0.3948593047289634       0.   0.   0.
1.588    0.704563080369337    0.704563080369337    0.3963090698596998       0.   0.   0.
1.592    0.7043024803060071   0.7043024803060071   0.39774778955833723      0.   0.   0.
1.596    0.7040394689399798   0.7040394689399798   0.3991998215664402       0.   0.   0.
1.6      0.7037851832703754   0.7037851832703754   0.40061902483971745      0.   0.   0.
1.604    0.7035305118425426   0.7035305118425426   0.40204320456950665      0.   0.   0.
1.608    0.7032764037173729   0.7032764037173729   0.4034747629811239       0.   0.   0.
1.612    0.7030385403574402   0.7030385403574402   0.404882632788178        0.   0.   0.
1.616    0.7027984760749357   0.7027984760749357   0.4063035294541699       0.   0.   0.
1.62     0.7025573688163481   0.7025573688163481   0.4077133621932646       0.   0.   0.
1.624    0.7023152727074936   0.7023152727074936   0.4091107181892226       0.   0.   0.
1.628    0.7020709365109246   0.7020709365109246   0.41052100376101797      0.   0.   0.
1.632    0.7018427369864462   0.7018427369864462   0.4119015494422302       0.   0.   0.
1.636    0.7016144165984171   0.7016144165984171   0.41329023929877756      0.   0.   0.
1.64     0.7013844999549474   0.7013844999549474   0.41467473244188796      0.   0.   0.
1.644    0.7011533106669116   0.7011533106669116   0.4160438195478877       0.   0.   0.
1.648    0.700919982210731    0.700919982210731    0.41742557466091         0.   0.   0.
1.652    0.7007021497866955   0.7007021497866955   0.41878077371281797      0.   0.   0.
1.656    0.7004840559956784   0.7004840559956784   0.42014460329171704      0.   0.   0.
1.66     0.7002641709898195   0.7002641709898195   0.4215005331579192       0.   0.   0.
1.664    0.7000424818533635   0.7000424818533635   0.4228481592295313       0.   0.   0.
1.668    0.6998212688458114   0.6998212688458114   0.424201625482007        0.   0.   0.
1.672    0.6996140355226692   0.6996140355226692   0.42552557823258463      0.   0.   0.
1.676    0.6994048846931972   0.6994048846931972   0.4268617813671319       0.   0.   0.
1.68     0.6991935148137546   0.6991935148137546   0.4281867978227691       0.   0.   0.
1.684    0.6989801293428477   0.6989801293428477   0.42951911134179604      0.   0.   0.
1.688    0.6987747998648445   0.6987747998648445   0.43083812693664664      0.   0.   0.
1.692    0.6985753424085867   0.6985753424085867   0.4321494915972438       0.   0.   0.
1.696    0.6983831339375558   0.6983831339375558   0.4334609641454342       0.   0.   0.
1.7      0.6982062121265628   0.6982062121265628   0.4347620057851319       0.   0.   0.
1.704    0.6980336902476392   0.6980336902476392   0.4360756255020667       0.   0.   0.
1.708    0.6978877418060154   0.6978877418060154   0.43740391828581965      0.   0.   0.
1.712    0.6977415855621308   0.6977415855621308   0.43874377166682565      0.   0.   0.
1.716    0.697616748384809    0.697616748384809    0.440081539554314        0.   0.   0.
1.72     0.697490756103307    0.697490756103307    0.4414316856556643       0.   0.   0.
1.724    0.6973768798408196   0.6973768798408196   0.4427541212144299       0.   0.   0.
1.728    0.6972625033347675   0.6972625033347675   0.4440871178856495       0.   0.   0.
1.732    0.6971674843025106   0.6971674843025106   0.4453874269297538       0.   0.   0.
1.736    0.6970735760924611   0.6970735760924611   0.4466953791096525       0.   0.   0.
1.74     0.6969900589574125   0.6969900589574125   0.4479807416632964       0.   0.   0.
1.744    0.6969070137300203   0.6969070137300203   0.4492741626745411       0.   0.   0.
1.748    0.6968259505656196   0.6968259505656196   0.45054513378892874      0.   0.   0.
1.752    0.6967443557184954   0.6967443557184954   0.45182513230671945      0.   0.   0.
1.756    0.6966827983766383   0.6966827983766383   0.45306360128220907      0.   0.   0.
1.76     0.6966203519131224   0.6966203519131224   0.4543100627077409       0.   0.   0.
1.764    0.6965509417440924   0.6965509417440924   0.4555368894239734       0.   0.   0.
1.768    0.6964813880589126   0.6964813880589126   0.4567643399107068       0.   0.   0.
1.772    0.6964130639492654   0.6964130639492654   0.4579628554213236       0.   0.   0.
1.776    0.6963382270360305   0.6963382270360305   0.45916095628737075      0.   0.   0.
1.78     0.6962526711789304   0.6962526711789304   0.46035052799376         0.   0.   0.
1.784    0.6961577074953272   0.6961577074953272   0.4615291530581738       0.   0.   0.
1.788    0.6960550958676527   0.6960550958676527   0.4627014360823726       0.   0.   0.
1.792    0.6959185977229083   0.6959185977229083   0.46384785345926427      0.   0.   0.
1.796    0.695769805904474    0.695769805904474    0.4649937335620404       0.   0.   0.
1.8      0.6955623236568804   0.6955623236568804   0.4661236992272806       0.   0.   0.
1.804    0.6953298647570949   0.6953298647570949   0.4672532448474294       0.   0.   0.
1.808    0.6950428615992807   0.6950428615992807   0.4683685290484091       0.   0.   0.
1.812    0.6947253158006534   0.6947253158006534   0.4694731273112655       0.   0.   0.
1.816    0.6943869254600092   0.6943869254600092   0.4705744585941552       0.   0.   0.
1.82     0.6940208121096922   0.6940208121096922   0.47165455904675146      0.   0.   0.
1.824    0.6936476213175998   0.6936476213175998   0.4727330989324116       0.   0.   0.
1.828    0.6932659164689159   0.6932659164689159   0.4737986973621642       0.   0.   0.
1.832    0.6928821360804631   0.6928821360804631   0.4748529583533873       0.   0.   0.
1.836    0.6924956739241382   0.6924956739241382   0.4759050237690749       0.   0.   0.
1.84     0.6921075751029384   0.6921075751029384   0.47694701514586985      0.   0.   0.
1.844    0.6917260811063131   0.6917260811063131   0.47797899852449943      0.   0.   0.
1.848    0.6913511456378776   0.6913511456378776   0.4790010883024412       0.   0.   0.
1.852    0.6909741372060548   0.6909741372060548   0.4800138293665885       0.   0.   0.
1.856    0.6906020202953681   0.6906020202953681   0.4810230421282781       0.   0.   0.
1.86     0.6902378255796835   0.6902378255796835   0.4820252342359597       0.   0.   0.
1.864    0.6898877736570663   0.6898877736570663   0.48301149258282555      0.   0.   0.
1.868    0.6895401594766453   0.6895401594766453   0.4839969930874178       0.   0.   0.
1.872    0.6891947666033037   0.6891947666033037   0.4849814874670093       0.   0.   0.
1.876    0.6888725969114768   0.6888725969114768   0.48594979438589636      0.   0.   0.
1.88     0.6885622367602116   0.6885622367602116   0.48691757521633766      0.   0.   0.
1.884    0.6882627262227149   0.6882627262227149   0.4878849031266          0.   0.   0.
1.888    0.6879675978041511   0.6879675978041511   0.48884646019072636      0.   0.   0.
1.892    0.6876871714672476   0.6876871714672476   0.48981251664790615      0.   0.   0.
1.896    0.6874197041355282   0.6874197041355282   0.4907835881737966       0.   0.   0.
1.9      0.6871678831785443   0.6871678831785443   0.4917590734795919       0.   0.   0.
1.904    0.6869194693419177   0.6869194693419177   0.49274624772854086      0.   0.   0.
1.908    0.6866777543643169   0.6866777543643169   0.493729322731939        0.   0.   0.
1.912    0.6864438235622716   0.6864438235622716   0.4947073313583482       0.   0.   0.
1.916    0.6862195251523935   0.6862195251523935   0.4956826810820644       0.   0.   0.
1.92     0.6860060609543828   0.6860060609543828   0.49665424296717986      0.   0.   0.
1.924    0.6857952140565516   0.6857952140565516   0.49763027629425155      0.   0.   0.
1.928    0.6855885817438228   0.6855885817438228   0.49860664494773416      0.   0.   0.
1.932    0.685390163027873    0.685390163027873    0.49957538293342696      0.   0.   0.
1.936    0.6851945000322375   0.6851945000322375   0.500539737265935        0.   0.   0.
1.94     0.6850140286709527   0.6850140286709527   0.5015100311507379       0.   0.   0.
1.944    0.6848396928119844   0.6848396928119844   0.5024772477595969       0.   0.   0.
1.948    0.684666788423636    0.684666788423636    0.5034389315110824       0.   0.   0.
1.952    0.6844961417486126   0.6844961417486126   0.5043997186549556       0.   0.   0.
1.956    0.6843450690121567   0.6843450690121567   0.5053576548183112       0.   0.   0.
1.96     0.6841953928118989   0.6841953928118989   0.5063220599331122       0.   0.   0.
1.964    0.6840469766063574   0.6840469766063574   0.5072813390842309       0.   0.   0.
1.968    0.68390831540142     0.68390831540142     0.5082366469394057       0.   0.   0.
1.972    0.6837807190906462   0.6837807190906462   0.5091940048106118       0.   0.   0.
1.976    0.6836542462396785   0.6836542462396785   0.51015586412455         0.   0.   0.
1.98     0.6835289019514148   0.6835289019514148   0.5111091404221348       0.   0.   0.
1.984    0.6834233160078128   0.6834233160078128   0.5120604634227846       0.   0.   0.
1.988    0.6833186693941444   0.6833186693941444   0.5130114169023258       0.   0.   0.
1.992    0.6832217981432194   0.6832217981432194   0.5139688844676626       0.   0.   0.
1.996    0.6831281039032738   0.6831281039032738   0.5149224462739052       0.   0.   0.
2.       0.6829208230205756   0.6829208230205756   0.5158276456911423       0.   0.   0.
2.004    0.6827195300370318   0.6827195300370318   0.5167414004734222       0.   0.   0.
2.008    0.6826395730242689   0.6826395730242689   0.5177031050285847       0.   0.   0.
2.012    0.6825603455416397   0.6825603455416397   0.5186503686177701       0.   0.   0.
2.016    0.6824794240163      0.6824794240163      0.519586538483157        0.   0.   0.
2.02     0.6823924948229387   0.6823924948229387   0.5205093779619999       0.   0.   0.
2.024    0.6823046590789785   0.6823046590789785   0.5214291702243169       0.   0.   0.
2.028    0.6822086851147      0.6822086851147      0.5223330214639642       0.   0.   0.
2.032    0.6821072626519836   0.6821072626519836   0.5232271835380284       0.   0.   0.
2.036    0.6820119904987457   0.6820119904987457   0.5241052750599089       0.   0.   0.
2.04     0.6819032030951947   0.6819032030951947   0.5249752636470849       0.   0.   0.
2.044    0.6818003360996339   0.6818003360996339   0.525837229072238        0.   0.   0.
2.048    0.6816846514132248   0.6816846514132248   0.5266895976152759       0.   0.   0.
2.052    0.6815736692475887   0.6815736692475887   0.5275266150412362       0.   0.   0.
2.056    0.6814515395389348   0.6814515395389348   0.5283559476046197       0.   0.   0.
2.06     0.681334670262109    0.681334670262109    0.5291776829960885       0.   0.   0.
2.064    0.6812091899975147   0.6812091899975147   0.529988667992747        0.   0.   0.
2.068    0.6810789279714057   0.6810789279714057   0.5307863399503815       0.   0.   0.
2.072    0.6809498488079679   0.6809498488079679   0.5315767685354776       0.   0.   0.
2.076    0.6808167141982712   0.6808167141982712   0.5323600448135586       0.   0.   0.
2.08     0.6806748045831593   0.6806748045831593   0.5331302318588398       0.   0.   0.
2.084    0.6805310261516573   0.6805310261516573   0.5338903616084051       0.   0.   0.
2.088    0.6803885329469053   0.6803885329469053   0.5346358466452809       0.   0.   0.
2.092    0.6802386452763401   0.6802386452763401   0.5353804739203661       0.   0.   0.
2.096    0.6800879664595667   0.6800879664595667   0.5361099535794664       0.   0.   0.
2.1      0.6799282575347971   0.6799282575347971   0.53682985292399         0.   0.   0.
2.104    0.6797551514898957   0.6797551514898957   0.5375373319823359       0.   0.   0.
2.108    0.6795682648248706   0.6795682648248706   0.538232895162674        0.   0.   0.
2.112    0.6793653389235642   0.6793653389235642   0.5389189196995433       0.   0.   0.
2.116    0.6791508904528538   0.6791508904528538   0.5395885462992569       0.   0.   0.
2.12     0.6789296312115579   0.6789296312115579   0.540242784870564        0.   0.   0.
2.124    0.6787061908167961   0.6787061908167961   0.5408873061878795       0.   0.   0.
2.128    0.6784795765854383   0.6784795765854383   0.5415212331295693       0.   0.   0.
2.132    0.6782549364129713   0.6782549364129713   0.5421421200578866       0.   0.   0.
2.136    0.678030811138582    0.678030811138582    0.5427524584195397       0.   0.   0.
2.14     0.677805276305953    0.677805276305953    0.5433543788051147       0.   0.   0.
2.144    0.6775869039531164   0.6775869039531164   0.5439507169891487       0.   0.   0.
2.148    0.6773634741306702   0.6773634741306702   0.5445381188225354       0.   0.   0.
2.152    0.6771494441324224   0.6771494441324224   0.54511663815864         0.   0.   0.
2.156    0.6769371612000069   0.6769371612000069   0.545689124338246        0.   0.   0.
2.16     0.6767266928410547   0.6767266928410547   0.546260880696021        0.   0.   0.
2.164    0.676518537489863    0.676518537489863    0.5468263535587404       0.   0.   0.
2.168    0.6763169998778963   0.6763169998778963   0.547387316581059        0.   0.   0.
2.172    0.6761452429747417   0.6761452429747417   0.5479439596168997       0.   0.   0.
2.176    0.6759368581568654   0.6759368581568654   0.5485063991955595       0.   0.   0.
2.18     0.6757341488211615   0.6757341488211615   0.5490648700818571       0.   0.   0.
2.184    0.6755637509161332   0.6755637509161332   0.549630631763562        0.   0.   0.
2.188    0.6753727793829398   0.6753727793829398   0.5501931981749497       0.   0.   0.
2.192    0.6751674845008353   0.6751674845008353   0.5507651117949838       0.   0.   0.
2.196    0.6750285259162141   0.6750285259162141   0.5513386885527345       0.   0.   0.
2.2      0.6748281820145832   0.6748281820145832   0.5519200127850583       0.   0.   0.
2.204    0.6746917006328403   0.6746917006328403   0.5525130979036198       0.   0.   0.
2.208    0.6745568989765256   0.6745568989765256   0.5531014079181491       0.   0.   0.
2.212    0.6743621633822556   0.6743621633822556   0.5536867964232228       0.   0.   0.
2.216    0.674230390183122    0.674230390183122    0.5542733937055828       0.   0.   0.
2.22     0.6740724723688774   0.6740724723688774   0.5548572120266666       0.   0.   0.
2.224    0.6739109250104733   0.6739109250104733   0.5554425956227492       0.   0.   0.
2.228    0.6737835057877374   0.6737835057877374   0.5560279692752824       0.   0.   0.
2.232    0.6736507530086349   0.6736507530086349   0.55661480965666         0.   0.   0.
2.236    0.6734738324452867   0.6734738324452867   0.5571996610656483       0.   0.   0.
2.24     0.6733502954585813   0.6733502954585813   0.5577804752940655       0.   0.   0.
2.244    0.6732278540583259   0.6732278540583259   0.5583644005354579       0.   0.   0.
2.248    0.6731066423547176   0.6731066423547176   0.55894975961353         0.   0.   0.
2.252    0.672930451696954    0.672930451696954    0.5595316335212501       0.   0.   0.
2.256    0.6728119168160692   0.6728119168160692   0.5601001291716243       0.   0.   0.
2.26     0.6726944896535294   0.6726944896535294   0.5607040937828649       0.   0.   0.
2.264    0.6725780596408742   0.6725780596408742   0.5613023883425863       0.   0.   0.
2.268    0.6724627409985808   0.6724627409985808   0.5618865345856784       0.   0.   0.
2.272    0.6723485233408544   0.6723485233408544   0.5624573193022968       0.   0.   0.
2.276    0.6722352973652221   0.6722352973652221   0.5630236644228427       0.   0.   0.
2.28     0.6721230669366854   0.6721230669366854   0.5636356108657998       0.   0.   0.
2.284    0.6720119578345056   0.6720119578345056   0.5641942309975464       0.   0.   0.
2.288    0.6719018582671016   0.6719018582671016   0.5647973955107488       0.   0.   0.
2.292    0.6718123039141638   0.6718123039141638   0.565375628502669        0.   0.   0.
2.296    0.6717351795043598   0.6717351795043598   0.5659370480936562       0.   0.   0.
2.3      0.6716290726817042   0.6716290726817042   0.566516290726817        0.   0.   0.
2.304    0.6716290726817042   0.6716290726817042   0.566516290726817        0.   0.   0.
2.308    0.6716290726817042   0.6716290726817042   0.566516290726817        0.   0.   0.
2.312    0.6716290726817042   0.6716290726817042   0.566516290726817        0.   0.   0.
2.316    0.6716290726817042   0.6716290726817042   0.566516290726817        0.   0.   0.
2.32     0.6716290726817042   0.6716290726817042   0.566516290726817        0.   0.   0.
2.324    0.6716290726817042   0.6716290726817042   0.566516290726817        0.   0.   0.
2.328    0.6716290726817042   0.6716290726817042   0.566516290726817        0.   0.   0.
2.332    0.6716290726817042   0.6716290726817042   0.566516290726817        0.   0.   0.
2.336    0.6716290726817042   0.6716290726817042   0.566516290726817        0.   0.   0.
2.34     0.6716290726817042   0.6716290726817042   0.566516290726817        0.   0.   0.
2.344    0.6716290726817042   0.6716290726817042   0.566516290726817        0.   0.   0.
2.348    0.6716290726817042   0.6716290726817042   0.566516290726817        0.   0.   0.
2.352    0.6716290726817042   0.6716290726817042   0.566516290726817        0.   0.   0.
2.356    0.6716290726817042   0.6716290726817042   0.566516290726817        0.   0.   0.
2.36     0.6716290726817042   0.6716290726817042   0.566516290726817        0.   0.   0.
2.364    0.6716290726817042   0.6716290726817042   0.566516290726817        0.   0.   0.
2.368    0.6716290726817042   0.6716290726817042   0.566516290726817        0.   0.   0.
2.372    0.6716290726817042   0.6716290726817042   0.566516290726817        0.   0.   0.
2.376    0.6716290726817042   0.6716290726817042   0.566516290726817        0.   0.   0.
2.38     0.6716290726817042   0.6716290726817042   0.566516290726817        0.   0.   0.
2.384    0.6716290726817042   0.6716290726817042   0.566516290726817        0.   0.   0.
2.388    0.6716290726817042   0.6716290726817042   0.566516290726817        0.   0.   0.
2.392    0.6716290726817042   0.6716290726817042   0.566516290726817        0.   0.   0.
2.396    0.6716290726817042   0.6716290726817042   0.566516290726817        0.   0.   0.
2.4      0.6716290726817042   0.6716290726817042   0.566516290726817        0.   0.   0.
2.404    0.6716290726817042   0.6716290726817042   0.566516290726817        0.   0.   0.
2.408    0.6716290726817042   0.6716290726817042   0.566516290726817        0.   0.   0.
2.412    0.6716290726817042   0.6716290726817042   0.566516290726817        0.   0.   0.
2.416    0.6716290726817042   0.6716290726817042   0.566516290726817        0.   0.   0.
2.42     0.6716290726817042   0.6716290726817042   0.566516290726817        0.   0.   0.
2.424    0.6716290726817042   0.6716290726817042   0.566516290726817        0.   0.   0.
2.428    0.6716290726817042   0.6716290726817042   0.566516290726817        0.   0.   0.
2.432    0.6716290726817042   0.6716290726817042   0.566516290726817        0.   0.   0.
2.436    0.6716290726817042   0.6716290726817042   0.566516290726817        0.   0.   0.
2.44     0.6716290726817042   0.6716290726817042   0.566516290726817        0.   0.   0.
2.444    0.6716290726817042   0.6716290726817042   0.566516290726817        0.   0.   0.
2.448    0.6716290726817042   0.6716290726817042   0.566516290726817        0.   0.   0.
2.452    0.6716290726817042   0.6716290726817042   0.566516290726817        0.   0.   0.
2.456    0.6716290726817042   0.6716290726817042   0.566516290726817        0.   0.   0.
2.46     0.6716290726817042   0.6716290726817042   0.566516290726817        0.   0.   0.
2.464    0.6716290726817042   0.6716290726817042   0.566516290726817        0.   0.   0.
2.468    0.6716290726817042   0.6716290726817042   0.566516290726817        0.   0.   0.
2.472    0.6716290726817042   0.6716290726817042   0.566516290726817        0.   0.   0.
2.476    0.6716290726817042   0.6716290726817042   0.566516290726817        0.   0.   0.
2.48     0.6716290726817042   0.6716290726817042   0.566516290726817        0.   0.   0.
2.484    0.6716290726817042   0.6716290726817042   0.566516290726817        0.   0.   0.
2.488    0.6716290726817042   0.6716290726817042   0.566516290726817        0.   0.   0.
2.492    0.6716290726817042   0.6716290726817042   0.566516290726817        0.   0.   0.
2.496    0.6716290726817042   0.6716290726817042   0.566516290726817        0.   0.   0.
2.5      0.6716290726817042   0.6716290726817042   0.566516290726817        0.   0.   0.
2.504    0.6716290726817042   0.6716290726817042   0.566516290726817        0.   0.   0.
2.508    0.6716290726817042   0.6716290726817042   0.566516290726817        0.   0.   0.
2.512    0.6716290726817042   0.6716290726817042   0.566516290726817        0.   0.   0.
2.516    0.6716290726817042   0.6716290726817042   0.566516290726817        0.   0.   0.
2.52     0.6716290726817042   0.6716290726817042   0.566516290726817        0.   0.   0.
2.524    0.6716290726817042   0.6716290726817042   0.566516290726817        0.   0.   0.
2.528    0.6716290726817042   0.6716290726817042   0.566516290726817        0.   0.   0.
2.532    0.6716290726817042   0.6716290726817042   0.566516290726817        0.   0.   0.
2.536    0.6716290726817042   0.6716290726817042   0.566516290726817        0.   0.   0.
2.54     0.6716290726817042   0.6716290726817042   0.566516290726817        0.   0.   0.
2.544    0.6716290726817042   0.6716290726817042   0.566516290726817        0.   0.   0.
2.548    0.6716290726817042   0.6716290726817042   0.566516290726817        0.   0.   0.
2.552    0.6716290726817042   0.6716290726817042   0.566516290726817        0.   0.   0.
2.556    0.6716290726817042   0.6716290726817042   0.566516290726817        0.   0.   0.
2.56     0.6716290726817042   0.6716290726817042   0.566516290726817        0.   0.   0.
2.564    0.6716290726817042   0.6716290726817042   0.566516290726817        0.   0.   0.
2.568    0.6716290726817042   0.6716290726817042   0.566516290726817        0.   0.   0.
2.572    0.6716290726817042   0.6716290726817042   0.566516290726817        0.   0.   0.
2.576    0.6716290726817042   0.6716290726817042   0.566516290726817        0.   0.   0.
2.58     0.6716290726817042   0.6716290726817042   0.566516290726817        0.   0.   0.
2.584    0.6716290726817042   0.6716290726817042   0.566516290726817        0.   0.   0.
2.588    0.6716290726817042   0.6716290726817042   0.566516290726817        0.   0.   0.
2.592    0.6716290726817042   0.6716290726817042   0.566516290726817        0.   0.   0.
2.596    0.6716290726817042   0.6716290726817042   0.566516290726817        0.   0.   0.
2.6      0.6716290726817042   0.6716290726817042   0.566516290726817        0.   0.   0.
2.604    0.6716290726817042   0.6716290726817042   0.566516290726817        0.   0.   0.
2.608    0.6716290726817042   0.6716290726817042   0.566516290726817        0.   0.   0.
2.612    0.6716290726817042   0.6716290726817042   0.566516290726817        0.   0.   0.
2.616    0.6716290726817042   0.6716290726817042   0.566516290726817        0.   0.   0.
2.62     0.6716290726817042   0.6716290726817042   0.566516290726817        0.   0.   0.
2.624    0.6716290726817042   0.6716290726817042   0.566516290726817        0.   0.   0.
2.628    0.6716290726817042   0.6716290726817042   0.566516290726817        0.   0.   0.
2.632    0.6716290726817042   0.6716290726817042   0.566516290726817        0.   0.   0.
2.636    0.6716290726817042   0.6716290726817042   0.566516290726817        0.   0.   0.
2.64     0.6716290726817042   0.6716290726817042   0.566516290726817        0.   0.   0.
2.644    0.6716290726817042   0.6716290726817042   0.566516290726817        0.   0.   0.
2.648    0.6716290726817042   0.6716290726817042   0.566516290726817        0.   0.   0.
2.652    0.6716290726817042   0.6716290726817042   0.566516290726817        0.   0.   0.
2.656    0.6716290726817042   0.6716290726817042   0.566516290726817        0.   0.   0.
2.66     0.6716290726817042   0.6716290726817042   0.566516290726817        0.   0.   0.
2.664    0.6716290726817042   0.6716290726817042   0.566516290726817        0.   0.   0.
2.668    0.6716290726817042   0.6716290726817042   0.566516290726817        0.   0.   0.
2.672    0.6716290726817042   0.6716290726817042   0.566516290726817        0.   0.   0.
2.676    0.6716290726817042   0.6716290726817042   0.566516290726817        0.   0.   0.
2.68     0.6716290726817042   0.6716290726817042   0.566516290726817        0.   0.   0.
2.684    0.6716290726817042   0.6716290726817042   0.566516290726817        0.   0.   0.
2.688    0.6716290726817042   0.6716290726817042   0.566516290726817        0.   0.   0.
2.692    0.6716290726817042   0.6716290726817042   0.566516290726817        0.   0.   0.
2.696    0.6716290726817042   0.6716290726817042   0.566516290726817        0.   0.   0.
2.7      0.6716290726817042   0.6716290726817042   0.566516290726817        0.   0.   0.
2.704    0.6716290726817042   0.6716290726817042   0.566516290726817        0.   0.   0.
2.708    0.6716290726817042   0.6716290726817042   0.566516290726817        0.   0.   0.
2.712    0.6716290726817042   0.6716290726817042   0.566516290726817        0.   0.   0.
2.716    0.6716290726817042   0.6716290726817042   0.566516290726817        0.   0.   0.
2.72     0.6716290726817042   0.6716290726817042   0.566516290726817        0.   0.   0.
2.724    0.6716290726817042   0.6716290726817042   0.566516290726817        0.   0.   0.
2.728    0.6716290726817042   0.6716290726817042   0.566516290726817        0.   0.   0.
2.732    0.6716290726817042   0.6716290726817042   0.566516290726817        0.   0.   0.
2.736    0.6716290726817042   0.6716290726817042   0.566516290726817        0.   0.   0.
2.74     0.6716290726817042   0.6716290726817042   0.566516290726817        0.   0.   0.
2.744    0.6716290726817042   0.6716290726817042   0.566516290726817        0.   0.   0.
2.748    0.6716290726817042   0.6716290726817042   0.566516290726817        0.   0.   0.
2.752    0.6716290726817042   0.6716290726817042   0.566516290726817        0.   0.   0.
2.756    0.6716290726817042   0.6716290726817042   0.566516290726817        0.   0.   0.
2.76     0.6716290726817042   0.6716290726817042   0.566516290726817        0.   0.   0.
2.764    0.6716290726817042   0.6716290726817042   0.566516290726817        0.   0.   0.
2.768    0.6716290726817042   0.6716290726817042   0.566516290726817        0.   0.   0.
2.772    0.6716290726817042   0.6716290726817042   0.566516290726817        0.   0.   0.
2.776    0.6716290726817042   0.6716290726817042   0.566516290726817        0.   0.   0.
2.78     0.6716290726817042   0.6716290726817042   0.566516290726817        0.   0.   0.
2.784    0.6716290726817042   0.6716290726817042   0.566516290726817        0.   0.   0.
2.788    0.6716290726817042   0.6716290726817042   0.566516290726817        0.   0.   0.
2.792    0.6716290726817042   0.6716290726817042   0.566516290726817        0.   0.   0.
2.796    0.6716290726817042   0.6716290726817042   0.566516290726817        0.   0.   0.
2.8      0.6716290726817042   0.6716290726817042   0.566516290726817        0.   0.   0.
2.804    0.6716290726817042   0.6716290726817042   0.566516290726817        0.   0.   0.
2.808    0.6716290726817042   0.6716290726817042   0.566516290726817        0.   0.   0.
2.812    0.6716290726817042   0.6716290726817042   0.566516290726817        0.   0.   0.
2.816    0.6716290726817042   0.6716290726817042   0.566516290726817        0.   0.   0.
2.82     0.6716290726817042   0.6716290726817042   0.566516290726817        0.   0.   0.
2.824    0.6716290726817042   0.6716290726817042   0.566516290726817        0.   0.   0.
2.828    0.6716290726817042   0.6716290726817042   0.566516290726817        0.   0.   0.
2.832    0.6716290726817042   0.6716290726817042   0.566516290726817        0.   0.   0.
2.836    0.6716290726817042   0.6716290726817042   0.566516290726817        0.   0.   0.
2.84     0.6716290726817042   0.6716290726817042   0.566516290726817        0.   0.   0.
2.844    0.6716290726817042   0.6716290726817042   0.566516290726817        0.   0.   0.
2.848    0.6716290726817042   0.6716290726817042   0.566516290726817        0.   0.   0.
2.852    0.6716290726817042   0.6716290726817042   0.566516290726817        0.   0.   0.
2.856    0.6716290726817042   0.6716290726817042   0.566516290726817        0.   0.   0.
2.86     0.6716290726817042   0.6716290726817042   0.566516290726817        0.   0.   0.
2.864    0.6716290726817042   0.6716290726817042   0.566516290726817        0.   0.   0.
2.868    0.6716290726817042   0.6716290726817042   0.566516290726817        0.   0.   0.
2.872    0.6716290726817042   0.6716290726817042   0.566516290726817        0.   0.   0.
2.876    0.6716290726817042   0.6716290726817042   0.566516290726817        0.   0.   0.
2.88     0.6716290726817042   0.6716290726817042   0.566516290726817        0.   0.   0.
2.884    0.6716290726817042   0.6716290726817042   0.566516290726817        0.   0.   0.
2.888    0.6716290726817042   0.6716290726817042   0.566516290726817        0.   0.   0.
2.892    0.6716290726817042   0.6716290726817042   0.566516290726817        0.   0.   0.
2.896    0.6716290726817042   0.6716290726817042   0.566516290726817        0.   0.   0.
2.9      0.6716290726817042   0.6716290726817042   0.566516290726817        0.   0.   0.
2.904    0.6716290726817042   0.6716290726817042   0.566516290726817        0.   0.   0.
2.908    0.6716290726817042   0.6716290726817042   0.566516290726817        0.   0.   0.
2.912    0.6716290726817042   0.6716290726817042   0.566516290726817        0.   0.   0.
2.916    0.6716290726817042   0.6716290726817042   0.566516290726817        0.   0.   0.
2.92     0.6716290726817042   0.6716290726817042   0.566516290726817        0.   0.   0.
2.924    0.6716290726817042   0.6716290726817042   0.566516290726817        0.   0.   0.
2.928    0.6716290726817042   0.6716290726817042   0.566516290726817        0.   0.   0.
2.932    0.6716290726817042   0.6716290726817042   0.566516290726817        0.   0.   0.
2.936    0.6716290726817042   0.6716290726817042   0.566516290726817        0.   0.   0.
2.94     0.6716290726817042   0.6716290726817042   0.566516290726817        0.   0.   0.
2.944    0.6716290726817042   0.6716290726817042   0.566516290726817        0.   0.   0.
2.948    0.6716290726817042   0.6716290726817042   0.566516290726817        0.   0.   0.
2.952    0.6716290726817042   0.6716290726817042   0.566516290726817        0.   0.   0.
2.956    0.6716290726817042   0.6716290726817042   0.566516290726817        0.   0.   0.
2.96     0.6716290726817042   0.6716290726817042   0.566516290726817        0.   0.   0.
2.964    0.6716290726817042   0.6716290726817042   0.566516290726817        0.   0.   0.
2.968    0.6716290726817042   0.6716290726817042   0.566516290726817        0.   0.   0.
2.972    0.6716290726817042   0.6716290726817042   0.566516290726817        0.   0.   0.
2.976    0.6716290726817042   0.6716290726817042   0.566516290726817        0.   0.   0.
2.98     0.6716290726817042   0.6716290726817042   0.566516290726817        0.   0.   0.
2.984    0.6716290726817042   0.6716290726817042   0.566516290726817        0.   0.   0.
2.988    0.6716290726817042   0.6716290726817042   0.566516290726817        0.   0.   0.
2.992    0.6716290726817042   0.6716290726817042   0.566516290726817        0.   0.   0.
2.996    0.6716290726817042   0.6716290726817042   0.566516290726817        0.   0.   0.
3.       0.6716290726817042   0.6716290726817042   0.566516290726817        0.   0.   0.
