0.	2.2624e-10	2.0967999999999997e-10	0.	3.4201142857142863e-10	3.2490285714285717e-10	0.
0.125	2.4262095238095236e-10	2.6686857142857144e-10	0.	3.3984000000000004e-10	3.336038095238095e-10	0.
0.25	2.2396952380952384e-10	2.0678857142857143e-10	1.3714285714285715e-13	3.1504000000000003e-10	3.253104761904762e-10	4.571428571428572e-13
0.375	2.3511619047619045e-10	2.130247619047619e-10	8.685714285714286e-13	3.479161904761905e-10	3.211885714285714e-10	1.005714285714286e-12
0.5	2.408685714285715e-10	2.4307047619047613e-10	2.377142857142857e-12	3.0729904761904764e-10	2.883314285714286e-10	3.245714285714286e-12
0.625	2.7347809523809527e-10	2.432495238095238e-10	2.5600000000000004e-12	4.2379428571428576e-10	2.952647619047619e-10	5.897142857142857e-12
0.75	2.347047619047619e-10	2.0817904761904762e-10	3.977142857142857e-12	4.046476190476191e-10	3.3545142857142855e-10	6.765714285714286e-12
0.875	2.2966095238095241e-10	2.3961523809523806e-10	6.5371428571428574e-12	3.0576e-10	3.327390476190476e-10	7.862857142857143e-12
1.	2.322057142857143e-10	2.086057142857143e-10	7.68e-12	3.510857142857143e-10	3.856152380952381e-10	9.09714285714286e-12
1.125	2.2961523809523807e-10	2.0976761904761905e-10	7.725714285714287e-12	3.4883809523809525e-10	3.0437333333333335e-10	9.051428571428572e-12
1.25	2.2320761904761908e-10	2.5664761904761907e-10	9.142857142857144e-12	3.8552380952380954e-10	3.341295238095238e-10	1.101714285714286e-11
1.375	2.3161904761904762e-10	2.407466666666667e-10	9.142857142857144e-12	3.597104761904762e-10	2.860685714285714e-10	1.4217142857142857e-11
1.5	2.499352380952381e-10	2.0832761904761905e-10	1.0377142857142857e-11	3.519161904761905e-10	3.412914285714286e-10	1.3577142857142858e-11
1.625	2.2736e-10	2.075238095238095e-10	1.184e-11	3.1345523809523814e-10	3.553142857142857e-10	1.5634285714285714e-11
1.75	2.674438095238095e-10	2.2301714285714284e-10	1.110857142857143e-11	3.640533333333334e-10	3.0993523809523803e-10	1.4674285714285715e-11
1.875	2.7654095238095233e-10	2.463085714285714e-10	1.0011428571428573e-11	3.255009523809524e-10	3.076e-10	1.504e-11
2.	2.52952380952381e-10	2.587238095238095e-10	9.920000000000001e-12	3.7984761904761907e-10	3.021866666666666e-10	1.4582857142857143e-11
2.125	2.5379047619047617e-10	2.3191619047619043e-10	1.1702857142857144e-11	3.1301333333333333e-10	3.367619047619048e-10	1.5634285714285714e-11
2.25	2.0778666666666667e-10	2.204647619047619e-10	9.600000000000001e-12	3.5712e-10	3.523047619047619e-10	1.3988571428571428e-11
2.375	2.653257142857143e-10	2.273295238095238e-10	1.0285714285714286e-11	3.917942857142857e-10	3.3813333333333334e-10	1.5497142857142858e-11
2.5	2.389333333333333e-10	2.357714285714286e-10	9.234285714285713e-12	3.397257142857143e-10	3.394742857142857e-10	1.577142857142857e-11
2.625	2.4169142857142856e-10	2.481257142857143e-10	9.18857142857143e-12	3.3200761904761906e-10	2.967961904761905e-10	1.504e-11
2.75	2.8044952380952384e-10	2.672266666666666e-10	9.142857142857144e-12	3.2577523809523815e-10	3.313295238095238e-10	1.4994285714285716e-11
2.875	2.5976380952380955e-10	2.0336380952380952e-10	8.274285714285716e-12	3.319085714285714e-10	3.586819047619047e-10	1.3897142857142858e-11
3.	2.6405333333333333e-10	2.5963809523809524e-10	7.908571428571428e-12	3.9627428571428574e-10	3.7709714285714284e-10	1.2068571428571428e-11
3.125	2.7027809523809527e-10	2.7327619047619045e-10	8.594285714285715e-12	3.645409523809524e-10	2.970961523809524e-10	1.2571428571428572e-11
3.25	2.8646857142857145e-10	2.480551619047619e-10	8.137142857142857e-12	3.544380952380952e-10	3.4263238095238095e-10	1.0925714285714286e-11
3.375	2.508419047619048e-10	2.1844952380952382e-10	1.0057142857142857e-11	3.8955428571428574e-10	3.6061234285714283e-10	1.1702857142857144e-11
3.5	2.3446857142857143e-10	2.603047619047619e-10	6.217142857142857e-12	3.5296e-10	3.2893798095238096e-10	1.1794285714285714e-11
3.625	2.79352380952381e-10	2.3960380952380954e-10	6.3542857142857144e-12	3.410819047619048e-10	3.1750278095238093e-10	8.96e-12
3.75	2.6579809523809525e-10	2.6457325714285715e-10	6.72e-12	3.6629333333333333e-10	3.556457142857143e-10	1.046857142857143e-11
3.875	2.6172952380952377e-10	2.583703619047619e-10	5.394285714285715e-12	3.3672380952380956e-10	3.6510857142857145e-10	9.782857142857142e-12
4.	2.527390476190476e-10	2.4702278095238093e-10	5.394285714285715e-12	3.614628571428572e-10	3.5875047619047624e-10	1.0102857142857143e-11
4.125	2.301409523809524e-10	2.2408662857142856e-10	5.622857142857143e-12	3.375542857142857e-10	3.571332571428572e-10	8.54857142857143e-12
4.25	2.6723809523809525e-10	2.399408761904762e-10	4.845714285714286e-12	3.661257142857143e-10	3.053180952380953e-10	7.04e-12
4.375	2.351619047619048e-10	2.4367139047619044e-10	4.16e-12	4.3285333333333335e-10	2.976304761904762e-10	7.268571428571429e-12
4.5	2.4702476190476193e-10	2.3666750476190477e-10	4.525714285714286e-12	3.5336380952380957e-10	3.6569127619047616e-10	6.628571428571429e-12
4.625	2.782628571428572e-10	2.63918019047619e-10	3.977142857142857e-12	3.927390476190476e-10	3.4215420952380953e-10	5.44e-12
4.75	2.2131047619047622e-10	2.1836274285714283e-10	2.8342857142857145e-12	3.7140571428571434e-10	3.8828274285714287e-10	5.805714285714286e-12
4.875	2.5931428571428573e-10	2.383150476190476e-10	3.4285714285714284e-12	3.458209523809524e-10	2.950693333333333e-10	4.617142857142857e-12
5.	2.4052571428571427e-10	2.379398857142857e-10	2.8800000000000002e-12	3.890666666666667e-10	3.147617523809524e-10	3.7028571428571425e-12
5.125	2.0789333333333334e-10	2.4288929523809524e-10	3.1085714285714286e-12	3.424914285714286e-10	3.228788571428571e-10	3.657142857142858e-12
5.25	1.8508190476190478e-10	2.7054559999999995e-10	2.468571428571429e-12	4.338819047619048e-10	3.340806857142857e-10	3.245714285714286e-12
5.375	2.0545523809523812e-10	2.2732754285714285e-10	2.102857142857143e-12	3.9192380952380954e-10	3.623521523809524e-10	3.3371428571428573e-12
5.5	2.767466666666666e-10	2.6965500952380947e-10	1.6e-12	3.6278095238095244e-10	3.2508259047619044e-10	3.5657142857142857e-12
5.625	2.6125714285714285e-10	2.547301333333333e-10	1.2800000000000002e-12	3.2889142857142863e-10	3.4309500952380953e-10	2.5142857142857142e-12
5.75	2.695847619047619e-10	2.5252838095238094e-10	1.1885714285714285e-12	3.7179428571428574e-10	3.991521523809524e-10	2.6514285714285715e-12
5.875	2.655085714285714e-10	2.1946834285714286e-10	1.1885714285714285e-12	3.4076952380952384e-10	2.977282285714285e-10	2.6514285714285715e-12
6.	2.439847619047619e-10	2.895551238095238e-10	1.2800000000000002e-12	3.5383619047619043e-10	3.2934148571428573e-10	1.6914285714285715e-12
6.125	2.657371428571429e-10	2.254588952380952e-10	1.0514285714285714e-12	3.547733333333334e-10	3.4026735238095237e-10	1.1885714285714285e-12
6.25	2.395733333333333e-10	2.1125699047619047e-10	6.400000000000001e-13	3.684647619047619e-10	3.322350476190476e-10	1.2342857142857145e-12
6.375	2.2890666666666667e-10	2.422368761904762e-10	4.114285714285714e-13	3.3358476190476194e-10	3.409307428571428e-10	1.5085714285714285e-12
6.5	2.1618285714285715e-10	2.390787809523809e-10	3.6571428571428575e-13	3.378057142857143e-10	2.9514407619047615e-10	9.6e-13
6.625	2.6684190476190473e-10	2.222729904761905e-10	3.6571428571428575e-13	2.911238095238096e-10	3.3741302857142856e-10	8.685714285714286e-13
6.75	2.2716952380952384e-10	2.346014476190476e-10	2.285714285714286e-13	4.1242666666666665e-10	3.3110514285714286e-10	7.314285714285715e-13
6.875	2.947504761904762e-10	2.470017523809524e-10	1.8285714285714287e-13	3.672076190476191e-10	3.0726544761904763e-10	9.142857142857144e-13
7.	2.1267809523809526e-10	2.0082438095238094e-10	9.142857142857144e-14	3.645409523809524e-10	2.993337142857143e-10	5.485714285714286e-13
7.125	2.5354666666666667e-10	2.353014095238095e-10	3.6571428571428575e-13	3.698514285714286e-10	3.2064533333333335e-10	8.228571428571428e-13
7.25	2.3891809523809523e-10	2.551824761904762e-10	4.571428571428572e-14	3.478247619047619e-10	3.3169859047619043e-10	5.485714285714286e-13
7.375	2.7986285714285713e-10	2.259188571428571e-10	0.	3.7295238095238096e-10	3.183215238095238e-10	3.2000000000000005e-13
7.5	2.7125333333333336e-10	2.2458735238095236e-10	4.571428571428572e-14	3.093104761904762e-10	3.466681904761905e-10	4.571428571428572e-13
7.625	2.4314666666666664e-10	2.1981219047619046e-10	4.571428571428572e-14	3.776228571428572e-10	3.0837935238095236e-10	3.2000000000000005e-13
7.75	2.5253333333333335e-10	2.052414476190476e-10	1.3714285714285715e-13	3.462628571428572e-10	3.0988906666666665e-10	3.2000000000000005e-13
7.875	2.471161904761905e-10	1.900568380952381e-10	0.	3.5177904761904767e-10	3.2316990476190477e-10	4.114285714285714e-13
8.	2.282647619047619e-10	2.1550363809523808e-10	0.	3.417304761904762e-10	2.9845089523809525e-10	2.4e-13
9.	2.282961904761905e-10	2.007111238095238e-10	0.	3.1877333333333337e-10	3.0232174285714283e-10	5.714285714285715e-15
10.	2.2410380952380951e-10	1.962259380952381e-10	0.	2.986628571428572e-10	2.744673428571428e-10	0.
12.	1.8993809523809524e-10	1.6799930476190477e-10	0.	2.901542857142857e-10	2.4062513809523806e-10	0.
14.	1.6911428571428572e-10	1.5863717142857144e-10	0.	2.4969619047619047e-10	2.2544279047619048e-10	0.
16.	1.5293095238095236e-10	1.314006380952381e-10	0.	2.2412142857142856e-10	1.8404748571428573e-10	0.
18.	1.283457142857143e-10	1.099248e-10	0.	1.9810380952380953e-10	1.7144599523809524e-10	0.
20.	8.627295238095238e-11	7.061392857142856e-11	0.	1.3070619047619047e-10	1.0978342761904761e-10	0.
30.	3.595390476190476e-11	2.7769e-11	0.	5.338542857142857e-11	4.517448285714286e-11	0.
40.	1.1035619047619047e-11	9.243962857142857e-12	0.	1.901304761904762e-11	1.4759106666666667e-11	0.
50.	3.022380952380952e-12	1.5277704761904762e-12	0.	6.615428571428571e-12	5.193553333333333e-12	0.
60.	4.5352380952380956e-13	2.842295238095238e-13	0.	1.6077142857142856e-12	1.0284733333333332e-12	0.
70.	4.152380952380952e-14	4.6304761904761905e-15	0.	3.0980952380952377e-13	3.0589142857142857e-13	0.
80.	0.	7.123809523809524e-16	0.	8.304761904761904e-14	8.726666666666668e-15	0.
90.	0.	0.	0.	0.	7.123809523809524e-16	0.
100.	0.	0.	0.	0.	0.	0.