# 2008 (C) GLoBES Team
#
# This corresponds to the expected flux for the T2K experiment
# This flux is taken from
# http://jnusrv01.kek.jp/~ichikawa/jhfnu/nubeam/openflux/07a/FluxbyText/
# dated 2007.
# The flux is normalized to one year of running at full intensity
#
0.	1000.	552000.	0	5000.	358000.	0
0.03	2848.	1.1832e6	0	16760.	1.216e6	0
0.06	4800.	1.5056e6	0	30960.	2.1576e6	0
0.09	6960.	1.2104e6	0	50040.	3.2664e6	0
0.12	8699.6	1.03513724e6	0	67066.68000000001	4.32776472e6	0
0.15	10229.	919843.12	0	83066.68000000001	5.36541176e6	0
0.18	11764.800000000001	895120.	0	92184.	6.6992e6	0
0.21	13293.6	881440.	0	101712.	8.1512e6	0
0.24	14805.6	886240.	0	112752.	9.8552e6	0
0.27	15664.	901680.	0	120296.	1.16352e7	0
0.3	16144.	923280.	0	125816.	1.34592e7	0
0.32999999999999996	16484.8	951840.	0	131104.	1.53296e7	0
0.36	16943.2	975600.	0	135016.	1.7216e7	0
0.39	17687.2	987600.	0	135736.	1.9136e7	0
0.42	18004.72	1.00392156e6	0	135552.96	2.110666668e7	0
0.44999999999999996	18075.28	1.0227450800000001e6	0	134847.04	2.310666668e7	0
0.48	17475.2	1.01952e6	0	130768.	2.56816e7	0
0.51	16987.2	1.016e6	0	126832.	2.84e7	0
0.54	16939.2	1.016e6	0	123952.	3.14e7	0
0.57	16776.	1.02752e6	0	121648.	3.32336e7	0
0.6	16536.	1.04672e6	0	119728.	3.42896e7	0
0.63	16856.	1.01888e6	0	116688.	3.18288e7	0
0.6599999999999999	17120.	987040.	0	113440.	2.86816e7	0
0.69	17120.	953440.	0	109840.	2.43376e7	0
0.72	16696.48	913176.48	0	104023.52	2.0510588240000002e7	0
0.75	15990.6	868470.6	0	96729.40000000001	1.702823528e7	0
0.78	15833.6	844560.	0	90168.	1.43904e7	0
0.8099999999999999	15877.6	822960.	0	85088.	1.19584e7	0
0.84	16381.6	801360.	0	84608.	9.8944e6	0
0.87	16110.4	783840.	0	82632.	8.048e6	0
0.8999999999999999	15246.4	769440.	0	79512.	6.368e6	0
0.9299999999999999	15052.	735600.	0	71424.	5.0552e6	0
0.96	14926.4	704080.	0	64072.	3.88456e6	0
0.99	14782.4	687280.	0	60952.	3.04696e6	0
1.02	14360.	676000.	0	57066.68	2.47066668e6	0
1.05	13724.720000000001	668941.16	0	52596.08	2.09419608e6	0
1.08	13619.2	645120.	0	48672.	1.8152e6	0
1.1099999999999999	13744.	619200.	0	45456.	1.57568e6	0
1.14	14464.	595200.	0	44736.	1.43408e6	0
1.17	14160.	572480.	0	42544.	1.28608e6	0
1.2	12960.	550880.	0	39064.	1.13248e6	0
1.23	12883.2	527200.	0	34294.4	1.0392e6	0
1.26	12984.	505120.	0	30646.4	960960.	0
1.29	13104.	490720.	0	32278.4	905760.	0
1.3199999999999998	12745.880000000001	476470.60000000003	0	31132.56	846117.64	0
1.3499999999999999	11969.4	462352.96	0	27556.08	782588.24	0
1.38	12480.	450000.	0	26040.	720000.	0
1.41	13048.	438400.	0	24996.	662800.	0
1.44	12616.	428800.	0	24252.	631600.	0
1.47	12448.	414640.	0	23604.	602800.	0
1.5	12544.	395920.	0	23052.	576400.	0
1.53	12360.	373400.	0	21840.	528000.	0
1.56	12080.	357680.	0	20684.	480000.	0
1.5899999999999999	11600.	379760.	0	20468.	456000.	0
1.6199999999999999	11242.36	369152.96	0	19689.4	439294.12	0
1.65	11007.04	325858.84	0	18348.24	429882.36	0
1.68	11401.6	325456.	0	18828.8	399200.	0
1.71	11854.4	331392.	0	19358.4	365728.	0
1.74	11662.4	308832.	0	17246.4	348688.	0
1.77	11347.2	292768.	0	16680.	329184.	0
1.7999999999999998	10891.2	284128.	0	17880.	306864.	0
1.8299999999999998	10608.	272224.	0	17889.600000000002	309888.	0
1.8599999999999999	10435.2	262896.	0	17566.4	315952.	0
1.89	10699.2	275616.	0	17014.4	300592.	0
1.92	10521.56	289976.48	0	16566.28	280651.	0
1.95	9839.2	306211.76	0	16236.880000000001	255474.52000000002	0
1.98	10360.800000000001	284608.	0	16656.8	245736.	0
2.01	11119.2	254176.	0	17093.6	241536.	0
2.04	10711.2	247936.	0	15629.6	244896.	0
2.07	10459.2	242736.	0	15008.	240560.	0
2.1	10411.2	238896.	0	15488.	226160.	0
2.13	10142.4	238184.	0	15305.6	216360.	0
2.16	9907.2	235544.	0	15017.6	207456.	0
2.19	10579.2	206984.	0	15593.6	194016.	0
2.2199999999999998	10491.	195388.24	0	16083.12	186094.12	0
2.25	9408.64	205976.48	0	16459.6	185388.24	0
2.28	9155.2	208272.	0	15820.800000000001	187840.	0
2.31	9163.2	206768.	0	14788.800000000001	190752.	0
2.34	8611.2	194288.	0	13420.800000000001	184032.	0
2.37	8337.6	183920.	0	12638.4	186144.	0
2.4	8481.6	176720.	0	12734.4	201504.	0
2.4299999999999997	8608.	189056.	0	12636.800000000001	181136.	0
2.46	8675.2	205024.	0	12475.2	150320.	0
2.4899999999999998	8003.2	172384.	0	12403.2	155120.	0
2.52	7957.64	160047.04	0	12152.960000000001	158470.6	0
2.55	8851.76	178164.72	0	11635.28	159647.04	0
2.58	8280.	179064.	0	11664.800000000001	143704.	0
2.61	7139.2	172224.	0	11916.	121768.	0
2.6399999999999997	7715.2	154944.	0	11796.	138808.	0
2.67	8088.8	142504.	0	11456.	147400.	0
2.6999999999999997	8112.8	138424.	0	10736.	141400.	0
2.73	7548.8	130480.	0	10200.800000000001	151192.	0
2.76	6773.6	122456.	0	9766.4	166536.	0
2.79	7181.6	160136.	0	9958.4	146616.	0
2.82	7172.56	180376.48	0	9950.6	132101.96	0
2.85	6443.12	170494.12	0	9597.64	126925.48	0
2.88	6408.	147200.	0	9384.	127600.	0
2.9099999999999997	6720.	117200.	0	9240.	131200.	0
2.94	6816.	127760.	0	10680.	144640.	0
2.9699999999999998	6856.	138160.	0	11264.	145280.	0
3.	6784.	148240.	0	10136.	120320.	0
3.03	6904.	136720.	0	9584.	128160.	0
3.06	7120.	114400.	0	9320.	152400.	0
3.09	6808.	125680.	0	8768.	139440.	0
3.12	6717.64	135552.96	0	8603.92	128368.64	0
3.15	7070.6	142611.76	0	9215.68	121074.52	0
3.1799999999999997	6516.	134712.	0	8695.2	122048.	0
3.21	5436.	118152.	0	7519.2	127808.	0
3.2399999999999998	6258.400000000001	116904.	0	7503.2	133104.	0
3.27	6815.2	112944.	0	7685.6	130968.	0
3.3	6599.2	101424.	0	8237.6	111528.	0
3.33	6292.	96592.	0	7877.6	105160.	0
3.36	5932.	95632.	0	6989.6	106360.	0
3.3899999999999997	5780.8	102096.	0	6913.6	116840.	0
3.42	5665.88	100305.88	0	6788.24	120094.12	0
3.4499999999999997	5618.84	78658.84	0	6482.360000000001	105741.16	0
3.48	5528.	73600.	0	6388.8	103456.	0
3.51	5408.	79600.	0	6436.8	109216.	0
3.54	5534.400000000001	73504.	0	6574.400000000001	103776.	0
3.57	5448.	76016.	0	6494.400000000001	99648.	0
3.5999999999999996	4728.	104576.	0	5798.400000000001	101328.	0
3.63	4929.6	110816.	0	5836.8	102432.	0
3.6599999999999997	5745.6	102176.	0	6364.8	103152.	0
3.69	6024.	84576.	0	6422.400000000001	108352.	0
3.7199999999999998	5911.36	68125.48	0	6126.28	111960.8	0
3.75	4829.	56596.08	0	4949.8	110313.72	0
3.78	4373.6	58672.	0	4548.8	108648.	0
3.81	4397.6	71152.	0	4740.8	106968.	0
3.84	4529.6	80824.	0	4911.2	110688.	0
3.8699999999999997	4589.6	86768.	0	4995.2	110696.	0
3.9	4373.6	81488.	0	4803.2	96536.	0
3.9299999999999997	4225.6	79064.	0	4516.	89176.	0
3.96	4129.6	78824.	0	4156.	87016.	0
3.9899999999999998	4400.8	71240.	0	4465.6	100840.	0
4.02	4585.08	66556.88	0	4787.4400000000005	112086.28	0
4.05	4349.8	74086.28	0	4905.08	109027.44	0
4.08	4067.2000000000003	73760.	0	4625.92	103376.	0
4.109999999999999	3743.2000000000003	66560.	0	3999.52	95456.	0
4.14	3876.8	69136.	0	4042.88	90656.	0
4.17	4054.4	70336.	0	4179.2	88544.	0
4.2	4126.4	60016.	0	4275.2	95264.	0
4.2299999999999995	4090.88	71712.	0	4183.04	98144.	0
4.26	3961.28	102672.	0	3926.2400000000002	97664.	0
4.29	3840.	68299.2	0	3598.7200000000003	89488.	0
4.32	3788.2400000000002	37800.	0	3372.7200000000003	83552.96	0
4.35	4009.4	63000.	0	3596.2400000000002	91317.64	0
4.38	3823.6	64164.	0	3536.4	93280.	0
4.41	3230.8	41292.	0	3193.2000000000003	89440.	0
4.4399999999999995	2754.	40740.	0	2656.	82800.	0
4.47	2498.4	48400.	0	2264.8	78040.	0
4.5	3232.8	74800.	0	2797.6	85480.	0
4.53	3270.	77320.	0	2825.2000000000003	86800.	0
4.56	2610.	55960.	0	2347.6	82000.	0
4.59	2644.	53000.	0	2386.	79000.	0
4.62	2784.88	54384.32	0	2530.68	76917.64	0
4.6499999999999995	2766.04	59090.200000000004	0	2690.68	77623.52	0
4.68	2789.6	67088.	0	2611.36	79344.	0
4.71	2861.6	78848.	0	2258.56	82224.	0
4.74	2756.96	62384.	0	2132.32	80112.	0
4.77	2652.	43952.	0	2111.68	76752.	0
4.8	2832.	58592.	0	2409.28	73392.	0
4.83	2964.96	63824.	0	2543.36	70032.	0
4.859999999999999	3044.16	58304.	0	2490.56	66672.	0
4.89	2340.	61040.	0	1967.3600000000001	61776.	0
4.92	1654.76	62495.68	0	1484.16	56917.64	0
4.95	2365.32	42213.32	0	2025.32	54800.	0
4.9799999999999995	2556.88	35628.8	0	2108.4	53912.	0
5.01	2069.68	46956.8	0	1592.4	54632.	0
5.04	2255.92	37897.6	0	1773.76	57744.	0
5.069999999999999	2629.6	25734.4	0	2139.76	60336.	0
5.1	2845.6	41478.4	0	2257.36	51696.	0
5.13	2884.8	43889.6	0	2227.28	46176.	0
5.16	2692.8	28865.600000000002	0	2004.0800000000002	44736.	0
5.1899999999999995	2430.88	31634.4	0	1955.68	49368.	0
5.22	2165.88	38748.24	0	1909.4	54823.520000000004	0
5.25	2064.7200000000003	36230.6	0	1403.52	51058.840000000004	0
5.279999999999999	2184.48	41267.200000000004	0	1373.6000000000001	46313.6	0
5.31	2635.68	57635.200000000004	0	2057.6	40097.6	0
5.34	2396.96	49028.8	0	1914.4	38070.4	0
5.37	1950.88	33795.2	0	1508.48	37446.4	0
5.3999999999999995	2114.08	52923.200000000004	0	1635.68	35142.4	0
5.43	2105.44	59120.	0	1599.68	32896.	0
5.46	1839.04	45920.	0	1318.88	30736.	0
5.49	1576.16	46272.	0	1143.68	35897.6	0
5.52	1357.72	50996.08	0	1020.08	42679.200000000004	0
5.55	1743.6000000000001	47937.24	0	1081.24	34867.44	0
5.58	1944.	44160.8	0	1136.72	31856.	0
5.609999999999999	1824.	39144.8	0	1182.32	37136.	0
5.64	1744.32	32919.2	0	1273.28	34032.8	0
5.67	1684.8	26286.4	0	1375.84	27534.4	0
5.7	1708.8	22878.4	0	1251.04	26766.4	0
5.7299999999999995	1633.3600000000001	22568.	0	1120.08	25699.2	0
5.76	1386.16	27608.	0	978.48	24115.2	0
5.79	1335.52	29523.2	0	937.6800000000001	23270.4	0
5.819999999999999	1376.08	30159.2	0	949.16	22757.64	0
5.85	1618.44	32535.68	0	1224.48	22687.04	0
5.88	1824.8	31184.	0	1467.2	21832.	0
5.91	1959.2	22376.	0	1644.8	19408.	0
5.9399999999999995	1922.4	29424.	0	1558.4	19704.	0
5.97	1800.	44400.	0	1340.	21360.	0
6.	2100.	29832.	0	1565.6000000000001	26640.	0
6.029999999999999	2140.	19968.	0	1571.2	27320.	0
6.06	1660.	19512.	0	1136.8	18800.	0
6.09	1479.2	30816.	0	1038.4	21592.	0
6.12	1448.	48000.	0	1108.	30040.	0
6.1499999999999995	1483.28	28376.48	0	1232.72	24040.	0
6.18	1556.24	15122.4	0	1283.28	19523.2	0
6.21	1717.04	16730.4	0	1160.88	18467.2	0
6.24	1537.3600000000001	16772.8	0	1043.04	16742.4	0
6.27	1160.56	15908.800000000001	0	927.84	14630.4	0
6.3	941.52	17504.	0	640.96	16717.6	0
6.33	827.28	23237.600000000002	0	463.36	17977.600000000002	0
6.359999999999999	944.88	38429.6	0	554.5600000000001	16969.6	0
6.39	1292.	33907.2	0	838.8000000000001	17527.2	0
6.42	1772.	17971.2	0	1234.8	18991.2	0
6.45	1367.2	16439.2	0	863.6	17948.24	0
6.4799999999999995	985.28	16051.2	0	556.64	16601.6	0
6.51	750.08	17443.2	0	499.04	14657.6	0
6.54	746.72	24091.2	0	375.92	13491.2	0
6.569999999999999	897.9200000000001	34243.2	0	209.12	12843.2	0
6.6	1035.68	23361.600000000002	0	402.96000000000004	11971.2	0
6.63	1072.	14075.2	0	511.52000000000004	10929.6	0
6.66	832.	13307.2	0	314.72	9465.6	0
6.6899999999999995	808.	14656.	0	439.04	9556.800000000001	0
6.72	928.	17416.	0	777.44	10684.800000000001	0
6.75	916.24	18456.48	0	663.84	9991.36	0
6.779999999999999	874.8000000000001	18756.8	0	536.32	9444.	0
6.81	766.8000000000001	17028.8	0	469.12	9804.	0
6.84	861.44	15668.	0	506.64	10395.2	0
6.87	1111.04	14588.	0	624.24	11163.2	0
6.8999999999999995	894.08	14091.2	0	484.36	9706.4	0
6.93	730.5600000000001	13491.2	0	431.48	8881.6	0
6.96	912.96	12339.2	0	758.36	10945.6	0
6.989999999999999	1089.92	17810.4	0	814.32	10915.2	0
7.02	1262.72	28346.4	0	663.12	9283.2	0
7.05	788.72	31284.72	0	388.16	8548.24	0
7.08	434.56	30545.600000000002	0	234.32	8289.6	0
7.109999999999999	847.36	18473.600000000002	0	620.	9537.6	0
7.14	1070.72	14491.2	0	679.6800000000001	9608.	0
7.17	1128.32	17587.2	0	454.08	8648.	0
7.199999999999999	1084.	18811.2	0	538.4	8312.	0
7.2299999999999995	999.52	19248.	0	624.8000000000001	8072.	0
7.26	817.12	17688.	0	528.8	7832.	0
7.29	711.52	15961.6	0	381.72	7924.8	0
7.319999999999999	673.12	14089.6	0	189.96	8308.8	0
7.35	904.5600000000001	12167.84	0	533.28	8951.36	0
7.38	1072.8	10872.	0	833.44	9048.	0
7.41	717.6	12744.	0	506.08	6216.	0
7.4399999999999995	645.6	13980.	0	436.48	6132.	0
7.47	856.8000000000001	14580.	0	624.64	8796.	0
7.5	956.	14500.	0	527.6	9020.	0
7.529999999999999	948.24	14060.	0	375.32	8392.	0
7.56	517.6800000000001	12500.	0	232.04	5944.	0
7.59	346.08	11852.	0	179.	5932.	0
7.62	433.44	12116.	0	216.20000000000002	8356.	0
7.6499999999999995	814.6800000000001	11532.56	0	562.4	5867.84	0
7.68	1160.16	11238.4	0	892.64	3351.2000000000003	0
7.71	891.36	13926.4	0	717.44	7035.2	0
7.739999999999999	702.08	13691.2	0	529.12	8126.400000000001	0
7.77	603.6800000000001	10115.2	0	325.84000000000003	6254.400000000001	0
7.8	382.	11166.4	0	176.32	6206.400000000001	0
7.83	198.48000000000002	12900.800000000001	0	81.04	6396.8	0
7.859999999999999	462.96000000000004	11556.800000000001	0	250.72	5172.8	0
7.89	644.32	11825.6	0	412.56	5136.	0
7.92	730.72	13937.6	0	565.44	6456.	0
7.949999999999999	823.28	14002.36	0	484.76	5458.84	0
7.9799999999999995	883.04	13684.	0	350.24	4042.4	0
8.01	633.44	14524.	0	256.64	4066.4	0
8.04	661.52	13575.2	0	339.96	4672.8	0
8.07	1052.72	10287.2	0	654.6	6040.8	0
8.1	950.8000000000001	11047.2	0	643.36	6672.8	0
8.129999999999999	719.6800000000001	15669.6	0	529.92	6872.	0
8.16	676.48	43965.6	0	389.04	5192.	0
8.19	635.36	46532.	0	266.68	4333.6	0
8.219999999999999	596.96	15452.	0	168.52	4549.6	0
8.25	410.32	8705.08	0	97.52	4636.08	0
8.28	192.64000000000001	9499.2	0	37.44	4587.2	0
8.31	172.24	12187.2	0	14.040000000000001	3195.2000000000003	0
8.34	242.56	12696.	0	39.36	2609.6	0
8.37	448.96000000000004	9936.	0	137.76	3233.6	0
8.4	526.88	10467.2	0	227.	3716.8	0
8.43	555.04	11987.2	0	302.52	4108.96	0
8.459999999999999	540.64	10595.2	0	232.44	3943.36	0
8.49	485.72	10470.4	0	144.72	3600.16	0
8.52	370.04	12246.4	0	30.48	2990.56	0
8.549999999999999	620.8000000000001	11236.08	0	371.	2995.36	0
8.58	976.	9332.800000000001	0	844.6800000000001	3253.28	0
8.61	495.76	10916.800000000001	0	385.56	4371.68	0
8.64	301.68	11145.6	0	170.76	4445.52	0
8.67	601.92	9033.6	0	377.88	2715.12	0
8.7	571.04	8601.6	0	318.2	2516.88	0
8.73	397.92	8919.2	0	147.	2968.16	0
8.76	215.76	10095.2	0	57.	3212.96	0
8.79	119.16	10364.800000000001	0	0	3126.88	0
8.82	170.28	9068.800000000001	0	0	2469.28	0
8.85	195.64000000000001	9520.	0	0	3395.28	0
8.879999999999999	210.	10720.	0	0	5000.	0
8.91	298.56	11032.	0	164.4	3394.4	0
8.94	376.48	10480.	0	276.64	2723.2000000000003	0
8.969999999999999	433.12	8200.	0	284.56	3920.8	0
9.	464.8	7312.	0	252.32	2749.92	0
9.03	484.	7120.	0	200.	394.8	0
9.06	311.92	7168.	0	80.	880.32	0
9.09	186.64000000000001	7456.	0	0	1286.4	0
9.12	154.96	8224.	0	0	1533.6000000000001	0
9.15	290.12	8213.32	0	156.72	1302.28	0
9.18	508.72	7813.32	0	391.76	831.6800000000001	0
9.209999999999999	353.36	8565.6	0	167.84	822.96	0
9.24	288.24	8378.4	0	73.44	1578.96	0
9.27	463.68	5906.400000000001	0	318.24	4082.1600000000003	0
9.299999999999999	350.76	6474.400000000001	0	252.96	3904.08	0
9.33	70.92	8802.4	0	8.16	2173.68	0
9.36	127.24000000000001	7441.6	0	0	2125.28	0
9.389999999999999	153.76	6184.	0	0	2293.28	0
9.42	83.68	5464.	0	0	2830.88	0
9.45	230.12	7331.	0	124.44	2712.08	0
9.48	501.88	10695.68	0	320.92	2213.2400000000002	0
9.51	285.92	9240.	0	171.36	1454.24	0
9.54	96.64	7792.	0	36.64	1099.04	0
9.57	76.48	7312.	0	10.48	1905.44	0
9.6	142.28	7796.8	0	98.48	2560.64	0
9.629999999999999	265.4	8924.800000000001	0	262.64	3115.04	0
9.66	195.64000000000001	8036.8	0	153.32	1895.3600000000001	0
9.69	157.36	6921.6	0	49.4	1056.48	0
9.719999999999999	243.52	5577.6	0	14.120000000000001	1613.28	0
9.75	243.96	6381.16	0	64.08	1843.04	0
9.78	187.28	8616.48	0	170.92000000000002	1854.8400000000001	0
9.81	329.76	6852.8	0	267.56	1359.2	0
9.84	454.88	5764.8	0	332.16	1003.76	0
9.87	450.08	8356.8	0	295.2	1294.16	0
9.9	367.88	7725.6	0	256.48	1262.24	0
9.93	226.52	4629.6	0	216.4	983.84	0
9.959999999999999	164.	4860.	0	97.72	962.48	0
9.99	139.44	5465.6	0	0	1106.32	0
10.02	210.72	6089.6	0	0	1699.1200000000001	0
10.049999999999999	264.	5880.	0	0	2292.	0
10.08	303.52	5032.96	0	0	2884.96	0
10.11	274.28000000000003	5731.2	0	101.72	1422.72	0
10.139999999999999	233.68	6244.8	0	172.12	301.44	0
10.17	190.	5068.8	0	54.76	1808.64	0
10.2	135.16	5185.6	0	18.44	1872.	0
10.23	70.60000000000001	6433.6	0	53.	672.	0
10.26	161.84	7161.6	0	189.68	1583.2	0
10.29	229.56	7507.2	0	274.2	2512.48	0
10.32	107.4	6643.2	0	87.24	2214.88	0
10.35	50.76	7720.8	0	0	1589.08	0
10.379999999999999	51.480000000000004	10497.24	0	0	676.16	0
10.41	66.6	8380.	0	0	788.	0
10.44	83.72	5700.	0	0	1159.6000000000001	0
10.469999999999999	96.44	5100.	0	0	1805.2	0
10.5	302.36	5136.	0	230.4	1651.6000000000001	0
10.53	701.48	5808.	0	691.2	698.8000000000001	0
10.559999999999999	495.2	7040.	0	495.2	270.	0
10.59	214.8	7948.	0	200.16	54.800000000000004	0
10.62	169.20000000000002	6676.	0	66.72	383.6	0
10.65	103.36	4751.76	0	0	550.36	0
10.68	17.240000000000002	2175.28	0	0	555.04	0
10.709999999999999	55.28	4357.6	0	0	1093.6	0
10.74	112.4	7059.2	0	0	1631.8400000000001	0
10.77	91.28	5403.2	0	0	1300.64	0
10.799999999999999	188.64000000000001	4688.	0	104.48	1128.48	0
10.83	421.44	5048.	0	328.40000000000003	1138.08	0
10.86	243.36	5964.8	0	194.08	867.36	0
10.889999999999999	4.88	6656.	0	0	526.24	0
10.92	41.36	4976.	0	0	183.04	0
10.95	44.12	5364.72	0	0	321.72	0
10.98	8.36	8117.64	0	0	1011.12	0
11.01	46.2	6360.64	0	0	1177.52	0
11.04	94.36	3510.16	0	0	1148.48	0
11.07	34.12	3171.76	0	0	793.28	0
11.1	0	3609.2000000000003	0	0	594.08	0
11.129999999999999	0	5061.2	0	0	598.88	0
11.16	0	5712.8	0	0	603.6800000000001	0
11.19	0	6008.	0	3.6	644.96	0
11.219999999999999	0	5288.	0	39.6	1014.5600000000001	0
11.25	37.64	4581.24	0	44.72	1227.04	0
11.28	124.44	3891.84	0	9.4	1234.1200000000001	0
11.309999999999999	82.64	4822.08	0	0	1514.08	0
11.34	4.36	6141.28	0	0	1843.52	0
11.37	69.88	4660.4800000000005	0	0	1476.32	0
11.4	191.48000000000002	3932.32	0	108.48	954.5600000000001	0
11.43	397.16	4333.12	0	379.68	200.96	0
11.459999999999999	253.12	3611.04	0	253.12	281.6	0
11.49	3.56	2660.16	0	0	614.4	0
11.52	57.08	4222.56	0	0	230.4	0
11.549999999999999	83.36	4866.36	0	0	153.4	0
11.58	68.76	4132.24	0	0	536.96	0
11.61	37.36	3925.44	0	0	655.36	0
11.639999999999999	0	3984.32	0	0	646.8000000000001	0
11.67	0	5193.92	0	0	250.8	0
11.7	127.60000000000001	5235.76	0	112.64	0	0
11.73	475.6	3260.56	0	419.84000000000003	0	0
11.76	336.40000000000003	3244.2400000000002	0	296.96	566.16	0
11.79	0	4040.8	0	0	1321.04	0
11.82	0	4064.8	0	0	512.24	0
11.85	16.72	4235.28	0	0	147.52	0
11.879999999999999	62.4	4658.84	0	0	549.88	0
11.91	200.	5088.	0	153.44	410.40000000000003	0
11.94	383.6	5520.	0	383.6	0	0
11.969999999999999	210.32	3463.2000000000003	0	153.44	417.6	0
12.	75.84	3361.6	0	0	556.8000000000001	0
12.03	18.96	7170.400000000001	0	0	139.20000000000002	0
12.059999999999999	39.2	7336.	0	0	283.2	0
12.09	98.	5680.	0	0	708.	0
12.12	240.56	3988.	0	201.36	283.2	0
12.15	292.56	2863.12	0	269.8	141.96	0
12.18	163.36	2872.56	0	72.4	567.84	0
12.209999999999999	104.16	2610.	0	0	448.88	0
12.24	85.44	2190.	0	0	14.48	0
12.27	35.6	2189.92	0	0	0	0
12.299999999999999	15.4	2467.84	0	0	133.2	0
12.33	66.76	3360.64	0	0	577.2	0
12.36	53.08	3700.16	0	0	741.52	0
12.389999999999999	1.72	3719.36	0	0	743.92	0
12.42	93.96000000000001	2434.7200000000003	0	0	312.48	0
12.45	133.4	1505.4	0	0	133.4	0
12.48	38.12	1510.1200000000001	0	0	578.12	0
12.51	0	1789.92	0	0	757.44	0
12.54	0	2253.12	0	0	759.84	0
12.57	0	3580.96	0	0	766.72	0
12.6	0	4360.	0	0	772.	0
12.629999999999999	0	3460.	0	0	772.	0
12.66	34.84	3110.08	0	0	494.08	0
12.69	92.92	3126.88	0	0	30.88	0
12.719999999999999	98.60000000000001	3582.7200000000003	0	0	441.28000000000003	0
12.75	84.32000000000001	3820.16	0	0	664.4	0
12.78	25.48	3370.76	0	0	200.88	0
12.809999999999999	0	4544.16	0	0	272.	0
12.84	0	6958.56	0	0	752.	0
12.87	0	5052.96	0	0	368.	0
12.9	0	3227.92	0	0	0	0
12.93	0	3244.7200000000003	0	0	0	0
12.959999999999999	34.	2980.	0	0	277.44	0
12.99	94.	2500.	0	0	767.04	0
13.02	98.48	1127.92	0	0	375.36	0
13.049999999999999	96.76	228.4	0	0	0	0
13.08	94.88	1207.2	0	0	0	0
13.11	63.92	2475.52	0	0	268.8	0
13.139999999999999	7.5200000000000005	3997.12	0	0	772.8000000000001	0
13.17	0	2456.96	0	0	403.2	0
13.2	0	1052.48	0	0	0	0
13.229999999999999	0	2074.88	0	0	0	0
13.26	0	2557.12	0	0	0	0
13.29	0	2566.7200000000003	0	0	0	0
13.32	0	1232.64	0	0	0	0
13.35	12.96	102.60000000000001	0	0	0	0
13.379999999999999	77.64	615.52	0	0	0	0
13.41	77.	1134.8	0	0	0	0
13.44	11.	1660.4	0	0	0	0
13.469999999999999	0	874.	0	0	0	0
13.5	9.200000000000001	178.	0	0	0	0
13.53	64.4	1246.	0	0	0	0
13.559999999999999	64.4	1782.4	0	0	268.8	0
13.59	9.200000000000001	1787.2	0	0	806.4	0
13.62	0	1344.	0	0	448.	0
13.65	0	901.16	0	0	0	0
13.68	0	908.24	0	0	0	0
13.709999999999999	23.64	1426.08	0	0	0	0
13.74	74.28	2527.68	0	0	0	0
13.77	43.88	1428.96	0	0	0	0
13.799999999999999	0	223.04	0	0	0	0
13.83	0	1895.8400000000001	0	0	0	0
13.86	0	2269.44	0	0	0	0
13.889999999999999	0	1158.24	0	0	0	0
13.92	0	2752.32	0	0	0	0
13.95	0	4349.8	0	0	0	0
13.979999999999999	0	1573.32	0	0	0	0
14.01	0	248.56	0	0	0	0
14.04	0	822.16	0	0	0	0
14.07	0	961.52	0	0	0	0
14.1	9.92	1026.32	0	0	0	0
14.129999999999999	109.28	1609.52	0	0	0	0
14.16	122.56	1435.6000000000001	0	0	0	0
14.19	23.2	271.6	0	0	0	0
14.219999999999999	0	903.44	0	0	0	0
14.25	0	1964.96	0	0	0	0
14.28	0	1974.3600000000001	0	0	0	0
14.309999999999999	0	1504.8	0	0	0	0
14.34	0	316.8	0	0	0	0
14.37	0	441.76	0	0	0	0
14.399999999999999	0	963.84	0	0	0	0
14.43	0	361.44	0	0	0	0
14.459999999999999	0	488.64	0	0	0	0
14.49	0	1710.24	0	0	0	0
14.52	0	2495.36	0	0	0	0
14.549999999999999	0	2959.2000000000003	0	0	0	0
14.58	0	1147.44	0	0	0	0
14.61	0	228.8	0	0	0	0
14.639999999999999	0	852.8000000000001	0	0	0	0
14.67	0	1483.52	0	0	0	0
14.7	0	2138.08	0	0	0	0
14.729999999999999	0	3400.48	0	0	0	0
14.76	0	3509.2000000000003	0	0	0	0
14.79	0	1625.2	0	0	0	0
14.82	0	614.8000000000001	0	0	0	0
14.85	0	21.080000000000002	0	0	0	0
14.879999999999999	0	654.04	0	0	0	0
14.91	0	860.8000000000001	0	0	0	0
14.94	0	215.20000000000002	0	0	0	0
14.969999999999999	0	436.8	0	0	0	0
15.	0	1092.	0	0	0	0