# 2008 (C) GLoBES Team
#
# This corresponds to the expected flux for the T2K experiment
# This flux is taken from
# http://jnusrv01.kek.jp/~ichikawa/jhfnu/nubeam/openflux/07a/FluxbyText/
# dated 2007.
# The flux is normalized to one year of running at full intensity
#
0.	4560.	366400.	0	812.	532000.	0
0.03	18360.	1.20976e6	0	2153.6	1.1464e6	0
0.06	34288.	2.1384e6	0	3534.4	1.4584e6	0
0.09	54472.	3.2376e6	0	4993.6	1.1656e6	0
0.12	71239.2	4.30831372e6	0	6280.	988000.	0
0.15	86298.04000000001	5.36478432e6	0	7480.	868000.	0
0.18	97240.	6.792e6	0	8772.800000000001	829200.	0
0.21	109120.	8.3616e6	0	9824.	804720.	0
0.24	123520.	1.02336e7	0	10304.	807120.	0
0.27	132752.	1.2288e7	0	10753.6	812560.	0
0.3	138992.	1.4448e7	0	11185.6	819760.	0
0.32999999999999996	148248.	1.66544e7	0	11710.4	847840.	0
0.36	154872.	1.89056e7	0	12137.6	870160.	0
0.39	155112.	2.12576e7	0	12329.6	877360.	0
0.42	156541.16	2.377411764e7	0	12400.	885960.8	0
0.44999999999999996	158658.84	2.638588236e7	0	12400.	895372.56	0
0.48	154544.	2.97408e7	0	12691.2	889280.	0
0.51	150944.	3.3232e7	0	12977.6	889120.	0
0.54	149984.	3.6952e7	0	13193.6	908320.	0
0.57	147584.	3.92896e7	0	13092.800000000001	913120.	0
0.6	144224.	4.07056e7	0	12780.800000000001	908320.	0
0.63	142656.	3.7888e7	0	12513.6	885600.	0
0.6599999999999999	140576.	3.42624e7	0	12294.4	859680.	0
0.69	136736.	2.92464e7	0	12198.4	828480.	0
0.72	130682.36	2.476941176e7	0	12160.	800470.6	0
0.75	123152.96	2.065176472e7	0	12160.	774588.24	0
0.78	120456.	1.74536e7	0	12419.2	713680.	0
0.8099999999999999	116896.	1.45088e7	0	12483.2	661760.	0
0.84	108736.	1.20608e7	0	11811.2	652160.	0
0.87	103024.	9.8576e6	0	11710.4	635760.	0
0.8999999999999999	99184.	7.8416e6	0	12046.4	614160.	0
0.9299999999999999	96640.	6.2792e6	0	11367.2	588240.	0
0.96	93400.	4.89264e6	0	10799.2	565760.	0
0.99	87400.	3.91824e6	0	10967.2	556160.	0
1.02	80400.	3.1933333200000003e6	0	10973.32	532000.	0
1.05	72635.28	2.65921568e6	0	10855.68	496705.88	0
1.08	68896.	2.34672e6	0	11318.4	485760.	0
1.1099999999999999	65536.	2.07504e6	0	11548.800000000001	476640.	0
1.14	61216.	1.83024e6	0	10492.800000000001	459840.	0
1.17	58432.	1.63664e6	0	10281.6	432928.	0
1.2	56992.	1.48784e6	0	10809.6	397168.	0
1.23	54720.	1.37232e6	0	10380.800000000001	385328.	0
1.26	52608.	1.26672e6	0	9963.2	376304.	0
1.29	51648.	1.18032e6	0	10179.2	363824.	0
1.3199999999999998	48690.200000000004	1.10360784e6	0	10054.12	343443.12	0
1.3499999999999999	43984.32	1.03537256e6	0	9630.6	316149.	0
1.38	43200.	946000.	0	9940.	308400.	0
1.41	43160.	859200.	0	10264.	306720.	0
1.44	42920.	806400.	0	9928.	315840.	0
1.47	42080.	777600.	0	9892.	307320.	0
1.5	40640.	772800.	0	10156.	281160.	0
1.53	38780.	714000.	0	9680.	262600.	0
1.56	36932.	653600.	0	9092.	248040.	0
1.5899999999999999	35564.	639200.	0	8684.	245880.	0
1.6199999999999999	34762.36	619058.84	0	8515.28	234094.12	0
1.65	34527.04	593176.48	0	8585.880000000001	212682.36000000002	0
1.68	33961.6	547680.	0	8734.4	200336.	0
1.71	33416.	503040.	0	8835.2	194512.	0
1.74	33536.	495840.	0	8499.2	216352.	0
1.77	32491.2	502080.	0	8409.6	219152.	0
1.7999999999999998	30115.2	523680.	0	8601.6	200192.	0
1.8299999999999998	30504.	493440.	0	8409.6	188528.	0
1.8599999999999999	31200.	452800.	0	8083.2	181696.	0
1.89	29400.	428800.	0	7507.2	194416.	0
1.92	28857.24	417098.04000000004	0	7386.68	198564.72	0
1.95	29751.36	419451.	0	7786.68	192917.64	0
1.98	29316.	397000.	0	8413.6	179272.	0
2.01	28639.2	370984.	0	8927.2	164896.	0
2.04	29431.2	380824.	0	7799.2	165856.	0
2.07	29776.	378184.	0	7076.8	165048.	0
2.1	29536.	359224.	0	6884.8	161928.	0
2.13	28652.	344864.	0	7042.400000000001	145928.	0
2.16	27689.600000000002	331160.	0	7308.8	129440.	0
2.19	27785.600000000002	310760.	0	7596.8	143840.	0
2.2199999999999998	27758.440000000002	307051.	0	7688.64	146392.16	0
2.25	27570.2	325168.64	0	7523.92	133451.	0
2.28	26252.8	305360.	0	7075.2	132288.	0
2.31	24745.600000000002	274160.	0	6561.6	134464.	0
2.34	26329.600000000002	276560.	0	6585.6	123424.	0
2.37	26915.2	280208.	0	6811.2	116896.	0
2.4	26003.2	285728.	0	7339.2	117136.	0
2.4299999999999997	25038.4	293712.	0	6705.6	114032.	0
2.46	24057.600000000002	301152.	0	5697.6	108880.	0
2.4899999999999998	23121.600000000002	288432.	0	5361.6	92080.	0
2.52	23360.	276470.6	0	5244.72	86235.28	0
2.55	25360.	265647.04	0	5456.4800000000005	96823.52	0
2.58	25321.600000000002	264080.	0	5604.	100168.	0
2.61	24419.2	266640.	0	5724.	100312.	0
2.6399999999999997	23795.2	273840.	0	5844.	97672.	0
2.67	23074.4	276464.	0	5796.8	98024.	0
2.6999999999999997	22186.4	271184.	0	5460.8	103544.	0
2.73	21785.600000000002	262040.	0	5326.400000000001	103688.	0
2.76	21628.	251640.	0	5289.6	100976.	0
2.79	22468.	252840.	0	5577.6	82256.	0
2.82	22378.84	255498.04	0	5596.08	79286.28	0
2.85	20684.72	260674.52000000002	0	5149.	103521.56	0
2.88	19768.	268160.	0	5816.	103440.	0
2.9099999999999997	19240.	276800.	0	7040.	91200.	0
2.94	19312.	259520.	0	6896.	72720.	0
2.9699999999999998	19280.	243600.	0	6376.	63680.	0
3.	19040.	230400.	0	5104.	73520.	0
3.03	18368.	226640.	0	4568.	70560.	0
3.06	17480.	227600.	0	4400.	61200.	0
3.09	16832.	242720.	0	3994.4	64080.	0
3.12	16658.84	248486.28	0	4264.4	67333.32	0
3.15	17435.28	235545.08000000002	0	5885.56	71333.32	0
3.1799999999999997	16777.6	233384.	0	5191.04	66568.	0
3.21	15289.6	237464.	0	3155.84	56728.	0
3.2399999999999998	15518.4	235048.	0	3500.96	53384.	0
3.27	15489.6	231328.	0	3679.76	57032.	0
3.3	14721.6	225088.	0	3278.96	76472.	0
3.33	14850.4	231160.	0	3568.2400000000002	82688.	0
3.36	15498.4	244360.	0	4257.04	81248.	0
3.3899999999999997	14592.	229024.	0	4813.6	66584.	0
3.42	13722.36	217741.16	0	5214.12	51941.16	0
3.4499999999999997	13063.52	218211.76	0	5261.16	38411.76	0
3.48	13131.2	222288.	0	4765.92	39408.	0
3.51	13683.2	228768.	0	3909.12	50088.	0
3.54	15041.6	233456.	0	4226.08	60880.	0
3.57	15427.2	236160.	0	4336.32	66752.	0
3.5999999999999996	12979.2	233760.	0	3647.52	59072.	0
3.63	11913.6	228768.	0	3377.76	53120.	0
3.6599999999999997	11769.6	222048.	0	3387.36	48320.	0
3.69	11737.6	234816.	0	3289.44	38457.6	0
3.7199999999999998	11450.2	241435.28	0	3094.6800000000003	33381.96	0
3.75	10438.44	227317.64	0	2654.68	42464.32	0
3.78	10312.800000000001	227456.	0	2814.88	41721.6	0
3.81	10864.800000000001	238496.	0	3434.08	33465.6	0
3.84	10380.	239816.	0	3297.28	29767.2	0
3.8699999999999997	9746.4	240840.	0	2983.52	28283.2	0
3.9	9002.4	244440.	0	2364.32	32411.2	0
3.9299999999999997	8938.4	242056.	0	2527.12	37668.	0
3.96	9394.4	235096.	0	3287.92	43788.	0
3.9899999999999998	9224.	228784.	0	3117.76	41419.200000000004	0
4.02	8963.12	223780.4	0	2881.08	37106.68	0
4.05	8633.72	222839.2	0	2765.8	29506.68	0
4.08	8070.400000000001	222400.	0	2621.12	26984.	0
4.109999999999999	7302.400000000001	222400.	0	2450.7200000000003	28904.	0
4.14	7761.6	242160.	0	2748.32	30012.8	0
4.17	8217.6	255072.	0	3001.76	33008.	0
4.2	7905.6	228432.	0	2790.56	44048.	0
4.2299999999999995	7580.8	219456.	0	2553.76	39459.200000000004	0
4.26	7244.8	225936.	0	2294.56	21195.2	0
4.29	6784.	227008.	0	2235.04	22296.	0
4.32	6390.6	226823.52000000002	0	2215.28	26289.4	0
4.35	6343.52	224941.16	0	2231.76	29936.48	0
4.38	6488.	225560.	0	2409.2000000000003	30440.	0
4.41	6824.	228680.	0	2747.6	27800.	0
4.4399999999999995	6860.	232400.	0	2658.	34080.	0
4.47	6724.	234080.	0	2474.8	38832.	0
4.5	6028.	224960.	0	2251.6	27024.	0
4.53	5644.	219560.	0	2034.4	25404.	0
4.56	5572.	217880.	0	1823.2	33972.	0
4.59	4940.	215000.	0	1574.	35360.	0
4.62	4382.76	211733.32	0	1374.92	34712.16	0
4.6499999999999995	4759.2	207733.32	0	1464.32	31065.08	0
4.68	5128.	205824.	0	1652.	26936.	0
4.71	5488.	206304.	0	1952.	22256.	0
4.74	5579.2	206976.	0	2238.56	25428.8	0
4.77	5539.2	207024.	0	2457.76	28558.4	0
4.8	5083.2	202704.	0	2260.96	18646.4	0
4.83	4728.	202976.	0	2036.16	13953.6	0
4.859999999999999	4488.	208496.	0	1779.3600000000001	15225.6	0
4.89	4267.2	193472.	0	1710.72	19627.2	0
4.92	4123.92	175466.68	0	1711.44	23944.32	0
4.95	4453.32	171466.68	0	1857.32	22626.68	0
4.9799999999999995	4400.8	167224.	0	1862.	22462.4	0
5.01	3848.8	162664.	0	1682.	23806.4	0
5.04	4014.4	168040.	0	1796.4	19409.600000000002	0
5.069999999999999	4311.52	175432.	0	1941.8400000000001	13928.	0
5.1	3826.7200000000003	173752.	0	1560.24	14408.	0
5.13	3468.8	169680.	0	1341.92	12454.4	0
5.16	3276.8	162480.	0	1337.1200000000001	7318.400000000001	0
5.1899999999999995	3252.2400000000002	149760.	0	1229.28	10701.6	0
5.22	3308.7200000000003	137011.76	0	1142.84	16070.6	0
5.25	3635.76	139129.4	0	1531.04	15976.48	0
5.279999999999999	3546.88	140208.	0	1515.3600000000001	15689.6	0
5.31	2834.08	139728.	0	893.76	15113.6	0
5.34	2607.04	134496.	0	860.	10172.800000000001	0
5.37	2586.4	128128.	0	1038.72	4523.2	0
5.3999999999999995	2982.4	130048.	0	1199.52	11171.2	0
5.43	3205.6	128416.	0	1401.6000000000001	15016.	0
5.46	3169.6	121456.	0	1665.6000000000001	14656.	0
5.49	3020.96	125760.	0	1544.16	14947.2	0
5.52	2855.28	132298.04	0	1312.88	16235.28	0
5.55	3024.7200000000003	112768.64	0	1505.8	28164.72	0
5.58	2932.2400000000002	99432.	0	1460.8	33643.2	0
5.609999999999999	2387.44	96792.	0	1004.8000000000001	27979.2	0
5.64	2180.32	94992.	0	742.	16754.4	0
5.67	2110.7200000000003	93560.	0	564.72	3853.6	0
5.7	1832.32	92360.	0	466.32	11461.6	0
5.7299999999999995	1885.68	96352.	0	609.04	13376.	0
5.76	2512.08	109312.	0	1168.24	5456.	0
5.79	2369.04	99424.	0	1204.96	3735.2000000000003	0
5.819999999999999	1925.4	80407.84	0	1032.08	4634.52	0
5.85	2327.76	80643.12	0	1274.44	4469.8	0
5.88	2385.6	82480.	0	1284.	4480.	0
5.91	1754.4	87520.	0	828.	4840.	0
5.9399999999999995	1726.4	83920.	0	724.	4433.6	0
5.97	2000.	76000.	0	796.	3644.	0
6.	1541.6000000000001	87520.	0	541.6	4097.6	0
6.029999999999999	1309.6000000000001	90160.	0	472.8	4273.6	0
6.06	1530.4	75040.	0	775.2	3894.4	0
6.09	1746.4	69520.	0	1010.4	3792.	0
6.12	1960.	68800.	0	1212.	3828.	0
6.1499999999999995	1738.8400000000001	65270.6	0	910.84	3430.36	0
6.18	1622.88	63664.	0	755.44	3092.96	0
6.21	1752.48	66544.	0	940.24	2896.16	0
6.24	1771.1200000000001	64560.	0	1021.6800000000001	8666.880000000001	0
6.27	1725.52	59760.	0	1043.28	17892.48	0
6.3	1684.56	60064.	0	932.64	17457.6	0
6.33	1673.28	61192.	0	864.96	14767.2	0
6.359999999999999	1730.88	63832.	0	908.16	7591.2	0
6.39	1704.88	65104.	0	779.6	4595.2	0
6.42	1630.48	65584.	0	551.6	4019.2000000000003	0
6.45	1418.76	61960.8	0	573.5600000000001	4159.2	0
6.4799999999999995	1250.4	58624.	0	541.04	4158.4	0
6.51	1214.4	56464.	0	334.88	3702.4	0
6.54	1241.76	53440.	0	347.28000000000003	3463.84	0
6.569999999999999	1311.3600000000001	49840.	0	505.44	3370.2400000000002	0
6.6	1172.64	48704.	0	527.2	3153.44	0
6.63	1122.08	47808.	0	596.16	5562.72	0
6.66	1354.88	47088.	0	821.76	15217.92	0
6.6899999999999995	1633.76	47088.	0	1061.76	18590.4	0
6.72	1943.3600000000001	47568.	0	1311.3600000000001	17774.4	0
6.75	1601.64	47600.	0	950.28	18115.28	0
6.779999999999999	1292.24	46872.	0	618.16	16333.28	0
6.81	1241.84	43752.	0	524.5600000000001	7304.4800000000005	0
6.84	1021.44	49472.	0	417.92	2943.2000000000003	0
6.87	671.04	61952.	0	301.28000000000003	2151.2	0
6.8999999999999995	843.36	50888.	0	426.96000000000004	2465.12	0
6.93	962.88	40002.4	0	467.84000000000003	2871.12	0
6.96	718.08	38298.4	0	141.44	3175.92	0
6.989999999999999	924.8000000000001	37750.4	0	285.6	9078.48	0
7.02	1476.8	38086.4	0	789.6	19261.68	0
7.05	1133.88	39051.76	0	590.5600000000001	10572.72	0
7.08	739.2	39328.	0	350.96	1977.1200000000001	0
7.109999999999999	535.2	36568.	0	261.68	2142.7200000000003	0
7.14	619.2	36009.6	0	291.68	2550.2400000000002	0
7.17	955.2	37377.6	0	426.08	3169.44	0
7.199999999999999	979.2	39244.8	0	473.12	3012.8	0
7.2299999999999995	930.72	39763.200000000004	0	461.44	2980.16	0
7.26	784.32	34579.2	0	268.72	3920.96	0
7.29	625.12	31955.2	0	193.76	3882.56	0
7.319999999999999	454.72	31571.2	0	221.84	2987.36	0
7.35	454.44	30806.28	0	189.32	3290.12	0
7.38	532.	30324.	0	213.36	3513.6	0
7.41	868.	31548.	0	567.12	2419.2000000000003	0
7.4399999999999995	1070.8	38472.	0	722.4	2043.6000000000001	0
7.47	1140.4	51096.	0	679.2	2386.8	0
7.5	788.	42560.	0	406.8	1770.	0
7.529999999999999	406.8	31824.	0	140.8	1153.6000000000001	0
7.56	303.6	31248.	0	136.	1499.2	0
7.59	471.6	30576.	0	303.52	1594.	0
7.62	910.8000000000001	29808.	0	643.36	1438.	0
7.6499999999999995	823.2	26503.52	0	507.04	2547.28	0
7.68	634.8000000000001	23152.	0	300.52	3522.88	0
7.71	475.68	22792.	0	256.36	1984.48	0
7.739999999999999	386.56	30720.	0	210.52	1250.24	0
7.77	377.44	48120.	0	162.76	1435.04	0
7.8	550.52	40118.4	0	271.08	1909.76	0
7.83	726.24	27369.600000000002	0	387.44	2337.6	0
7.859999999999999	623.04	25041.600000000002	0	302.24	1989.6000000000001	0
7.89	523.2	22344.	0	214.56	1470.24	0
7.92	427.2	19224.	0	124.08	755.04	0
7.949999999999999	520.96	21348.24	0	261.28000000000003	1050.6	0
7.9799999999999995	661.44	25613.600000000002	0	440.8	1545.2	0
8.01	795.84	37349.6	0	488.8	1557.2	0
8.04	926.08	38082.4	0	583.6	1815.68	0
8.07	1050.88	24426.4	0	739.6	2396.48	0
8.1	724.6800000000001	20908.8	0	496.52000000000004	2103.28	0
8.129999999999999	302.2	20613.600000000002	0	176.04	1523.4	0
8.16	248.20000000000002	21549.600000000002	0	252.6	757.32	0
8.19	211.68	22329.600000000002	0	219.04	922.44	0
8.219999999999999	198.	22905.600000000002	0	41.44	2305.32	0
8.25	336.04	21957.64	0	64.76	2494.52	0
8.28	494.04	20326.4	0	137.84	2279.2000000000003	0
8.31	284.52	15622.4	0	51.68	1487.2	0
8.34	154.68	13980.800000000001	0	26.88	1258.72	0
8.37	144.36	16932.8	0	94.08	1875.52	0
8.4	149.68	18881.600000000002	0	62.72	1445.1200000000001	0
8.43	167.28	20384.	0	7.4	702.4	0
8.459999999999999	276.72	20744.	0	118.52	918.4	0
8.49	410.	19827.2	0	264.6	1050.88	0
8.52	578.96	16995.2	0	463.08	1058.08	0
8.549999999999999	561.88	16947.44	0	472.88	1065.16	0
8.58	470.40000000000003	17717.600000000002	0	407.68	1086.64	0
8.61	182.4	12845.6	0	158.08	1525.84	0
8.64	65.28	11396.800000000001	0	46.36	1728.32	0
8.67	243.36	15860.800000000001	0	172.84	1521.92	0
8.7	246.08	15721.6	0	136.56	1157.6000000000001	0
8.73	173.28	13646.4	0	34.12	747.6800000000001	0
8.76	91.68	12638.4	0	36.04	978.08	0
8.79	31.2	12026.4	0	29.080000000000002	1791.92	0
8.82	7.2	12098.4	0	6.72	3613.52	0
8.85	56.160000000000004	11543.52	0	16.8	2763.28	0
8.879999999999999	136.4	10720.	0	40.800000000000004	768.	0
8.91	299.36	14728.	0	231.36	1233.6000000000001	0
8.94	406.	16816.	0	323.04	1313.84	0
8.969999999999999	400.	15064.	0	216.96	623.36	0
9.	327.44	14704.	0	108.96000000000001	552.72	0
9.03	221.6	15040.	0	0	792.	0
9.06	88.64	13696.	0	57.6	555.6	0
9.09	114.4	12104.	0	194.4	399.2	0
9.12	457.6	10016.	0	489.6	402.8	0
9.15	432.72	10480.800000000001	0	357.40000000000003	567.12	0
9.18	223.76	12221.960000000001	0	11.52	811.84	0
9.209999999999999	91.04	12117.6	0	0	822.32	0
9.24	15.48	11949.6	0	6.84	750.5600000000001	0
9.27	67.08	11781.6	0	29.6	505.76	0
9.299999999999999	53.32	10154.4	0	23.52	578.64	0
9.33	1.72	7682.400000000001	0	0.76	835.44	0
9.36	55.68	10871.2	0	0	602.72	0
9.389999999999999	86.	12102.4	0	0	584.96	0
9.42	52.64	8310.4	0	0	1108.16	0
9.45	163.36	9542.76	0	112.36	2276.08	0
9.48	357.44	13683.92	0	289.76	3817.2400000000002	0
9.51	328.52	11809.6	0	232.16	2217.6	0
9.54	304.76	9288.	0	183.92000000000002	1095.04	0
9.57	339.08	6168.	0	207.68	1901.44	0
9.6	400.04	5740.8	0	297.40000000000003	2071.36	0
9.629999999999999	478.76	7108.8	0	431.08	1816.96	0
9.66	364.16	7760.	0	422.08	1047.3600000000001	0
9.69	244.52	8212.8	0	342.72	529.6	0
9.719999999999999	149.	8260.8	0	97.92	805.6	0
9.75	167.96	7164.72	0	81.88	1085.4	0
9.78	263.28000000000003	5305.88	0	218.36	1367.76	0
9.81	322.48	6653.6	0	226.6	894.88	0
9.84	321.08	8570.4	0	190.92000000000002	668.48	0
9.87	133.64000000000001	11186.4	0	57.72	1527.68	0
9.9	49.800000000000004	10892.	0	0	1579.04	0
9.93	45.24	8372.	0	0	1012.64	0
9.959999999999999	20.6	6348.8	0	0	19188.56	0
9.99	24.240000000000002	5668.8	0	6.72	29995.84	0
10.02	128.16	9220.800000000001	0	35.52	9749.44	0
10.049999999999999	131.48	8813.32	0	50.68	1308.	0
10.08	57.800000000000004	5378.04	0	55.36	1893.88	0
10.11	285.12	7291.2	0	249.44	1722.4	0
10.139999999999999	443.52	9067.2	0	376.64	1373.44	0
10.17	141.12	7003.2	0	119.84	780.64	0
10.2	17.400000000000002	6872.	0	26.	667.84	0
10.23	50.04	8432.	0	74.72	975.04	0
10.26	26.12	7080.	0	38.96	487.68	0
10.29	8.32	5524.8	0	0	61.92	0
10.32	49.84	4948.8	0	0	371.52	0
10.35	188.04	4692.56	0	100.64	354.12	0
10.379999999999999	410.88	4716.08	0	289.36	50.6	0
10.41	264.6	5000.	0	160.4	0	0
10.44	73.08	5552.	0	0	106.8	0
10.469999999999999	24.36	7184.	0	0	747.6	0
10.5	16.44	6731.6	0	0	1071.6	0
10.53	49.32	4194.8	0	0	1078.8	0
10.559999999999999	27.400000000000002	4066.	0	0	19660.	0
10.59	0	4472.	0	0	34580.8	0
10.62	0	5144.	0	0	12625.6	0
10.65	0	5491.76	0	0	1163.28	0
10.68	0	5515.28	0	0	193.88	0
10.709999999999999	0	6096.	0	0	0	0
10.74	0	6633.6	0	0	45.12	0
10.77	0	5985.6	0	0	383.52	0
10.799999999999999	0	5337.6	0	0	406.08	0
10.83	0	4689.6	0	0	67.68	0
10.86	0	4579.2	0	0	0	0
10.889999999999999	4.5600000000000005	4696.	0	0	0	0
10.92	38.88	5416.	0	0	0	0
10.95	41.480000000000004	4688.8	0	0	160.32	0
10.98	7.84	2307.6	0	0	503.84000000000003	0
11.01	0	3117.28	0	0	585.84	0
11.04	0	4580.08	0	0	588.48	0
11.07	0	3180.88	0	0	593.28	0
11.1	0	2549.2000000000003	0	0	441.04	0
11.129999999999999	0	2921.2000000000003	0	0	83.44	0
11.16	26.12	2741.2000000000003	0	0	279.68	0
11.19	53.4	2502.64	0	0	571.52	0
11.219999999999999	19.32	3249.04	0	0	206.72	0
11.25	0	4000.32	0	0	0	0
11.28	0	4757.96	0	0	0	0
11.309999999999999	102.96000000000001	4150.4	0	138.16	0	0
11.34	224.64000000000001	3196.8	0	301.44	0	0
11.37	84.24	4348.8	0	113.04	0	0
11.4	12.76	5203.2	0	0	303.36	0
11.43	44.68	5611.2	0	0	1061.76	0
11.459999999999999	134.16	4891.04	0	104.36	1272.8	0
11.49	227.72	3837.44	0	227.72	1232.64	0
11.52	85.4	3859.04	0	85.4	462.24	0
11.549999999999999	0	3573.64	0	0	0	0
11.58	0	2827.76	0	0	0	0
11.61	131.2	2615.76	0	131.2	275.52	0
11.639999999999999	307.48	2632.32	0	306.16	642.88	0
11.67	160.36	2641.92	0	118.72	249.28	0
11.7	82.60000000000001	2507.2000000000003	0	0	0	0
11.73	124.60000000000001	2123.2	0	0	0	0
11.76	79.56	3718.2400000000002	0	0	283.92	0
11.79	0	5985.52	0	0	662.48	0
11.82	0	3151.12	0	0	256.88	0
11.85	0	1802.04	0	0	147.52	0
11.879999999999999	0	3018.52	0	0	549.88	0
11.91	0	2886.4	0	0	410.40000000000003	0
11.94	0	2080.	0	0	0	0
11.969999999999999	0	2920.	0	0	0	0
12.	0	3624.	0	0	0	0
12.03	0	4056.	0	0	0	0
12.059999999999999	0	3652.8	0	0	0	0
12.09	0	2832.	0	0	0	0
12.12	0	3276.	0	0	859.2	0
12.15	0	3295.92	0	0	1151.2	0
12.18	0	2467.68	0	0	308.88	0
12.209999999999999	0	1893.44	0	0	0	0
12.24	0	1466.24	0	0	0	0
12.27	52.88	1885.8400000000001	0	0	426.88	0
12.299999999999999	74.8	2469.28	0	0	736.	0
12.33	20.080000000000002	3366.88	0	0	736.	0
12.36	0	3703.6	0	0	737.52	0
12.389999999999999	0	3715.6	0	0	739.92	0
12.42	0	2864.56	0	0	310.8	0
12.45	0	2118.12	0	0	0	0
12.48	0	1685.16	0	0	0	0
12.51	0	1516.32	0	0	273.6	0
12.54	0	1523.52	0	0	729.6	0
12.57	0	1530.72	0	0	1624.64	0
12.6	0	1662.72	0	0	1935.3600000000001	0
12.629999999999999	0	2137.92	0	0	552.96	0
12.66	132.32	2893.92	0	132.32	0	0
12.69	352.88	3837.12	0	352.88	0	0
12.719999999999999	161.76	2598.56	0	161.76	884.8000000000001	0
12.75	0	1453.	0	0	1332.16	0
12.78	0	991.84	0	0	402.76	0
12.809999999999999	0	1065.3600000000001	0	0	0	0
12.84	0	1547.76	0	0	0	0
12.87	0	2470.8	0	0	434.16	0
12.9	61.6	2765.76	0	61.6	691.44	0
12.93	325.6	836.16	0	325.6	209.04	0
12.959999999999999	290.40000000000003	278.8	0	290.40000000000003	0	0
12.99	26.400000000000002	770.8000000000001	0	26.400000000000002	0	0
13.02	42.76	377.2	0	0	0	0
13.049999999999999	68.32000000000001	342.04	0	0	0	0
13.08	21.76	1807.92	0	0	0	0
13.11	0	1694.56	0	0	0	0
13.139999999999999	0	199.36	0	0	0	0
13.17	0	877.76	0	0	436.8	0
13.2	0	1791.2	0	0	739.2	0
13.229999999999999	0	2307.2000000000003	0	0	235.20000000000002	0
13.26	0	1732.64	0	0	0	0
13.29	0	203.84	0	0	0	0
13.32	0	2246.4	0	0	0	0
13.35	0	3811.76	0	0	0	0
13.379999999999999	0	1270.6000000000001	0	0	0	0
13.41	0	525.6	0	0	0	0
13.44	0	1576.8	0	0	0	0
13.469999999999999	0	1318.	0	0	0	0
13.5	0	973.2	0	0	0	0
13.53	0	1508.4	0	0	0	0
13.559999999999999	0	1782.	0	0	0	0
13.59	0	1794.	0	0	0	0
13.62	0	2254.	0	0	0	0
13.65	0	2535.52	0	0	0	0
13.68	0	1476.72	0	0	0	0
13.709999999999999	0	1168.48	0	0	0	0
13.74	0	1718.08	0	0	0	0
13.77	0	950.5600000000001	0	0	0	0
13.799999999999999	0	0	0	0	74.56	0
13.83	0	0	0	0	633.76	0
13.86	0	0	0	0	671.04	0
13.889999999999999	0	0	0	0	111.84	0
13.92	0	0	0	0	0	0
13.95	0	149.	0	0	0	0
13.979999999999999	0	1266.68	0	0	0	0
14.01	0	1654.56	0	0	0	0
14.04	0	1088.16	0	0	0	0
14.07	0	516.24	0	0	443.44	0
14.1	0	0	0	0	906.16	0
14.129999999999999	0	0	0	0	327.76	0
14.16	0	0	0	0	0	0
14.19	0	0	0	0	0	0
14.219999999999999	0	0	0	0	0	0
14.25	0	0	0	0	0	0
14.28	0	0	0	0	0	0
14.309999999999999	0	0	0	0	0	0
14.34	0	0	0	0	0	0
14.37	0	443.52	0	0	0	0
14.399999999999999	0	1008.16	0	0	0	0
14.43	0	1010.5600000000001	0	0	0	0
14.459999999999999	0	769.12	0	0	0	0
14.49	0	161.92000000000002	0	0	0	0
14.52	0	0	0	0	0	0
14.549999999999999	0	0	0	0	0	0
14.58	0	0	0	0	0	0
14.61	0	228.8	0	0	0	0
14.639999999999999	0	852.8000000000001	0	0	0	0
14.67	0	1043.3600000000001	0	0	0	0
14.7	0	1027.04	0	0	21.12	0
14.729999999999999	0	398.24	0	0	654.72	0
14.76	0	0	0	0	823.6800000000001	0
14.79	0	0	0	0	190.08	0
14.82	0	450.24	0	0	450.24	0
14.85	0	1051.	0	0	1051.	0
14.879999999999999	0	420.40000000000003	0	0	420.40000000000003	0
14.91	0	0	0	0	0	0
14.94	0	0	0	0	0	0
14.969999999999999	0	0	0	0	0	0
15.	0	0	0	0	0	0