  -2.000 0.0000 0.0000 0.0000 0.0000 0.0000 0.0000 
  -1.950 0.0000 0.0000 0.0000 0.0000 0.0000 0.0000 
  -1.900 0.0000 0.0000 0.0000 0.0000 0.0000 0.0000 
  -1.850 0.0000 0.0000 0.0000 0.0000 0.0000 0.0000 
  -1.800 0.0000 0.0000 0.0000 0.0000 0.0000 0.0000 
  -1.750 0.0000 0.0000 0.0000 0.0000 0.0000 0.0000 
  -1.700 0.0000 0.0000 0.0000 0.0000 0.0000 0.0000 
  -1.650 0.0000 0.0000 0.0000 0.0000 0.0000 0.0000 
  -1.600 0.0000 0.0000 0.0000 0.0000 0.0000 0.0000 
  -1.550 0.0000 0.0000 0.0000 0.0000 0.0000 0.0000 
  -1.500 0.0000 0.0000 0.0000 0.0000 0.0000 0.0000 
  -1.450 0.0000 0.0000 0.0000 0.0000 0.0000 0.0000 
  -1.400 0.0000 0.0000 0.0000 0.0000 0.0000 0.0000 
  -1.350 0.0000 0.0000 0.0000 0.0000 0.0000 0.0000 
  -1.300 0.0019 0.0016 0.0000 0.0096 0.0095 0.0000 
  -1.250 0.0033 0.0030 0.0000 0.0114 0.0113 0.0000 
  -1.200 0.0050 0.0047 0.0000 0.0133 0.0132 0.0000 
  -1.150 0.0075 0.0071 0.0000 0.0156 0.0155 0.0000 
  -1.100 0.0115 0.0111 0.0000 0.0190 0.0189 0.0000 
  -1.050 0.0167 0.0164 0.0000 0.0229 0.0227 0.0000 
  -1.000 0.0232 0.0228 0.0000 0.0271 0.0270 0.0000 
  -0.950 0.0323 0.0319 0.0000 0.0324 0.0323 0.0000 
  -0.900 0.0441 0.0437 0.0000 0.0385 0.0383 0.0000 
  -0.850 0.0596 0.0593 0.0000 0.0456 0.0454 0.0000 
  -0.800 0.0782 0.0779 0.0000 0.0532 0.0531 0.0000 
  -0.750 0.0990 0.0987 0.0000 0.0608 0.0607 0.0000 
  -0.700 0.1232 0.1229 0.0000 0.0687 0.0686 0.0000 
  -0.650 0.1502 0.1498 0.0000 0.0767 0.0766 0.0000 
  -0.600 0.1736 0.1733 0.0000 0.0832 0.0831 0.0000 
  -0.550 0.1936 0.1932 0.0000 0.0889 0.0887 0.0000 
  -0.500 0.2095 0.2091 0.0000 0.0934 0.0932 0.0000 
  -0.450 0.2221 0.2218 0.0000 0.0973 0.0971 0.0000 
  -0.400 0.2325 0.2322 0.0000 0.1010 0.1009 0.0000 
  -0.350 0.2417 0.2413 0.0000 0.1051 0.1050 0.0000 
  -0.300 0.2507 0.2503 0.0000 0.1098 0.1097 0.0000 
  -0.250 0.2582 0.2579 0.0000 0.1141 0.1140 0.0000 
  -0.200 0.2631 0.2627 0.0000 0.1180 0.1179 0.0000 
  -0.150 0.2653 0.2650 0.0000 0.1211 0.1210 0.0000 
  -0.100 0.2650 0.2646 0.0000 0.1234 0.1233 0.0000 
  -0.050 0.2623 0.2620 0.0000 0.1254 0.1253 0.0000 
   0.000 0.2577 0.2573 0.0000 0.1271 0.1269 0.0000 
   0.050 0.2518 0.2514 0.0000 0.1286 0.1285 0.0000 
   0.100 0.2458 0.2455 0.0000 0.1303 0.1302 0.0000 
   0.150 0.2404 0.2400 0.0000 0.1321 0.1320 0.0000 
   0.200 0.2356 0.2352 0.0000 0.1342 0.1340 0.0000 
   0.250 0.2318 0.2315 0.0000 0.1366 0.1365 0.0000 
   0.300 0.2296 0.2293 0.0000 0.1392 0.1391 0.0000 
   0.350 0.2292 0.2288 0.0000 0.1418 0.1417 0.0000 
   0.400 0.2292 0.2288 0.0000 0.1439 0.1438 0.0000 
   0.450 0.2293 0.2289 0.0000 0.1453 0.1452 0.0000 
   0.500 0.2294 0.2290 0.0000 0.1460 0.1459 0.0000 
   0.550 0.2291 0.2287 0.0000 0.1461 0.1460 0.0000 
   0.600 0.2285 0.2281 0.0000 0.1458 0.1456 0.0000 
   0.650 0.2276 0.2272 0.0000 0.1450 0.1449 0.0000 
   0.700 0.2261 0.2258 0.0000 0.1438 0.1437 0.0000 
   0.750 0.2244 0.2241 0.0000 0.1426 0.1425 0.0000 
   0.800 0.2226 0.2223 0.0000 0.1412 0.1411 0.0000 
   0.850 0.2209 0.2205 0.0000 0.1399 0.1397 0.0000 
   0.900 0.2188 0.2185 0.0000 0.1385 0.1384 0.0000 
   0.950 0.2168 0.2164 0.0000 0.1371 0.1370 0.0000 
   1.000 0.2148 0.2145 0.0000 0.1355 0.1354 0.0000 
   1.050 0.2129 0.2125 0.0000 0.1344 0.1343 0.0000 
   1.100 0.2109 0.2106 0.0000 0.1332 0.1331 0.0000 
   1.150 0.2089 0.2086 0.0000 0.1320 0.1319 0.0000 
   1.200 0.2071 0.2067 0.0000 0.1309 0.1308 0.0000 
   1.250 0.2054 0.2051 0.0000 0.1299 0.1298 0.0000 
   1.300 0.2039 0.2035 0.0000 0.1289 0.1287 0.0000 
   1.350 0.2024 0.2021 0.0000 0.1279 0.1278 0.0000 
   1.400 0.2009 0.2005 0.0000 0.1271 0.1269 0.0000 
   1.450 0.1993 0.1990 0.0000 0.1262 0.1261 0.0000 
   1.500 0.1980 0.1977 0.0000 0.1254 0.1253 0.0000 
   1.550 0.1968 0.1965 0.0000 0.1246 0.1245 0.0000 
   1.600 0.1956 0.1953 0.0000 0.1240 0.1239 0.0000 
   1.650 0.1945 0.1941 0.0000 0.1233 0.1232 0.0000 
   1.700 0.1932 0.1928 0.0000 0.1228 0.1227 0.0000 
   1.750 0.1921 0.1917 0.0000 0.1222 0.1221 0.0000 
   1.800 0.1911 0.1908 0.0000 0.1218 0.1216 0.0000 
   1.850 0.1902 0.1899 0.0000 0.1212 0.1211 0.0000 
   1.900 0.1892 0.1888 0.0000 0.1207 0.1206 0.0000 
   1.950 0.1882 0.1878 0.0000 0.1203 0.1202 0.0000 
   2.000 0.1874 0.1871 0.0000 0.1201 0.1200 0.0000 
   2.050 0.1866 0.1862 0.0000 0.1197 0.1196 0.0000 
   2.100 0.1857 0.1853 0.0000 0.1193 0.1192 0.0000 
   2.150 0.1847 0.1843 0.0000 0.1189 0.1188 0.0000 
   2.200 0.1838 0.1834 0.0000 0.1185 0.1184 0.0000 
   2.250 0.1830 0.1827 0.0000 0.1182 0.1181 0.0000 
   2.300 0.1822 0.1818 0.0000 0.1178 0.1177 0.0000 
   2.350 0.1813 0.1809 0.0000 0.1176 0.1175 0.0000 
   2.400 0.1804 0.1800 0.0000 0.1173 0.1171 0.0000 
   2.450 0.1796 0.1793 0.0000 0.1170 0.1168 0.0000 
   2.500 0.1788 0.1784 0.0000 0.1166 0.1165 0.0000 
   2.550 0.1779 0.1776 0.0000 0.1162 0.1161 0.0000 
   2.600 0.1770 0.1766 0.0000 0.1159 0.1158 0.0000 
   2.650 0.1759 0.1755 0.0000 0.1156 0.1154 0.0000 
   2.700 0.1751 0.1747 0.0000 0.1153 0.1152 0.0000 
   2.750 0.1741 0.1738 0.0000 0.1149 0.1148 0.0000 
   2.800 0.1732 0.1728 0.0000 0.1146 0.1144 0.0000 
   2.850 0.1721 0.1717 0.0000 0.1142 0.1140 0.0000 
   2.900 0.1708 0.1705 0.0000 0.1138 0.1137 0.0000 
   2.950 0.1697 0.1694 0.0000 0.1134 0.1133 0.0000 
   3.000 0.1686 0.1683 0.0000 0.1129 0.1128 0.0000 
   3.050 0.1686 0.1683 0.0000 0.1129 0.1128 0.0000 
   3.100 0.1686 0.1683 0.0000 0.1129 0.1128 0.0000 
   3.150 0.1686 0.1683 0.0000 0.1129 0.1128 0.0000 
   3.200 0.1686 0.1683 0.0000 0.1129 0.1128 0.0000 
   3.250 0.1686 0.1683 0.0000 0.1129 0.1128 0.0000 
   3.300 0.1686 0.1683 0.0000 0.1129 0.1128 0.0000 
   3.350 0.1686 0.1683 0.0000 0.1129 0.1128 0.0000 
   3.400 0.1686 0.1683 0.0000 0.1129 0.1128 0.0000 
   3.450 0.1686 0.1683 0.0000 0.1129 0.1128 0.0000 
   3.500 0.1686 0.1683 0.0000 0.1129 0.1128 0.0000 
   3.550 0.1686 0.1683 0.0000 0.1129 0.1128 0.0000 
   3.600 0.1686 0.1683 0.0000 0.1129 0.1128 0.0000 
   3.650 0.1686 0.1683 0.0000 0.1129 0.1128 0.0000 
   3.700 0.1686 0.1683 0.0000 0.1129 0.1128 0.0000 
   3.750 0.1686 0.1683 0.0000 0.1129 0.1128 0.0000 
   3.800 0.1686 0.1683 0.0000 0.1129 0.1128 0.0000 
   3.850 0.1686 0.1683 0.0000 0.1129 0.1128 0.0000 
   3.900 0.1686 0.1683 0.0000 0.1129 0.1128 0.0000 
   3.950 0.1686 0.1683 0.0000 0.1129 0.1128 0.0000 
   4.000 0.1686 0.1683 0.0000 0.1129 0.1128 0.0000 
   4.050 0.1686 0.1683 0.0000 0.1129 0.1128 0.0000 
   4.100 0.1686 0.1683 0.0000 0.1129 0.1128 0.0000 
   4.150 0.1686 0.1683 0.0000 0.1129 0.1128 0.0000 
   4.200 0.1686 0.1683 0.0000 0.1129 0.1128 0.0000 
   4.250 0.1686 0.1683 0.0000 0.1129 0.1128 0.0000 
   4.300 0.1686 0.1683 0.0000 0.1129 0.1128 0.0000 
   4.350 0.1686 0.1683 0.0000 0.1129 0.1128 0.0000 
   4.400 0.1686 0.1683 0.0000 0.1129 0.1128 0.0000 
   4.450 0.1686 0.1683 0.0000 0.1129 0.1128 0.0000 
   4.500 0.1686 0.1683 0.0000 0.1129 0.1128 0.0000 
   4.550 0.1686 0.1683 0.0000 0.1129 0.1128 0.0000 
   4.600 0.1686 0.1683 0.0000 0.1129 0.1128 0.0000 
   4.650 0.1686 0.1683 0.0000 0.1129 0.1128 0.0000 
   4.700 0.1686 0.1683 0.0000 0.1129 0.1128 0.0000 
   4.750 0.1686 0.1683 0.0000 0.1129 0.1128 0.0000 
   4.800 0.1686 0.1683 0.0000 0.1129 0.1128 0.0000 
   4.850 0.1686 0.1683 0.0000 0.1129 0.1128 0.0000 
   4.900 0.1686 0.1683 0.0000 0.1129 0.1128 0.0000 
   4.950 0.1686 0.1683 0.0000 0.1129 0.1128 0.0000 
   5.000 0.1686 0.1683 0.0000 0.1129 0.1128 0.0000 
   5.050 0.1686 0.1683 0.0000 0.1129 0.1128 0.0000 
   5.100 0.1686 0.1683 0.0000 0.1129 0.1128 0.0000 
   5.150 0.1686 0.1683 0.0000 0.1129 0.1128 0.0000 
   5.200 0.1686 0.1683 0.0000 0.1129 0.1128 0.0000 
   5.250 0.1686 0.1683 0.0000 0.1129 0.1128 0.0000 
   5.300 0.1686 0.1683 0.0000 0.1129 0.1128 0.0000 
   5.350 0.1686 0.1683 0.0000 0.1129 0.1128 0.0000 
   5.400 0.1686 0.1683 0.0000 0.1129 0.1128 0.0000 
   5.450 0.1686 0.1683 0.0000 0.1129 0.1128 0.0000 
   5.500 0.1686 0.1683 0.0000 0.1129 0.1128 0.0000 
   5.550 0.1686 0.1683 0.0000 0.1129 0.1128 0.0000 
   5.600 0.1686 0.1683 0.0000 0.1129 0.1128 0.0000 
   5.650 0.1686 0.1683 0.0000 0.1129 0.1128 0.0000 
   5.700 0.1686 0.1683 0.0000 0.1129 0.1128 0.0000 
   5.750 0.1686 0.1683 0.0000 0.1129 0.1128 0.0000 
   5.800 0.1686 0.1683 0.0000 0.1129 0.1128 0.0000 
   5.850 0.1686 0.1683 0.0000 0.1129 0.1128 0.0000 
   5.900 0.1686 0.1683 0.0000 0.1129 0.1128 0.0000 
   5.950 0.1686 0.1683 0.0000 0.1129 0.1128 0.0000 
   6.000 0.1686 0.1683 0.0000 0.1129 0.1128 0.0000 
   6.050 0.1686 0.1683 0.0000 0.1129 0.1128 0.0000 
   6.100 0.1686 0.1683 0.0000 0.1129 0.1128 0.0000 
   6.150 0.1686 0.1683 0.0000 0.1129 0.1128 0.0000 
   6.200 0.1686 0.1683 0.0000 0.1129 0.1128 0.0000 
   6.250 0.1686 0.1683 0.0000 0.1129 0.1128 0.0000 
   6.300 0.1686 0.1683 0.0000 0.1129 0.1128 0.0000 
   6.350 0.1686 0.1683 0.0000 0.1129 0.1128 0.0000 
   6.400 0.1686 0.1683 0.0000 0.1129 0.1128 0.0000 
   6.450 0.1686 0.1683 0.0000 0.1129 0.1128 0.0000 
   6.500 0.1686 0.1683 0.0000 0.1129 0.1128 0.0000 
   6.550 0.1686 0.1683 0.0000 0.1129 0.1128 0.0000 
   6.600 0.1686 0.1683 0.0000 0.1129 0.1128 0.0000 
   6.650 0.1686 0.1683 0.0000 0.1129 0.1128 0.0000 
   6.700 0.1686 0.1683 0.0000 0.1129 0.1128 0.0000 
   6.750 0.1686 0.1683 0.0000 0.1129 0.1128 0.0000 
   6.800 0.1686 0.1683 0.0000 0.1129 0.1128 0.0000 
   6.850 0.1686 0.1683 0.0000 0.1129 0.1128 0.0000 
   6.900 0.1686 0.1683 0.0000 0.1129 0.1128 0.0000 
   6.950 0.1686 0.1683 0.0000 0.1129 0.1128 0.0000 
   7.000 0.1686 0.1683 0.0000 0.1129 0.1128 0.0000 
   7.050 0.1686 0.1683 0.0000 0.1129 0.1128 0.0000 
   7.100 0.1686 0.1683 0.0000 0.1129 0.1128 0.0000 
   7.150 0.1686 0.1683 0.0000 0.1129 0.1128 0.0000 
   7.200 0.1686 0.1683 0.0000 0.1129 0.1128 0.0000 
   7.250 0.1686 0.1683 0.0000 0.1129 0.1128 0.0000 
   7.300 0.1686 0.1683 0.0000 0.1129 0.1128 0.0000 
   7.350 0.1686 0.1683 0.0000 0.1129 0.1128 0.0000 
   7.400 0.1686 0.1683 0.0000 0.1129 0.1128 0.0000 
   7.450 0.1686 0.1683 0.0000 0.1129 0.1128 0.0000 
   7.500 0.1686 0.1683 0.0000 0.1129 0.1128 0.0000 
   7.550 0.1686 0.1683 0.0000 0.1129 0.1128 0.0000 
   7.600 0.1686 0.1683 0.0000 0.1129 0.1128 0.0000 
   7.650 0.1686 0.1683 0.0000 0.1129 0.1128 0.0000 
   7.700 0.1686 0.1683 0.0000 0.1129 0.1128 0.0000 
   7.750 0.1686 0.1683 0.0000 0.1129 0.1128 0.0000 
   7.800 0.1686 0.1683 0.0000 0.1129 0.1128 0.0000 
   7.850 0.1686 0.1683 0.0000 0.1129 0.1128 0.0000 
   7.900 0.1686 0.1683 0.0000 0.1129 0.1128 0.0000 
   7.950 0.1686 0.1683 0.0000 0.1129 0.1128 0.0000 
   8.000 0.1686 0.1683 0.0000 0.1129 0.1128 0.0000 
   8.050 0.1686 0.1683 0.0000 0.1129 0.1128 0.0000 
   8.100 0.1686 0.1683 0.0000 0.1129 0.1128 0.0000 
   8.150 0.1686 0.1683 0.0000 0.1129 0.1128 0.0000 
   8.200 0.1686 0.1683 0.0000 0.1129 0.1128 0.0000 
   8.250 0.1686 0.1683 0.0000 0.1129 0.1128 0.0000 
   8.300 0.1686 0.1683 0.0000 0.1129 0.1128 0.0000 
   8.350 0.1686 0.1683 0.0000 0.1129 0.1128 0.0000 
   8.400 0.1686 0.1683 0.0000 0.1129 0.1128 0.0000 
   8.450 0.1686 0.1683 0.0000 0.1129 0.1128 0.0000 
   8.500 0.1686 0.1683 0.0000 0.1129 0.1128 0.0000 
   8.550 0.1686 0.1683 0.0000 0.1129 0.1128 0.0000 
   8.600 0.1686 0.1683 0.0000 0.1129 0.1128 0.0000 
   8.650 0.1686 0.1683 0.0000 0.1129 0.1128 0.0000 
   8.700 0.1686 0.1683 0.0000 0.1129 0.1128 0.0000 
   8.750 0.1686 0.1683 0.0000 0.1129 0.1128 0.0000 
   8.800 0.1686 0.1683 0.0000 0.1129 0.1128 0.0000 
   8.850 0.1686 0.1683 0.0000 0.1129 0.1128 0.0000 
   8.900 0.1686 0.1683 0.0000 0.1129 0.1128 0.0000 
   8.950 0.1686 0.1683 0.0000 0.1129 0.1128 0.0000 
   9.000 0.1686 0.1683 0.0000 0.1129 0.1128 0.0000 
   9.050 0.1686 0.1683 0.0000 0.1129 0.1128 0.0000 
   9.100 0.1686 0.1683 0.0000 0.1129 0.1128 0.0000 
   9.150 0.1686 0.1683 0.0000 0.1129 0.1128 0.0000 
   9.200 0.1686 0.1683 0.0000 0.1129 0.1128 0.0000 
   9.250 0.1686 0.1683 0.0000 0.1129 0.1128 0.0000 
   9.300 0.1686 0.1683 0.0000 0.1129 0.1128 0.0000 
   9.350 0.1686 0.1683 0.0000 0.1129 0.1128 0.0000 
   9.400 0.1686 0.1683 0.0000 0.1129 0.1128 0.0000 
   9.450 0.1686 0.1683 0.0000 0.1129 0.1128 0.0000 
   9.500 0.1686 0.1683 0.0000 0.1129 0.1128 0.0000 
   9.550 0.1686 0.1683 0.0000 0.1129 0.1128 0.0000 
   9.600 0.1686 0.1683 0.0000 0.1129 0.1128 0.0000 
   9.650 0.1686 0.1683 0.0000 0.1129 0.1128 0.0000 
   9.700 0.1686 0.1683 0.0000 0.1129 0.1128 0.0000 
   9.750 0.1686 0.1683 0.0000 0.1129 0.1128 0.0000 
   9.800 0.1686 0.1683 0.0000 0.1129 0.1128 0.0000 
   9.850 0.1686 0.1683 0.0000 0.1129 0.1128 0.0000 
   9.900 0.1686 0.1683 0.0000 0.1129 0.1128 0.0000 
   9.950 0.1686 0.1683 0.0000 0.1129 0.1128 0.0000 
  10.000 0.1686 0.1683 0.0000 0.1129 0.1128 0.0000 
  10.050 0.1686 0.1683 0.0000 0.1129 0.1128 0.0000 
  10.100 0.1686 0.1683 0.0000 0.1129 0.1128 0.0000 
  10.150 0.1686 0.1683 0.0000 0.1129 0.1128 0.0000 
  10.200 0.1686 0.1683 0.0000 0.1129 0.1128 0.0000 
  10.250 0.1686 0.1683 0.0000 0.1129 0.1128 0.0000 
  10.300 0.1686 0.1683 0.0000 0.1129 0.1128 0.0000 
  10.350 0.1686 0.1683 0.0000 0.1129 0.1128 0.0000 
  10.400 0.1686 0.1683 0.0000 0.1129 0.1128 0.0000 
  10.450 0.1686 0.1683 0.0000 0.1129 0.1128 0.0000 
  10.500 0.1686 0.1683 0.0000 0.1129 0.1128 0.0000 
  10.550 0.1686 0.1683 0.0000 0.1129 0.1128 0.0000 
  10.600 0.1686 0.1683 0.0000 0.1129 0.1128 0.0000 
  10.650 0.1686 0.1683 0.0000 0.1129 0.1128 0.0000 
  10.700 0.1686 0.1683 0.0000 0.1129 0.1128 0.0000 
  10.750 0.1686 0.1683 0.0000 0.1129 0.1128 0.0000 
  10.800 0.1686 0.1683 0.0000 0.1129 0.1128 0.0000 
  10.850 0.1686 0.1683 0.0000 0.1129 0.1128 0.0000 
  10.900 0.1686 0.1683 0.0000 0.1129 0.1128 0.0000 
  10.950 0.1686 0.1683 0.0000 0.1129 0.1128 0.0000 
  11.000 0.1686 0.1683 0.0000 0.1129 0.1128 0.0000 
  11.050 0.1686 0.1683 0.0000 0.1129 0.1128 0.0000 
  11.100 0.1686 0.1683 0.0000 0.1129 0.1128 0.0000 
  11.150 0.1686 0.1683 0.0000 0.1129 0.1128 0.0000 
  11.200 0.1686 0.1683 0.0000 0.1129 0.1128 0.0000 
  11.250 0.1686 0.1683 0.0000 0.1129 0.1128 0.0000 
  11.300 0.1686 0.1683 0.0000 0.1129 0.1128 0.0000 
  11.350 0.1686 0.1683 0.0000 0.1129 0.1128 0.0000 
  11.400 0.1686 0.1683 0.0000 0.1129 0.1128 0.0000 
  11.450 0.1686 0.1683 0.0000 0.1129 0.1128 0.0000 
  11.500 0.1686 0.1683 0.0000 0.1129 0.1128 0.0000 
  11.550 0.1686 0.1683 0.0000 0.1129 0.1128 0.0000 
  11.600 0.1686 0.1683 0.0000 0.1129 0.1128 0.0000 
  11.650 0.1686 0.1683 0.0000 0.1129 0.1128 0.0000 
  11.700 0.1686 0.1683 0.0000 0.1129 0.1128 0.0000 
  11.750 0.1686 0.1683 0.0000 0.1129 0.1128 0.0000 
  11.800 0.1686 0.1683 0.0000 0.1129 0.1128 0.0000 
  11.850 0.1686 0.1683 0.0000 0.1129 0.1128 0.0000 
  11.900 0.1686 0.1683 0.0000 0.1129 0.1128 0.0000 
  11.950 0.1686 0.1683 0.0000 0.1129 0.1128 0.0000 
  12.000 0.1686 0.1683 0.0000 0.1129 0.1128 0.0000 
  12.050 0.1686 0.1683 0.0000 0.1129 0.1128 0.0000 
  12.100 0.1686 0.1683 0.0000 0.1129 0.1128 0.0000 
  12.150 0.1686 0.1683 0.0000 0.1129 0.1128 0.0000 
  12.200 0.1686 0.1683 0.0000 0.1129 0.1128 0.0000 
  12.250 0.1686 0.1683 0.0000 0.1129 0.1128 0.0000 
  12.300 0.1686 0.1683 0.0000 0.1129 0.1128 0.0000 
  12.350 0.1686 0.1683 0.0000 0.1129 0.1128 0.0000 
  12.400 0.1686 0.1683 0.0000 0.1129 0.1128 0.0000 
  12.450 0.1686 0.1683 0.0000 0.1129 0.1128 0.0000 
  12.500 0.1686 0.1683 0.0000 0.1129 0.1128 0.0000 
  12.550 0.1686 0.1683 0.0000 0.1129 0.1128 0.0000 
  12.600 0.1686 0.1683 0.0000 0.1129 0.1128 0.0000 
  12.650 0.1686 0.1683 0.0000 0.1129 0.1128 0.0000 
  12.700 0.1686 0.1683 0.0000 0.1129 0.1128 0.0000 
  12.750 0.1686 0.1683 0.0000 0.1129 0.1128 0.0000 
  12.800 0.1686 0.1683 0.0000 0.1129 0.1128 0.0000 
  12.850 0.1686 0.1683 0.0000 0.1129 0.1128 0.0000 
  12.900 0.1686 0.1683 0.0000 0.1129 0.1128 0.0000 
  12.950 0.1686 0.1683 0.0000 0.1129 0.1128 0.0000 
  13.000 0.1686 0.1683 0.0000 0.1129 0.1128 0.0000 
  13.050 0.1686 0.1683 0.0000 0.1129 0.1128 0.0000 
  13.100 0.1686 0.1683 0.0000 0.1129 0.1128 0.0000 
  13.150 0.1686 0.1683 0.0000 0.1129 0.1128 0.0000 
  13.200 0.1686 0.1683 0.0000 0.1129 0.1128 0.0000 
  13.250 0.1686 0.1683 0.0000 0.1129 0.1128 0.0000 
  13.300 0.1686 0.1683 0.0000 0.1129 0.1128 0.0000 
  13.350 0.1686 0.1683 0.0000 0.1129 0.1128 0.0000 
  13.400 0.1686 0.1683 0.0000 0.1129 0.1128 0.0000 
  13.450 0.1686 0.1683 0.0000 0.1129 0.1128 0.0000 
  13.500 0.1686 0.1683 0.0000 0.1129 0.1128 0.0000 
  13.550 0.1686 0.1683 0.0000 0.1129 0.1128 0.0000 
  13.600 0.1686 0.1683 0.0000 0.1129 0.1128 0.0000 
  13.650 0.1686 0.1683 0.0000 0.1129 0.1128 0.0000 
  13.700 0.1686 0.1683 0.0000 0.1129 0.1128 0.0000 
  13.750 0.1686 0.1683 0.0000 0.1129 0.1128 0.0000 
  13.800 0.1686 0.1683 0.0000 0.1129 0.1128 0.0000 
  13.850 0.1686 0.1683 0.0000 0.1129 0.1128 0.0000 
  13.900 0.1686 0.1683 0.0000 0.1129 0.1128 0.0000 
  13.950 0.1686 0.1683 0.0000 0.1129 0.1128 0.0000 
  14.000 0.1686 0.1683 0.0000 0.1129 0.1128 0.0000 
  14.050 0.1686 0.1683 0.0000 0.1129 0.1128 0.0000 
  14.100 0.1686 0.1683 0.0000 0.1129 0.1128 0.0000 
  14.150 0.1686 0.1683 0.0000 0.1129 0.1128 0.0000 
  14.200 0.1686 0.1683 0.0000 0.1129 0.1128 0.0000 
  14.250 0.1686 0.1683 0.0000 0.1129 0.1128 0.0000 
  14.300 0.1686 0.1683 0.0000 0.1129 0.1128 0.0000 
  14.350 0.1686 0.1683 0.0000 0.1129 0.1128 0.0000 
  14.400 0.1686 0.1683 0.0000 0.1129 0.1128 0.0000 
  14.450 0.1686 0.1683 0.0000 0.1129 0.1128 0.0000 
  14.500 0.1686 0.1683 0.0000 0.1129 0.1128 0.0000 
  14.550 0.1686 0.1683 0.0000 0.1129 0.1128 0.0000 
  14.600 0.1686 0.1683 0.0000 0.1129 0.1128 0.0000 
  14.650 0.1686 0.1683 0.0000 0.1129 0.1128 0.0000 
  14.700 0.1686 0.1683 0.0000 0.1129 0.1128 0.0000 
  14.750 0.1686 0.1683 0.0000 0.1129 0.1128 0.0000 
  14.800 0.1686 0.1683 0.0000 0.1129 0.1128 0.0000 
  14.850 0.1686 0.1683 0.0000 0.1129 0.1128 0.0000 
  14.900 0.1686 0.1683 0.0000 0.1129 0.1128 0.0000 
  14.950 0.1686 0.1683 0.0000 0.1129 0.1128 0.0000 
  15.000 0.1686 0.1683 0.0000 0.1129 0.1128 0.0000 
  15.050 0.1686 0.1683 0.0000 0.1129 0.1128 0.0000 
  15.100 0.1686 0.1683 0.0000 0.1129 0.1128 0.0000 
  15.150 0.1686 0.1683 0.0000 0.1129 0.1128 0.0000 
  15.200 0.1686 0.1683 0.0000 0.1129 0.1128 0.0000 
  15.250 0.1686 0.1683 0.0000 0.1129 0.1128 0.0000 
  15.300 0.1686 0.1683 0.0000 0.1129 0.1128 0.0000 
  15.350 0.1686 0.1683 0.0000 0.1129 0.1128 0.0000 
  15.400 0.1686 0.1683 0.0000 0.1129 0.1128 0.0000 
  15.450 0.1686 0.1683 0.0000 0.1129 0.1128 0.0000 
  15.500 0.1686 0.1683 0.0000 0.1129 0.1128 0.0000 
  15.550 0.1686 0.1683 0.0000 0.1129 0.1128 0.0000 
  15.600 0.1686 0.1683 0.0000 0.1129 0.1128 0.0000 
  15.650 0.1686 0.1683 0.0000 0.1129 0.1128 0.0000 
  15.700 0.1686 0.1683 0.0000 0.1129 0.1128 0.0000 
  15.750 0.1686 0.1683 0.0000 0.1129 0.1128 0.0000 
  15.800 0.1686 0.1683 0.0000 0.1129 0.1128 0.0000 
  15.850 0.1686 0.1683 0.0000 0.1129 0.1128 0.0000 
  15.900 0.1686 0.1683 0.0000 0.1129 0.1128 0.0000 
  15.950 0.1686 0.1683 0.0000 0.1129 0.1128 0.0000 
  16.000 0.1686 0.1683 0.0000 0.1129 0.1128 0.0000 
  16.050 0.1686 0.1683 0.0000 0.1129 0.1128 0.0000 
  16.100 0.1686 0.1683 0.0000 0.1129 0.1128 0.0000 
  16.150 0.1686 0.1683 0.0000 0.1129 0.1128 0.0000 
  16.200 0.1686 0.1683 0.0000 0.1129 0.1128 0.0000 
  16.250 0.1686 0.1683 0.0000 0.1129 0.1128 0.0000 
  16.300 0.1686 0.1683 0.0000 0.1129 0.1128 0.0000 
  16.350 0.1686 0.1683 0.0000 0.1129 0.1128 0.0000 
  16.400 0.1686 0.1683 0.0000 0.1129 0.1128 0.0000 
  16.450 0.1686 0.1683 0.0000 0.1129 0.1128 0.0000 
  16.500 0.1686 0.1683 0.0000 0.1129 0.1128 0.0000 
  16.550 0.1686 0.1683 0.0000 0.1129 0.1128 0.0000 
  16.600 0.1686 0.1683 0.0000 0.1129 0.1128 0.0000 
  16.650 0.1686 0.1683 0.0000 0.1129 0.1128 0.0000 
  16.700 0.1686 0.1683 0.0000 0.1129 0.1128 0.0000 
  16.750 0.1686 0.1683 0.0000 0.1129 0.1128 0.0000 
  16.800 0.1686 0.1683 0.0000 0.1129 0.1128 0.0000 
  16.850 0.1686 0.1683 0.0000 0.1129 0.1128 0.0000 
  16.900 0.1686 0.1683 0.0000 0.1129 0.1128 0.0000 
  16.950 0.1686 0.1683 0.0000 0.1129 0.1128 0.0000 
  17.000 0.1686 0.1683 0.0000 0.1129 0.1128 0.0000 
  17.050 0.1686 0.1683 0.0000 0.1129 0.1128 0.0000 
  17.100 0.1686 0.1683 0.0000 0.1129 0.1128 0.0000 
  17.150 0.1686 0.1683 0.0000 0.1129 0.1128 0.0000 
  17.200 0.1686 0.1683 0.0000 0.1129 0.1128 0.0000 
  17.250 0.1686 0.1683 0.0000 0.1129 0.1128 0.0000 
  17.300 0.1686 0.1683 0.0000 0.1129 0.1128 0.0000 
  17.350 0.1686 0.1683 0.0000 0.1129 0.1128 0.0000 
  17.400 0.1686 0.1683 0.0000 0.1129 0.1128 0.0000 
  17.450 0.1686 0.1683 0.0000 0.1129 0.1128 0.0000 
  17.500 0.1686 0.1683 0.0000 0.1129 0.1128 0.0000 
  17.550 0.1686 0.1683 0.0000 0.1129 0.1128 0.0000 
  17.600 0.1686 0.1683 0.0000 0.1129 0.1128 0.0000 
  17.650 0.1686 0.1683 0.0000 0.1129 0.1128 0.0000 
  17.700 0.1686 0.1683 0.0000 0.1129 0.1128 0.0000 
  17.750 0.1686 0.1683 0.0000 0.1129 0.1128 0.0000 
  17.800 0.1686 0.1683 0.0000 0.1129 0.1128 0.0000 
  17.850 0.1686 0.1683 0.0000 0.1129 0.1128 0.0000 
  17.900 0.1686 0.1683 0.0000 0.1129 0.1128 0.0000 
  17.950 0.1686 0.1683 0.0000 0.1129 0.1128 0.0000 
  18.000 0.1686 0.1683 0.0000 0.1129 0.1128 0.0000 
  18.050 0.1686 0.1683 0.0000 0.1129 0.1128 0.0000 
  18.100 0.1686 0.1683 0.0000 0.1129 0.1128 0.0000 
  18.150 0.1686 0.1683 0.0000 0.1129 0.1128 0.0000 
  18.200 0.1686 0.1683 0.0000 0.1129 0.1128 0.0000 
  18.250 0.1686 0.1683 0.0000 0.1129 0.1128 0.0000 
  18.300 0.1686 0.1683 0.0000 0.1129 0.1128 0.0000 
  18.350 0.1686 0.1683 0.0000 0.1129 0.1128 0.0000 
  18.400 0.1686 0.1683 0.0000 0.1129 0.1128 0.0000 
  18.450 0.1686 0.1683 0.0000 0.1129 0.1128 0.0000 
  18.500 0.1686 0.1683 0.0000 0.1129 0.1128 0.0000 
  18.550 0.1686 0.1683 0.0000 0.1129 0.1128 0.0000 
  18.600 0.1686 0.1683 0.0000 0.1129 0.1128 0.0000 
  18.650 0.1686 0.1683 0.0000 0.1129 0.1128 0.0000 
  18.700 0.1686 0.1683 0.0000 0.1129 0.1128 0.0000 
  18.750 0.1686 0.1683 0.0000 0.1129 0.1128 0.0000 
  18.800 0.1686 0.1683 0.0000 0.1129 0.1128 0.0000 
  18.850 0.1686 0.1683 0.0000 0.1129 0.1128 0.0000 
  18.900 0.1686 0.1683 0.0000 0.1129 0.1128 0.0000 
  18.950 0.1686 0.1683 0.0000 0.1129 0.1128 0.0000 
  19.000 0.1686 0.1683 0.0000 0.1129 0.1128 0.0000 
  19.050 0.1686 0.1683 0.0000 0.1129 0.1128 0.0000 
  19.100 0.1686 0.1683 0.0000 0.1129 0.1128 0.0000 
  19.150 0.1686 0.1683 0.0000 0.1129 0.1128 0.0000 
  19.200 0.1686 0.1683 0.0000 0.1129 0.1128 0.0000 
  19.250 0.1686 0.1683 0.0000 0.1129 0.1128 0.0000 
  19.300 0.1686 0.1683 0.0000 0.1129 0.1128 0.0000 
  19.350 0.1686 0.1683 0.0000 0.1129 0.1128 0.0000 
  19.400 0.1686 0.1683 0.0000 0.1129 0.1128 0.0000 
  19.450 0.1686 0.1683 0.0000 0.1129 0.1128 0.0000 
  19.500 0.1686 0.1683 0.0000 0.1129 0.1128 0.0000 
  19.550 0.1686 0.1683 0.0000 0.1129 0.1128 0.0000 
  19.600 0.1686 0.1683 0.0000 0.1129 0.1128 0.0000 
  19.650 0.1686 0.1683 0.0000 0.1129 0.1128 0.0000 
  19.700 0.1686 0.1683 0.0000 0.1129 0.1128 0.0000 
  19.750 0.1686 0.1683 0.0000 0.1129 0.1128 0.0000 
  19.800 0.1686 0.1683 0.0000 0.1129 0.1128 0.0000 
  19.850 0.1686 0.1683 0.0000 0.1129 0.1128 0.0000 
  19.900 0.1686 0.1683 0.0000 0.1129 0.1128 0.0000 
  19.950 0.1686 0.1683 0.0000 0.1129 0.1128 0.0000 
  20.000 0.1686 0.1683 0.0000 0.1129 0.1128 0.0000 
  20.050 0.1686 0.1683 0.0000 0.1129 0.1128 0.0000 
  20.100 0.1686 0.1683 0.0000 0.1129 0.1128 0.0000 
  20.150 0.1686 0.1683 0.0000 0.1129 0.1128 0.0000 
  20.200 0.1686 0.1683 0.0000 0.1129 0.1128 0.0000 
  20.250 0.1686 0.1683 0.0000 0.1129 0.1128 0.0000 
  20.300 0.1686 0.1683 0.0000 0.1129 0.1128 0.0000 
  20.350 0.1686 0.1683 0.0000 0.1129 0.1128 0.0000 
  20.400 0.1686 0.1683 0.0000 0.1129 0.1128 0.0000 
  20.450 0.1686 0.1683 0.0000 0.1129 0.1128 0.0000 
  20.500 0.1686 0.1683 0.0000 0.1129 0.1128 0.0000 
  20.550 0.1686 0.1683 0.0000 0.1129 0.1128 0.0000 
  20.600 0.1686 0.1683 0.0000 0.1129 0.1128 0.0000 
  20.650 0.1686 0.1683 0.0000 0.1129 0.1128 0.0000 
  20.700 0.1686 0.1683 0.0000 0.1129 0.1128 0.0000 
  20.750 0.1686 0.1683 0.0000 0.1129 0.1128 0.0000 
  20.800 0.1686 0.1683 0.0000 0.1129 0.1128 0.0000 
  20.850 0.1686 0.1683 0.0000 0.1129 0.1128 0.0000 
  20.900 0.1686 0.1683 0.0000 0.1129 0.1128 0.0000 
  20.950 0.1686 0.1683 0.0000 0.1129 0.1128 0.0000 
  21.000 0.1686 0.1683 0.0000 0.1129 0.1128 0.0000 
  21.050 0.1686 0.1683 0.0000 0.1129 0.1128 0.0000 
  21.100 0.1686 0.1683 0.0000 0.1129 0.1128 0.0000 
  21.150 0.1686 0.1683 0.0000 0.1129 0.1128 0.0000 
  21.200 0.1686 0.1683 0.0000 0.1129 0.1128 0.0000 
  21.250 0.1686 0.1683 0.0000 0.1129 0.1128 0.0000 
  21.300 0.1686 0.1683 0.0000 0.1129 0.1128 0.0000 
  21.350 0.1686 0.1683 0.0000 0.1129 0.1128 0.0000 
  21.400 0.1686 0.1683 0.0000 0.1129 0.1128 0.0000 
  21.450 0.1686 0.1683 0.0000 0.1129 0.1128 0.0000 
  21.500 0.1686 0.1683 0.0000 0.1129 0.1128 0.0000 
  21.550 0.1686 0.1683 0.0000 0.1129 0.1128 0.0000 
  21.600 0.1686 0.1683 0.0000 0.1129 0.1128 0.0000 
  21.650 0.1686 0.1683 0.0000 0.1129 0.1128 0.0000 
  21.700 0.1686 0.1683 0.0000 0.1129 0.1128 0.0000 
  21.750 0.1686 0.1683 0.0000 0.1129 0.1128 0.0000 
  21.800 0.1686 0.1683 0.0000 0.1129 0.1128 0.0000 
  21.850 0.1686 0.1683 0.0000 0.1129 0.1128 0.0000 
  21.900 0.1686 0.1683 0.0000 0.1129 0.1128 0.0000 
  21.950 0.1686 0.1683 0.0000 0.1129 0.1128 0.0000 
  22.000 0.1686 0.1683 0.0000 0.1129 0.1128 0.0000 
  22.050 0.1686 0.1683 0.0000 0.1129 0.1128 0.0000 
  22.100 0.1686 0.1683 0.0000 0.1129 0.1128 0.0000 
  22.150 0.1686 0.1683 0.0000 0.1129 0.1128 0.0000 
  22.200 0.1686 0.1683 0.0000 0.1129 0.1128 0.0000 
  22.250 0.1686 0.1683 0.0000 0.1129 0.1128 0.0000 
  22.300 0.1686 0.1683 0.0000 0.1129 0.1128 0.0000 
  22.350 0.1686 0.1683 0.0000 0.1129 0.1128 0.0000 
  22.400 0.1686 0.1683 0.0000 0.1129 0.1128 0.0000 
  22.450 0.1686 0.1683 0.0000 0.1129 0.1128 0.0000 
  22.500 0.1686 0.1683 0.0000 0.1129 0.1128 0.0000 
  22.550 0.1686 0.1683 0.0000 0.1129 0.1128 0.0000 
  22.600 0.1686 0.1683 0.0000 0.1129 0.1128 0.0000 
  22.650 0.1686 0.1683 0.0000 0.1129 0.1128 0.0000 
  22.700 0.1686 0.1683 0.0000 0.1129 0.1128 0.0000 
  22.750 0.1686 0.1683 0.0000 0.1129 0.1128 0.0000 
  22.800 0.1686 0.1683 0.0000 0.1129 0.1128 0.0000 
  22.850 0.1686 0.1683 0.0000 0.1129 0.1128 0.0000 
  22.900 0.1686 0.1683 0.0000 0.1129 0.1128 0.0000 
  22.950 0.1686 0.1683 0.0000 0.1129 0.1128 0.0000 
  23.000 0.1686 0.1683 0.0000 0.1129 0.1128 0.0000 
  23.050 0.1686 0.1683 0.0000 0.1129 0.1128 0.0000 
  23.100 0.1686 0.1683 0.0000 0.1129 0.1128 0.0000 
  23.150 0.1686 0.1683 0.0000 0.1129 0.1128 0.0000 
  23.200 0.1686 0.1683 0.0000 0.1129 0.1128 0.0000 
  23.250 0.1686 0.1683 0.0000 0.1129 0.1128 0.0000 
  23.300 0.1686 0.1683 0.0000 0.1129 0.1128 0.0000 
  23.350 0.1686 0.1683 0.0000 0.1129 0.1128 0.0000 
  23.400 0.1686 0.1683 0.0000 0.1129 0.1128 0.0000 
  23.450 0.1686 0.1683 0.0000 0.1129 0.1128 0.0000 
  23.500 0.1686 0.1683 0.0000 0.1129 0.1128 0.0000 
  23.550 0.1686 0.1683 0.0000 0.1129 0.1128 0.0000 
  23.600 0.1686 0.1683 0.0000 0.1129 0.1128 0.0000 
  23.650 0.1686 0.1683 0.0000 0.1129 0.1128 0.0000 
  23.700 0.1686 0.1683 0.0000 0.1129 0.1128 0.0000 
  23.750 0.1686 0.1683 0.0000 0.1129 0.1128 0.0000 
  23.800 0.1686 0.1683 0.0000 0.1129 0.1128 0.0000 
  23.850 0.1686 0.1683 0.0000 0.1129 0.1128 0.0000 
  23.900 0.1686 0.1683 0.0000 0.1129 0.1128 0.0000 
  23.950 0.1686 0.1683 0.0000 0.1129 0.1128 0.0000 
  24.000 0.1686 0.1683 0.0000 0.1129 0.1128 0.0000 
  24.050 0.1686 0.1683 0.0000 0.1129 0.1128 0.0000 
  24.100 0.1686 0.1683 0.0000 0.1129 0.1128 0.0000 
  24.150 0.1686 0.1683 0.0000 0.1129 0.1128 0.0000 
  24.200 0.1686 0.1683 0.0000 0.1129 0.1128 0.0000 
  24.250 0.1686 0.1683 0.0000 0.1129 0.1128 0.0000 
  24.300 0.1686 0.1683 0.0000 0.1129 0.1128 0.0000 
  24.350 0.1686 0.1683 0.0000 0.1129 0.1128 0.0000 
  24.400 0.1686 0.1683 0.0000 0.1129 0.1128 0.0000 
  24.450 0.1686 0.1683 0.0000 0.1129 0.1128 0.0000 
  24.500 0.1686 0.1683 0.0000 0.1129 0.1128 0.0000 
  24.550 0.1686 0.1683 0.0000 0.1129 0.1128 0.0000 
  24.600 0.1686 0.1683 0.0000 0.1129 0.1128 0.0000 
  24.650 0.1686 0.1683 0.0000 0.1129 0.1128 0.0000 
  24.700 0.1686 0.1683 0.0000 0.1129 0.1128 0.0000 
  24.750 0.1686 0.1683 0.0000 0.1129 0.1128 0.0000 
  24.800 0.1686 0.1683 0.0000 0.1129 0.1128 0.0000 
  24.850 0.1686 0.1683 0.0000 0.1129 0.1128 0.0000 
  24.900 0.1686 0.1683 0.0000 0.1129 0.1128 0.0000 
  24.950 0.1686 0.1683 0.0000 0.1129 0.1128 0.0000 
  25.000 0.1686 0.1683 0.0000 0.1129 0.1128 0.0000 
  25.050 0.1686 0.1683 0.0000 0.1129 0.1128 0.0000 
  25.100 0.1686 0.1683 0.0000 0.1129 0.1128 0.0000 
  25.150 0.1686 0.1683 0.0000 0.1129 0.1128 0.0000 
  25.200 0.1686 0.1683 0.0000 0.1129 0.1128 0.0000 
  25.250 0.1686 0.1683 0.0000 0.1129 0.1128 0.0000 
  25.300 0.1686 0.1683 0.0000 0.1129 0.1128 0.0000 
  25.350 0.1686 0.1683 0.0000 0.1129 0.1128 0.0000 
  25.400 0.1686 0.1683 0.0000 0.1129 0.1128 0.0000 
  25.450 0.1686 0.1683 0.0000 0.1129 0.1128 0.0000 
  25.500 0.1686 0.1683 0.0000 0.1129 0.1128 0.0000 
  25.550 0.1686 0.1683 0.0000 0.1129 0.1128 0.0000 
  25.600 0.1686 0.1683 0.0000 0.1129 0.1128 0.0000 
  25.650 0.1686 0.1683 0.0000 0.1129 0.1128 0.0000 
  25.700 0.1686 0.1683 0.0000 0.1129 0.1128 0.0000 
  25.750 0.1686 0.1683 0.0000 0.1129 0.1128 0.0000 
  25.800 0.1686 0.1683 0.0000 0.1129 0.1128 0.0000 
  25.850 0.1686 0.1683 0.0000 0.1129 0.1128 0.0000 
  25.900 0.1686 0.1683 0.0000 0.1129 0.1128 0.0000 
  25.950 0.1686 0.1683 0.0000 0.1129 0.1128 0.0000 
  26.000 0.1686 0.1683 0.0000 0.1129 0.1128 0.0000 
  26.050 0.1686 0.1683 0.0000 0.1129 0.1128 0.0000 
  26.100 0.1686 0.1683 0.0000 0.1129 0.1128 0.0000 
  26.150 0.1686 0.1683 0.0000 0.1129 0.1128 0.0000 
  26.200 0.1686 0.1683 0.0000 0.1129 0.1128 0.0000 
  26.250 0.1686 0.1683 0.0000 0.1129 0.1128 0.0000 
  26.300 0.1686 0.1683 0.0000 0.1129 0.1128 0.0000 
  26.350 0.1686 0.1683 0.0000 0.1129 0.1128 0.0000 
  26.400 0.1686 0.1683 0.0000 0.1129 0.1128 0.0000 
  26.450 0.1686 0.1683 0.0000 0.1129 0.1128 0.0000 
  26.500 0.1686 0.1683 0.0000 0.1129 0.1128 0.0000 
  26.550 0.1686 0.1683 0.0000 0.1129 0.1128 0.0000 
  26.600 0.1686 0.1683 0.0000 0.1129 0.1128 0.0000 
  26.650 0.1686 0.1683 0.0000 0.1129 0.1128 0.0000 
  26.700 0.1686 0.1683 0.0000 0.1129 0.1128 0.0000 
  26.750 0.1686 0.1683 0.0000 0.1129 0.1128 0.0000 
  26.800 0.1686 0.1683 0.0000 0.1129 0.1128 0.0000 
  26.850 0.1686 0.1683 0.0000 0.1129 0.1128 0.0000 
  26.900 0.1686 0.1683 0.0000 0.1129 0.1128 0.0000 
  26.950 0.1686 0.1683 0.0000 0.1129 0.1128 0.0000 
  27.000 0.1686 0.1683 0.0000 0.1129 0.1128 0.0000 
  27.050 0.1686 0.1683 0.0000 0.1129 0.1128 0.0000 
  27.100 0.1686 0.1683 0.0000 0.1129 0.1128 0.0000 
  27.150 0.1686 0.1683 0.0000 0.1129 0.1128 0.0000 
  27.200 0.1686 0.1683 0.0000 0.1129 0.1128 0.0000 
  27.250 0.1686 0.1683 0.0000 0.1129 0.1128 0.0000 
  27.300 0.1686 0.1683 0.0000 0.1129 0.1128 0.0000 
  27.350 0.1686 0.1683 0.0000 0.1129 0.1128 0.0000 
  27.400 0.1686 0.1683 0.0000 0.1129 0.1128 0.0000 
  27.450 0.1686 0.1683 0.0000 0.1129 0.1128 0.0000 
  27.500 0.1686 0.1683 0.0000 0.1129 0.1128 0.0000 
  27.550 0.1686 0.1683 0.0000 0.1129 0.1128 0.0000 
  27.600 0.1686 0.1683 0.0000 0.1129 0.1128 0.0000 
  27.650 0.1686 0.1683 0.0000 0.1129 0.1128 0.0000 
  27.700 0.1686 0.1683 0.0000 0.1129 0.1128 0.0000 
  27.750 0.1686 0.1683 0.0000 0.1129 0.1128 0.0000 
  27.800 0.1686 0.1683 0.0000 0.1129 0.1128 0.0000 
  27.850 0.1686 0.1683 0.0000 0.1129 0.1128 0.0000 
  27.900 0.1686 0.1683 0.0000 0.1129 0.1128 0.0000 
  27.950 0.1686 0.1683 0.0000 0.1129 0.1128 0.0000 
  28.000 0.1686 0.1683 0.0000 0.1129 0.1128 0.0000 
  28.050 0.1686 0.1683 0.0000 0.1129 0.1128 0.0000 
  28.100 0.1686 0.1683 0.0000 0.1129 0.1128 0.0000 
  28.150 0.1686 0.1683 0.0000 0.1129 0.1128 0.0000 
  28.200 0.1686 0.1683 0.0000 0.1129 0.1128 0.0000 
  28.250 0.1686 0.1683 0.0000 0.1129 0.1128 0.0000 
  28.300 0.1686 0.1683 0.0000 0.1129 0.1128 0.0000 
  28.350 0.1686 0.1683 0.0000 0.1129 0.1128 0.0000 
  28.400 0.1686 0.1683 0.0000 0.1129 0.1128 0.0000 
  28.450 0.1686 0.1683 0.0000 0.1129 0.1128 0.0000 
  28.500 0.1686 0.1683 0.0000 0.1129 0.1128 0.0000 
  28.550 0.1686 0.1683 0.0000 0.1129 0.1128 0.0000 
  28.600 0.1686 0.1683 0.0000 0.1129 0.1128 0.0000 
  28.650 0.1686 0.1683 0.0000 0.1129 0.1128 0.0000 
  28.700 0.1686 0.1683 0.0000 0.1129 0.1128 0.0000 
  28.750 0.1686 0.1683 0.0000 0.1129 0.1128 0.0000 
  28.800 0.1686 0.1683 0.0000 0.1129 0.1128 0.0000 
  28.850 0.1686 0.1683 0.0000 0.1129 0.1128 0.0000 
  28.900 0.1686 0.1683 0.0000 0.1129 0.1128 0.0000 
  28.950 0.1686 0.1683 0.0000 0.1129 0.1128 0.0000 
  29.000 0.1686 0.1683 0.0000 0.1129 0.1128 0.0000 
  29.050 0.1686 0.1683 0.0000 0.1129 0.1128 0.0000 
  29.100 0.1686 0.1683 0.0000 0.1129 0.1128 0.0000 
  29.150 0.1686 0.1683 0.0000 0.1129 0.1128 0.0000 
  29.200 0.1686 0.1683 0.0000 0.1129 0.1128 0.0000 
  29.250 0.1686 0.1683 0.0000 0.1129 0.1128 0.0000 
  29.300 0.1686 0.1683 0.0000 0.1129 0.1128 0.0000 
  29.350 0.1686 0.1683 0.0000 0.1129 0.1128 0.0000 
  29.400 0.1686 0.1683 0.0000 0.1129 0.1128 0.0000 
  29.450 0.1686 0.1683 0.0000 0.1129 0.1128 0.0000 
  29.500 0.1686 0.1683 0.0000 0.1129 0.1128 0.0000 
  29.550 0.1686 0.1683 0.0000 0.1129 0.1128 0.0000 
  29.600 0.1686 0.1683 0.0000 0.1129 0.1128 0.0000 
  29.650 0.1686 0.1683 0.0000 0.1129 0.1128 0.0000 
  29.700 0.1686 0.1683 0.0000 0.1129 0.1128 0.0000 
  29.750 0.1686 0.1683 0.0000 0.1129 0.1128 0.0000 
  29.800 0.1686 0.1683 0.0000 0.1129 0.1128 0.0000 
  29.850 0.1686 0.1683 0.0000 0.1129 0.1128 0.0000 
  29.900 0.1686 0.1683 0.0000 0.1129 0.1128 0.0000 
  29.950 0.1686 0.1683 0.0000 0.1129 0.1128 0.0000 
  30.000 0.1686 0.1683 0.0000 0.1129 0.1128 0.0000 
  30.050 0.1686 0.1683 0.0000 0.1129 0.1128 0.0000 
  30.100 0.1686 0.1683 0.0000 0.1129 0.1128 0.0000 
  30.150 0.1686 0.1683 0.0000 0.1129 0.1128 0.0000 
  30.200 0.1686 0.1683 0.0000 0.1129 0.1128 0.0000 
  30.250 0.1686 0.1683 0.0000 0.1129 0.1128 0.0000 
  30.300 0.1686 0.1683 0.0000 0.1129 0.1128 0.0000 
  30.350 0.1686 0.1683 0.0000 0.1129 0.1128 0.0000 
  30.400 0.1686 0.1683 0.0000 0.1129 0.1128 0.0000 
  30.450 0.1686 0.1683 0.0000 0.1129 0.1128 0.0000 
  30.500 0.1686 0.1683 0.0000 0.1129 0.1128 0.0000 
  30.550 0.1686 0.1683 0.0000 0.1129 0.1128 0.0000 
  30.600 0.1686 0.1683 0.0000 0.1129 0.1128 0.0000 
  30.650 0.1686 0.1683 0.0000 0.1129 0.1128 0.0000 
  30.700 0.1686 0.1683 0.0000 0.1129 0.1128 0.0000 
  30.750 0.1686 0.1683 0.0000 0.1129 0.1128 0.0000 
  30.800 0.1686 0.1683 0.0000 0.1129 0.1128 0.0000 
  30.850 0.1686 0.1683 0.0000 0.1129 0.1128 0.0000 
  30.900 0.1686 0.1683 0.0000 0.1129 0.1128 0.0000 
  30.950 0.1686 0.1683 0.0000 0.1129 0.1128 0.0000 
  31.000 0.1686 0.1683 0.0000 0.1129 0.1128 0.0000 
  31.050 0.1686 0.1683 0.0000 0.1129 0.1128 0.0000 
  31.100 0.1686 0.1683 0.0000 0.1129 0.1128 0.0000 
  31.150 0.1686 0.1683 0.0000 0.1129 0.1128 0.0000 
  31.200 0.1686 0.1683 0.0000 0.1129 0.1128 0.0000 
  31.250 0.1686 0.1683 0.0000 0.1129 0.1128 0.0000 
  31.300 0.1686 0.1683 0.0000 0.1129 0.1128 0.0000 
  31.350 0.1686 0.1683 0.0000 0.1129 0.1128 0.0000 
  31.400 0.1686 0.1683 0.0000 0.1129 0.1128 0.0000 
  31.450 0.1686 0.1683 0.0000 0.1129 0.1128 0.0000 
  31.500 0.1686 0.1683 0.0000 0.1129 0.1128 0.0000 
  31.550 0.1686 0.1683 0.0000 0.1129 0.1128 0.0000 
  31.600 0.1686 0.1683 0.0000 0.1129 0.1128 0.0000 
  31.650 0.1686 0.1683 0.0000 0.1129 0.1128 0.0000 
  31.700 0.1686 0.1683 0.0000 0.1129 0.1128 0.0000 
  31.750 0.1686 0.1683 0.0000 0.1129 0.1128 0.0000 
  31.800 0.1686 0.1683 0.0000 0.1129 0.1128 0.0000 
  31.850 0.1686 0.1683 0.0000 0.1129 0.1128 0.0000 
  31.900 0.1686 0.1683 0.0000 0.1129 0.1128 0.0000 
  31.950 0.1686 0.1683 0.0000 0.1129 0.1128 0.0000 
  32.000 0.1686 0.1683 0.0000 0.1129 0.1128 0.0000 
  32.050 0.1686 0.1683 0.0000 0.1129 0.1128 0.0000 
  32.100 0.1686 0.1683 0.0000 0.1129 0.1128 0.0000 
  32.150 0.1686 0.1683 0.0000 0.1129 0.1128 0.0000 
  32.200 0.1686 0.1683 0.0000 0.1129 0.1128 0.0000 
  32.250 0.1686 0.1683 0.0000 0.1129 0.1128 0.0000 
  32.300 0.1686 0.1683 0.0000 0.1129 0.1128 0.0000 
  32.350 0.1686 0.1683 0.0000 0.1129 0.1128 0.0000 
  32.400 0.1686 0.1683 0.0000 0.1129 0.1128 0.0000 
  32.450 0.1686 0.1683 0.0000 0.1129 0.1128 0.0000 
  32.500 0.1686 0.1683 0.0000 0.1129 0.1128 0.0000 
  32.550 0.1686 0.1683 0.0000 0.1129 0.1128 0.0000 
  32.600 0.1686 0.1683 0.0000 0.1129 0.1128 0.0000 
  32.650 0.1686 0.1683 0.0000 0.1129 0.1128 0.0000 
  32.700 0.1686 0.1683 0.0000 0.1129 0.1128 0.0000 
  32.750 0.1686 0.1683 0.0000 0.1129 0.1128 0.0000 
  32.800 0.1686 0.1683 0.0000 0.1129 0.1128 0.0000 
  32.850 0.1686 0.1683 0.0000 0.1129 0.1128 0.0000 
  32.900 0.1686 0.1683 0.0000 0.1129 0.1128 0.0000 
  32.950 0.1686 0.1683 0.0000 0.1129 0.1128 0.0000 
  33.000 0.1686 0.1683 0.0000 0.1129 0.1128 0.0000 
  33.050 0.1686 0.1683 0.0000 0.1129 0.1128 0.0000 
  33.100 0.1686 0.1683 0.0000 0.1129 0.1128 0.0000 
  33.150 0.1686 0.1683 0.0000 0.1129 0.1128 0.0000 
  33.200 0.1686 0.1683 0.0000 0.1129 0.1128 0.0000 
  33.250 0.1686 0.1683 0.0000 0.1129 0.1128 0.0000 
  33.300 0.1686 0.1683 0.0000 0.1129 0.1128 0.0000 
  33.350 0.1686 0.1683 0.0000 0.1129 0.1128 0.0000 
  33.400 0.1686 0.1683 0.0000 0.1129 0.1128 0.0000 
  33.450 0.1686 0.1683 0.0000 0.1129 0.1128 0.0000 
  33.500 0.1686 0.1683 0.0000 0.1129 0.1128 0.0000 
  33.550 0.1686 0.1683 0.0000 0.1129 0.1128 0.0000 
  33.600 0.1686 0.1683 0.0000 0.1129 0.1128 0.0000 
  33.650 0.1686 0.1683 0.0000 0.1129 0.1128 0.0000 
  33.700 0.1686 0.1683 0.0000 0.1129 0.1128 0.0000 
  33.750 0.1686 0.1683 0.0000 0.1129 0.1128 0.0000 
  33.800 0.1686 0.1683 0.0000 0.1129 0.1128 0.0000 
  33.850 0.1686 0.1683 0.0000 0.1129 0.1128 0.0000 
  33.900 0.1686 0.1683 0.0000 0.1129 0.1128 0.0000 
  33.950 0.1686 0.1683 0.0000 0.1129 0.1128 0.0000 
  34.000 0.1686 0.1683 0.0000 0.1129 0.1128 0.0000 
  34.050 0.1686 0.1683 0.0000 0.1129 0.1128 0.0000 
  34.100 0.1686 0.1683 0.0000 0.1129 0.1128 0.0000 
  34.150 0.1686 0.1683 0.0000 0.1129 0.1128 0.0000 
  34.200 0.1686 0.1683 0.0000 0.1129 0.1128 0.0000 
  34.250 0.1686 0.1683 0.0000 0.1129 0.1128 0.0000 
  34.300 0.1686 0.1683 0.0000 0.1129 0.1128 0.0000 
  34.350 0.1686 0.1683 0.0000 0.1129 0.1128 0.0000 
  34.400 0.1686 0.1683 0.0000 0.1129 0.1128 0.0000 
  34.450 0.1686 0.1683 0.0000 0.1129 0.1128 0.0000 
  34.500 0.1686 0.1683 0.0000 0.1129 0.1128 0.0000 
  34.550 0.1686 0.1683 0.0000 0.1129 0.1128 0.0000 
  34.600 0.1686 0.1683 0.0000 0.1129 0.1128 0.0000 
  34.650 0.1686 0.1683 0.0000 0.1129 0.1128 0.0000 
  34.700 0.1686 0.1683 0.0000 0.1129 0.1128 0.0000 
  34.750 0.1686 0.1683 0.0000 0.1129 0.1128 0.0000 
  34.800 0.1686 0.1683 0.0000 0.1129 0.1128 0.0000 
  34.850 0.1686 0.1683 0.0000 0.1129 0.1128 0.0000 
  34.900 0.1686 0.1683 0.0000 0.1129 0.1128 0.0000 
  34.950 0.1686 0.1683 0.0000 0.1129 0.1128 0.0000 
  35.000 0.1686 0.1683 0.0000 0.1129 0.1128 0.0000 
  35.050 0.1686 0.1683 0.0000 0.1129 0.1128 0.0000 
  35.100 0.1686 0.1683 0.0000 0.1129 0.1128 0.0000 
  35.150 0.1686 0.1683 0.0000 0.1129 0.1128 0.0000 
  35.200 0.1686 0.1683 0.0000 0.1129 0.1128 0.0000 
  35.250 0.1686 0.1683 0.0000 0.1129 0.1128 0.0000 
  35.300 0.1686 0.1683 0.0000 0.1129 0.1128 0.0000 
  35.350 0.1686 0.1683 0.0000 0.1129 0.1128 0.0000 
  35.400 0.1686 0.1683 0.0000 0.1129 0.1128 0.0000 
  35.450 0.1686 0.1683 0.0000 0.1129 0.1128 0.0000 
  35.500 0.1686 0.1683 0.0000 0.1129 0.1128 0.0000 
  35.550 0.1686 0.1683 0.0000 0.1129 0.1128 0.0000 
  35.600 0.1686 0.1683 0.0000 0.1129 0.1128 0.0000 
  35.650 0.1686 0.1683 0.0000 0.1129 0.1128 0.0000 
  35.700 0.1686 0.1683 0.0000 0.1129 0.1128 0.0000 
  35.750 0.1686 0.1683 0.0000 0.1129 0.1128 0.0000 
  35.800 0.1686 0.1683 0.0000 0.1129 0.1128 0.0000 
  35.850 0.1686 0.1683 0.0000 0.1129 0.1128 0.0000 
  35.900 0.1686 0.1683 0.0000 0.1129 0.1128 0.0000 
  35.950 0.1686 0.1683 0.0000 0.1129 0.1128 0.0000 
  36.000 0.1686 0.1683 0.0000 0.1129 0.1128 0.0000 
  36.050 0.1686 0.1683 0.0000 0.1129 0.1128 0.0000 
  36.100 0.1686 0.1683 0.0000 0.1129 0.1128 0.0000 
  36.150 0.1686 0.1683 0.0000 0.1129 0.1128 0.0000 
  36.200 0.1686 0.1683 0.0000 0.1129 0.1128 0.0000 
  36.250 0.1686 0.1683 0.0000 0.1129 0.1128 0.0000 
  36.300 0.1686 0.1683 0.0000 0.1129 0.1128 0.0000 
  36.350 0.1686 0.1683 0.0000 0.1129 0.1128 0.0000 
  36.400 0.1686 0.1683 0.0000 0.1129 0.1128 0.0000 
  36.450 0.1686 0.1683 0.0000 0.1129 0.1128 0.0000 
  36.500 0.1686 0.1683 0.0000 0.1129 0.1128 0.0000 
  36.550 0.1686 0.1683 0.0000 0.1129 0.1128 0.0000 
  36.600 0.1686 0.1683 0.0000 0.1129 0.1128 0.0000 
  36.650 0.1686 0.1683 0.0000 0.1129 0.1128 0.0000 
  36.700 0.1686 0.1683 0.0000 0.1129 0.1128 0.0000 
  36.750 0.1686 0.1683 0.0000 0.1129 0.1128 0.0000 
  36.800 0.1686 0.1683 0.0000 0.1129 0.1128 0.0000 
  36.850 0.1686 0.1683 0.0000 0.1129 0.1128 0.0000 
  36.900 0.1686 0.1683 0.0000 0.1129 0.1128 0.0000 
  36.950 0.1686 0.1683 0.0000 0.1129 0.1128 0.0000 
  37.000 0.1686 0.1683 0.0000 0.1129 0.1128 0.0000 
  37.050 0.1686 0.1683 0.0000 0.1129 0.1128 0.0000 
  37.100 0.1686 0.1683 0.0000 0.1129 0.1128 0.0000 
  37.150 0.1686 0.1683 0.0000 0.1129 0.1128 0.0000 
  37.200 0.1686 0.1683 0.0000 0.1129 0.1128 0.0000 
  37.250 0.1686 0.1683 0.0000 0.1129 0.1128 0.0000 
  37.300 0.1686 0.1683 0.0000 0.1129 0.1128 0.0000 
  37.350 0.1686 0.1683 0.0000 0.1129 0.1128 0.0000 
  37.400 0.1686 0.1683 0.0000 0.1129 0.1128 0.0000 
  37.450 0.1686 0.1683 0.0000 0.1129 0.1128 0.0000 
  37.500 0.1686 0.1683 0.0000 0.1129 0.1128 0.0000 
  37.550 0.1686 0.1683 0.0000 0.1129 0.1128 0.0000 
  37.600 0.1686 0.1683 0.0000 0.1129 0.1128 0.0000 
  37.650 0.1686 0.1683 0.0000 0.1129 0.1128 0.0000 
  37.700 0.1686 0.1683 0.0000 0.1129 0.1128 0.0000 
  37.750 0.1686 0.1683 0.0000 0.1129 0.1128 0.0000 
  37.800 0.1686 0.1683 0.0000 0.1129 0.1128 0.0000 
  37.850 0.1686 0.1683 0.0000 0.1129 0.1128 0.0000 
  37.900 0.1686 0.1683 0.0000 0.1129 0.1128 0.0000 
  37.950 0.1686 0.1683 0.0000 0.1129 0.1128 0.0000 
  38.000 0.1686 0.1683 0.0000 0.1129 0.1128 0.0000 
  38.050 0.1686 0.1683 0.0000 0.1129 0.1128 0.0000 
  38.100 0.1686 0.1683 0.0000 0.1129 0.1128 0.0000 
  38.150 0.1686 0.1683 0.0000 0.1129 0.1128 0.0000 
  38.200 0.1686 0.1683 0.0000 0.1129 0.1128 0.0000 
  38.250 0.1686 0.1683 0.0000 0.1129 0.1128 0.0000 
  38.300 0.1686 0.1683 0.0000 0.1129 0.1128 0.0000 
  38.350 0.1686 0.1683 0.0000 0.1129 0.1128 0.0000 
  38.400 0.1686 0.1683 0.0000 0.1129 0.1128 0.0000 
  38.450 0.1686 0.1683 0.0000 0.1129 0.1128 0.0000 
  38.500 0.1686 0.1683 0.0000 0.1129 0.1128 0.0000 
  38.550 0.1686 0.1683 0.0000 0.1129 0.1128 0.0000 
  38.600 0.1686 0.1683 0.0000 0.1129 0.1128 0.0000 
  38.650 0.1686 0.1683 0.0000 0.1129 0.1128 0.0000 
  38.700 0.1686 0.1683 0.0000 0.1129 0.1128 0.0000 
  38.750 0.1686 0.1683 0.0000 0.1129 0.1128 0.0000 
  38.800 0.1686 0.1683 0.0000 0.1129 0.1128 0.0000 
  38.850 0.1686 0.1683 0.0000 0.1129 0.1128 0.0000 
  38.900 0.1686 0.1683 0.0000 0.1129 0.1128 0.0000 
  38.950 0.1686 0.1683 0.0000 0.1129 0.1128 0.0000 
  39.000 0.1686 0.1683 0.0000 0.1129 0.1128 0.0000 
  39.050 0.1686 0.1683 0.0000 0.1129 0.1128 0.0000 
  39.100 0.1686 0.1683 0.0000 0.1129 0.1128 0.0000 
  39.150 0.1686 0.1683 0.0000 0.1129 0.1128 0.0000 
  39.200 0.1686 0.1683 0.0000 0.1129 0.1128 0.0000 
  39.250 0.1686 0.1683 0.0000 0.1129 0.1128 0.0000 
  39.300 0.1686 0.1683 0.0000 0.1129 0.1128 0.0000 
  39.350 0.1686 0.1683 0.0000 0.1129 0.1128 0.0000 
  39.400 0.1686 0.1683 0.0000 0.1129 0.1128 0.0000 
  39.450 0.1686 0.1683 0.0000 0.1129 0.1128 0.0000 
  39.500 0.1686 0.1683 0.0000 0.1129 0.1128 0.0000 
  39.550 0.1686 0.1683 0.0000 0.1129 0.1128 0.0000 
  39.600 0.1686 0.1683 0.0000 0.1129 0.1128 0.0000 
  39.650 0.1686 0.1683 0.0000 0.1129 0.1128 0.0000 
  39.700 0.1686 0.1683 0.0000 0.1129 0.1128 0.0000 
  39.750 0.1686 0.1683 0.0000 0.1129 0.1128 0.0000 
  39.800 0.1686 0.1683 0.0000 0.1129 0.1128 0.0000 
  39.850 0.1686 0.1683 0.0000 0.1129 0.1128 0.0000 
  39.900 0.1686 0.1683 0.0000 0.1129 0.1128 0.0000 
  39.950 0.1686 0.1683 0.0000 0.1129 0.1128 0.0000 
  40.000 0.1686 0.1683 0.0000 0.1129 0.1128 0.0000 
  40.050 0.1686 0.1683 0.0000 0.1129 0.1128 0.0000 
  40.100 0.1686 0.1683 0.0000 0.1129 0.1128 0.0000 
  40.150 0.1686 0.1683 0.0000 0.1129 0.1128 0.0000 
  40.200 0.1686 0.1683 0.0000 0.1129 0.1128 0.0000 
  40.250 0.1686 0.1683 0.0000 0.1129 0.1128 0.0000 
  40.300 0.1686 0.1683 0.0000 0.1129 0.1128 0.0000 
  40.350 0.1686 0.1683 0.0000 0.1129 0.1128 0.0000 
  40.400 0.1686 0.1683 0.0000 0.1129 0.1128 0.0000 
  40.450 0.1686 0.1683 0.0000 0.1129 0.1128 0.0000 
  40.500 0.1686 0.1683 0.0000 0.1129 0.1128 0.0000 
  40.550 0.1686 0.1683 0.0000 0.1129 0.1128 0.0000 
  40.600 0.1686 0.1683 0.0000 0.1129 0.1128 0.0000 
  40.650 0.1686 0.1683 0.0000 0.1129 0.1128 0.0000 
  40.700 0.1686 0.1683 0.0000 0.1129 0.1128 0.0000 
  40.750 0.1686 0.1683 0.0000 0.1129 0.1128 0.0000 
  40.800 0.1686 0.1683 0.0000 0.1129 0.1128 0.0000 
  40.850 0.1686 0.1683 0.0000 0.1129 0.1128 0.0000 
  40.900 0.1686 0.1683 0.0000 0.1129 0.1128 0.0000 
  40.950 0.1686 0.1683 0.0000 0.1129 0.1128 0.0000 
  41.000 0.1686 0.1683 0.0000 0.1129 0.1128 0.0000 
  41.050 0.1686 0.1683 0.0000 0.1129 0.1128 0.0000 
  41.100 0.1686 0.1683 0.0000 0.1129 0.1128 0.0000 
  41.150 0.1686 0.1683 0.0000 0.1129 0.1128 0.0000 
  41.200 0.1686 0.1683 0.0000 0.1129 0.1128 0.0000 
  41.250 0.1686 0.1683 0.0000 0.1129 0.1128 0.0000 
  41.300 0.1686 0.1683 0.0000 0.1129 0.1128 0.0000 
  41.350 0.1686 0.1683 0.0000 0.1129 0.1128 0.0000 
  41.400 0.1686 0.1683 0.0000 0.1129 0.1128 0.0000 
  41.450 0.1686 0.1683 0.0000 0.1129 0.1128 0.0000 
  41.500 0.1686 0.1683 0.0000 0.1129 0.1128 0.0000 
  41.550 0.1686 0.1683 0.0000 0.1129 0.1128 0.0000 
  41.600 0.1686 0.1683 0.0000 0.1129 0.1128 0.0000 
  41.650 0.1686 0.1683 0.0000 0.1129 0.1128 0.0000 
  41.700 0.1686 0.1683 0.0000 0.1129 0.1128 0.0000 
  41.750 0.1686 0.1683 0.0000 0.1129 0.1128 0.0000 
  41.800 0.1686 0.1683 0.0000 0.1129 0.1128 0.0000 
  41.850 0.1686 0.1683 0.0000 0.1129 0.1128 0.0000 
  41.900 0.1686 0.1683 0.0000 0.1129 0.1128 0.0000 
  41.950 0.1686 0.1683 0.0000 0.1129 0.1128 0.0000 
  42.000 0.1686 0.1683 0.0000 0.1129 0.1128 0.0000 
  42.050 0.1686 0.1683 0.0000 0.1129 0.1128 0.0000 
  42.100 0.1686 0.1683 0.0000 0.1129 0.1128 0.0000 
  42.150 0.1686 0.1683 0.0000 0.1129 0.1128 0.0000 
  42.200 0.1686 0.1683 0.0000 0.1129 0.1128 0.0000 
  42.250 0.1686 0.1683 0.0000 0.1129 0.1128 0.0000 
  42.300 0.1686 0.1683 0.0000 0.1129 0.1128 0.0000 
  42.350 0.1686 0.1683 0.0000 0.1129 0.1128 0.0000 
  42.400 0.1686 0.1683 0.0000 0.1129 0.1128 0.0000 
  42.450 0.1686 0.1683 0.0000 0.1129 0.1128 0.0000 
  42.500 0.1686 0.1683 0.0000 0.1129 0.1128 0.0000 
  42.550 0.1686 0.1683 0.0000 0.1129 0.1128 0.0000 
  42.600 0.1686 0.1683 0.0000 0.1129 0.1128 0.0000 
  42.650 0.1686 0.1683 0.0000 0.1129 0.1128 0.0000 
  42.700 0.1686 0.1683 0.0000 0.1129 0.1128 0.0000 
  42.750 0.1686 0.1683 0.0000 0.1129 0.1128 0.0000 
  42.800 0.1686 0.1683 0.0000 0.1129 0.1128 0.0000 
  42.850 0.1686 0.1683 0.0000 0.1129 0.1128 0.0000 
  42.900 0.1686 0.1683 0.0000 0.1129 0.1128 0.0000 
  42.950 0.1686 0.1683 0.0000 0.1129 0.1128 0.0000 
  43.000 0.1686 0.1683 0.0000 0.1129 0.1128 0.0000 
  43.050 0.1686 0.1683 0.0000 0.1129 0.1128 0.0000 
  43.100 0.1686 0.1683 0.0000 0.1129 0.1128 0.0000 
  43.150 0.1686 0.1683 0.0000 0.1129 0.1128 0.0000 
  43.200 0.1686 0.1683 0.0000 0.1129 0.1128 0.0000 
  43.250 0.1686 0.1683 0.0000 0.1129 0.1128 0.0000 
  43.300 0.1686 0.1683 0.0000 0.1129 0.1128 0.0000 
  43.350 0.1686 0.1683 0.0000 0.1129 0.1128 0.0000 
  43.400 0.1686 0.1683 0.0000 0.1129 0.1128 0.0000 
  43.450 0.1686 0.1683 0.0000 0.1129 0.1128 0.0000 
  43.500 0.1686 0.1683 0.0000 0.1129 0.1128 0.0000 
  43.550 0.1686 0.1683 0.0000 0.1129 0.1128 0.0000 
  43.600 0.1686 0.1683 0.0000 0.1129 0.1128 0.0000 
  43.650 0.1686 0.1683 0.0000 0.1129 0.1128 0.0000 
  43.700 0.1686 0.1683 0.0000 0.1129 0.1128 0.0000 
  43.750 0.1686 0.1683 0.0000 0.1129 0.1128 0.0000 
  43.800 0.1686 0.1683 0.0000 0.1129 0.1128 0.0000 
  43.850 0.1686 0.1683 0.0000 0.1129 0.1128 0.0000 
  43.900 0.1686 0.1683 0.0000 0.1129 0.1128 0.0000 
  43.950 0.1686 0.1683 0.0000 0.1129 0.1128 0.0000 
  44.000 0.1686 0.1683 0.0000 0.1129 0.1128 0.0000 
  44.050 0.1686 0.1683 0.0000 0.1129 0.1128 0.0000 
  44.100 0.1686 0.1683 0.0000 0.1129 0.1128 0.0000 
  44.150 0.1686 0.1683 0.0000 0.1129 0.1128 0.0000 
  44.200 0.1686 0.1683 0.0000 0.1129 0.1128 0.0000 
  44.250 0.1686 0.1683 0.0000 0.1129 0.1128 0.0000 
  44.300 0.1686 0.1683 0.0000 0.1129 0.1128 0.0000 
  44.350 0.1686 0.1683 0.0000 0.1129 0.1128 0.0000 
  44.400 0.1686 0.1683 0.0000 0.1129 0.1128 0.0000 
  44.450 0.1686 0.1683 0.0000 0.1129 0.1128 0.0000 
  44.500 0.1686 0.1683 0.0000 0.1129 0.1128 0.0000 
  44.550 0.1686 0.1683 0.0000 0.1129 0.1128 0.0000 
  44.600 0.1686 0.1683 0.0000 0.1129 0.1128 0.0000 
  44.650 0.1686 0.1683 0.0000 0.1129 0.1128 0.0000 
  44.700 0.1686 0.1683 0.0000 0.1129 0.1128 0.0000 
  44.750 0.1686 0.1683 0.0000 0.1129 0.1128 0.0000 
  44.800 0.1686 0.1683 0.0000 0.1129 0.1128 0.0000 
  44.850 0.1686 0.1683 0.0000 0.1129 0.1128 0.0000 
  44.900 0.1686 0.1683 0.0000 0.1129 0.1128 0.0000 
  44.950 0.1686 0.1683 0.0000 0.1129 0.1128 0.0000 
  45.000 0.1686 0.1683 0.0000 0.1129 0.1128 0.0000 
  45.050 0.1686 0.1683 0.0000 0.1129 0.1128 0.0000 
  45.100 0.1686 0.1683 0.0000 0.1129 0.1128 0.0000 
  45.150 0.1686 0.1683 0.0000 0.1129 0.1128 0.0000 
  45.200 0.1686 0.1683 0.0000 0.1129 0.1128 0.0000 
  45.250 0.1686 0.1683 0.0000 0.1129 0.1128 0.0000 
  45.300 0.1686 0.1683 0.0000 0.1129 0.1128 0.0000 
  45.350 0.1686 0.1683 0.0000 0.1129 0.1128 0.0000 
  45.400 0.1686 0.1683 0.0000 0.1129 0.1128 0.0000 
  45.450 0.1686 0.1683 0.0000 0.1129 0.1128 0.0000 
  45.500 0.1686 0.1683 0.0000 0.1129 0.1128 0.0000 
  45.550 0.1686 0.1683 0.0000 0.1129 0.1128 0.0000 
  45.600 0.1686 0.1683 0.0000 0.1129 0.1128 0.0000 
  45.650 0.1686 0.1683 0.0000 0.1129 0.1128 0.0000 
  45.700 0.1686 0.1683 0.0000 0.1129 0.1128 0.0000 
  45.750 0.1686 0.1683 0.0000 0.1129 0.1128 0.0000 
  45.800 0.1686 0.1683 0.0000 0.1129 0.1128 0.0000 
  45.850 0.1686 0.1683 0.0000 0.1129 0.1128 0.0000 
  45.900 0.1686 0.1683 0.0000 0.1129 0.1128 0.0000 
  45.950 0.1686 0.1683 0.0000 0.1129 0.1128 0.0000 
  46.000 0.1686 0.1683 0.0000 0.1129 0.1128 0.0000 
  46.050 0.1686 0.1683 0.0000 0.1129 0.1128 0.0000 
  46.100 0.1686 0.1683 0.0000 0.1129 0.1128 0.0000 
  46.150 0.1686 0.1683 0.0000 0.1129 0.1128 0.0000 
  46.200 0.1686 0.1683 0.0000 0.1129 0.1128 0.0000 
  46.250 0.1686 0.1683 0.0000 0.1129 0.1128 0.0000 
  46.300 0.1686 0.1683 0.0000 0.1129 0.1128 0.0000 
  46.350 0.1686 0.1683 0.0000 0.1129 0.1128 0.0000 
  46.400 0.1686 0.1683 0.0000 0.1129 0.1128 0.0000 
  46.450 0.1686 0.1683 0.0000 0.1129 0.1128 0.0000 
  46.500 0.1686 0.1683 0.0000 0.1129 0.1128 0.0000 
  46.550 0.1686 0.1683 0.0000 0.1129 0.1128 0.0000 
  46.600 0.1686 0.1683 0.0000 0.1129 0.1128 0.0000 
  46.650 0.1686 0.1683 0.0000 0.1129 0.1128 0.0000 
  46.700 0.1686 0.1683 0.0000 0.1129 0.1128 0.0000 
  46.750 0.1686 0.1683 0.0000 0.1129 0.1128 0.0000 
  46.800 0.1686 0.1683 0.0000 0.1129 0.1128 0.0000 
  46.850 0.1686 0.1683 0.0000 0.1129 0.1128 0.0000 
  46.900 0.1686 0.1683 0.0000 0.1129 0.1128 0.0000 
  46.950 0.1686 0.1683 0.0000 0.1129 0.1128 0.0000 
  47.000 0.1686 0.1683 0.0000 0.1129 0.1128 0.0000 
  47.050 0.1686 0.1683 0.0000 0.1129 0.1128 0.0000 
  47.100 0.1686 0.1683 0.0000 0.1129 0.1128 0.0000 
  47.150 0.1686 0.1683 0.0000 0.1129 0.1128 0.0000 
  47.200 0.1686 0.1683 0.0000 0.1129 0.1128 0.0000 
  47.250 0.1686 0.1683 0.0000 0.1129 0.1128 0.0000 
  47.300 0.1686 0.1683 0.0000 0.1129 0.1128 0.0000 
  47.350 0.1686 0.1683 0.0000 0.1129 0.1128 0.0000 
  47.400 0.1686 0.1683 0.0000 0.1129 0.1128 0.0000 
  47.450 0.1686 0.1683 0.0000 0.1129 0.1128 0.0000 
  47.500 0.1686 0.1683 0.0000 0.1129 0.1128 0.0000 
  47.550 0.1686 0.1683 0.0000 0.1129 0.1128 0.0000 
  47.600 0.1686 0.1683 0.0000 0.1129 0.1128 0.0000 
  47.650 0.1686 0.1683 0.0000 0.1129 0.1128 0.0000 
  47.700 0.1686 0.1683 0.0000 0.1129 0.1128 0.0000 
  47.750 0.1686 0.1683 0.0000 0.1129 0.1128 0.0000 
  47.800 0.1686 0.1683 0.0000 0.1129 0.1128 0.0000 
  47.850 0.1686 0.1683 0.0000 0.1129 0.1128 0.0000 
  47.900 0.1686 0.1683 0.0000 0.1129 0.1128 0.0000 
  47.950 0.1686 0.1683 0.0000 0.1129 0.1128 0.0000 
  48.000 0.1686 0.1683 0.0000 0.1129 0.1128 0.0000 
