# (C) GLoBES 2007
# This file contains the flux spectrum for U238
# as parameterized in hep-ph/0407026v2

0.00001   0   0   0   2.819909190471793e15   0   0
0.0000338   0   0   0   2.80882635745089e15   0   0
0.0000576   0   0   0   2.7975366984813785e15   0   0
0.00008140000000000001   0   0   0   2.7860430615109135e15   0   0
0.0001052   0   0   0   2.7743483375659495e15   0   0
0.000129   0   0   0   2.7624554595419875e15   0   0
0.0001528   0   0   0   2.7503674009801655e15   0   0
0.0001766   0   0   0   2.7380871748308785e15   0   0
0.0002004   0   0   0   2.725617832205165e15   0   0
0.0002242   0   0   0   2.7129624611145715e15   0   0
0.000248   0   0   0   2.7001241852002275e15   0   0
0.0002718   0   0   0   2.687106162451859e15   0   0
0.0002956   0   0   0   2.673911583917471e15   0   0
0.0003194   0   0   0   2.6605436724044395e15   0   0
0.0003432   0   0   0   2.6470056811727455e15   0   0
0.000367   0   0   0   2.6333008926210935e15   0   0
0.0003908000000000001   0   0   0   2.6194326169666485e15   0   0
0.0004146   0   0   0   2.6054041909191345e15   0   0
0.0004384   0   0   0   2.5912189763500405e15   0   0
0.0004622   0   0   0   2.5768803589576525e15   0   0
0.000486   0   0   0   2.5623917469286715e15   0   0
0.0005098   0   0   0   2.5477565695971425e15   0   0
0.0005336   0   0   0   2.532978276101422e15   0   0
0.0005574000000000001   0   0   0   2.5180603340399245e15   0   0
0.0005812   0   0   0   2.5030062281263675e15   0   0
0.000605   0   0   0   2.4878194588452445e15   0   0
0.0006288000000000001   0   0   0   2.4725035411082355e15   0   0
0.0006526   0   0   0   2.4570620029122755e15   0   0
0.0006764000000000001   0   0   0   2.441498383999989e15   0   0
0.0007002000000000002   0   0   0   2.4258162345231885e15   0   0
0.0007240000000000001   0   0   0   2.4100191137101385e15   0   0
0.0007478   0   0   0   2.394110588537269e15   0   0
0.0007716000000000001   0   0   0   2.3780942324060295e15   0   0
0.0007954   0   0   0   2.3619736238255435e15   0   0
0.0008192   0   0   0   2.3457523451017485e15   0   0
0.0008430000000000001   0   0   0   2.329433981033665e15   0   0
0.0008668000000000001   0   0   0   2.313022117617449e15   0   0
0.0008906   0   0   0   2.2965203407588725e15   0   0
0.0009144000000000001   0   0   0   2.2799322349948515e15   0   0
0.0009382000000000001   0   0   0   2.2632613822246525e15   0   0
0.000962   0   0   0   2.2465113604513838e15   0   0
0.0009858   0   0   0   2.229685742534365e15   0   0
0.0010096   0   0   0   2.2127880949529722e15   0   0
0.0010334   0   0   0   2.195821976582529e15   0   0
0.0010572   0   0   0   2.1787909374828055e15   0   0
0.001081   0   0   0   2.16169851769969e15   0   0
0.0011048   0   0   0   2.1445482460805535e15   0   0
0.0011286   0   0   0   2.127343639103858e15   0   0
0.0011524   0   0   0   2.110088199723502e15   0   0
0.0011762   0   0   0   2.0927854162284145e15   0   0
0.0012   0   0   0   2.075438761117888e15   0   0
0.0012238   0   0   0   2.058051689993114e15   0   0
0.0012476   0   0   0   2.0406276404653905e15   0   0
0.0012714   0   0   0   2.0231700310814412e15   0   0
0.0012952   0   0   0   2.0056822602662822e15   0   0
0.001319   0   0   0   1.9881677052840458e15   0   0
0.0013428   0   0   0   1.9706297212171725e15   0   0
0.0013666   0   0   0   1.953071639964353e15   0   0
0.0013904   0   0   0   1.93549676925759e15   0   0
0.0014142   0   0   0   1.9179083916987408e15   0   0
0.001438   0   0   0   1.9003097638158835e15   0   0
0.0014618   0   0   0   1.882704115139823e15   0   0
0.0014856   0   0   0   1.8650946473010632e15   0   0
0.0015094   0   0   0   1.8474845331475248e15   0   0
0.0015332   0   0   0   1.8298769158832972e15   0   0
0.001557   0   0   0   1.8122749082286852e15   0   0
0.0015808   0   0   0   1.7946815916018e15   0   0
0.0016046   0   0   0   1.7771000153219205e15   0   0
0.0016284   0   0   0   1.7595331958348528e15   0   0
0.0016522   0   0   0   1.7419841159604758e15   0   0
0.001676   0   0   0   1.724455724162665e15   0   0
0.0016998   0   0   0   1.706950933841761e15   0   0
0.0017236   0   0   0   1.6894726226497375e15   0   0
0.0017474   0   0   0   1.6720236318282042e15   0   0
0.0017712   0   0   0   1.654606765569365e15   0   0
0.001795   0   0   0   1.6372247904000455e15   0   0
0.0018188   0   0   0   1.6198804345888702e15   0   0
0.0018426   0   0   0   1.6025763875766728e15   0   0
0.0018664   0   0   0   1.5853152994301938e15   0   0
0.0018902   0   0   0   1.5680997803191188e15   0   0
0.001914   0   0   0   1.5509324000164765e15   0   0
0.0019378   0   0   0   1.533815687422421e15   0   0
0.0019616   0   0   0   1.516752130111394e15   0   0
0.0019854   0   0   0   1.4997441739026545e15   0   0
0.0020092   0   0   0   1.482794222454144e15   0   0
0.002033   0   0   0   1.4659046368796528e15   0   0
0.0020568   0   0   0   1.449077735389219e15   0   0
0.0020806   0   0   0   1.4323157929526998e15   0   0
0.0021044   0   0   0   1.415621040986426e15   0   0
0.0021282   0   0   0   1.3989956670628395e15   0   0
0.002152   0   0   0   1.3824418146430105e15   0   0
0.0021758   0   0   0   1.365961582831903e15   0   0
0.0021996   0   0   0   1.3495570261562582e15   0   0
0.0022234   0   0   0   1.333230154364938e15   0   0
0.0022472   0   0   0   1.3169829322515815e15   0   0
0.002271   0   0   0   1.3008172794993852e15   0   0
0.0022948   0   0   0   1.2847350705478345e15   0   0
0.0023186   0   0   0   1.2687381344811825e15   0   0
0.0023424   0   0   0   1.2528282549384748e15   0   0
0.0023662   0   0   0   1.237007170044894e15   0   0
0.00239   0   0   0   1.221276572364206e15   0   0
0.0024138   0   0   0   1.205638108872056e15   0   0
0.0024376   0   0   0   1.1900933809498768e15   0   0
0.0024614   0   0   0   1.1746439443991425e15   0   0
0.0024852   0   0   0   1.159291309475706e15   0   0
0.002509   0   0   0   1.1440369409439358e15   0   0
0.0025328   0   0   0   1.1288822581503702e15   0   0
0.0025566   0   0   0   1.1138286351165994e15   0   0
0.0025804   0   0   0   1.0988774006510616e15   0   0
0.0026042   0   0   0   1.0840298384794521e15   0   0
0.002628   0   0   0   1.0692871873934245e15   0   0
0.0026518   0   0   0   1.0546506414172615e15   0   0
0.0026756   0   0   0   1.0401213499921759e15   0   0
0.0026994   0   0   0   1.0257004181779162e15   0   0
0.0027232   0   0   0   1.0113889068713214e15   0   0
0.002747   0   0   0   9.971878330414799e14   0   0
0.0027708   0   0   0   9.830981699811371e14   0   0
0.0027946   0   0   0   9.691208475739901e14   0   0
0.0028184   0   0   0   9.552567525775031e14   0   0
0.0028422   0   0   0   9.415067289208744e14   0   0
0.002866   0   0   0   9.278715780177818e14   0   0
0.0028898   0   0   0   9.143520590935255e14   0   0
0.0029136   0   0   0   9.00948889526189e14   0   0
0.0029374   0   0   0   8.87662745201433e14   0   0
0.0029612   0   0   0   8.744942608805346e14   0   0
0.002985   0   0   0   8.614440305812788e14   0   0
0.0030088   0   0   0   8.48512607971315e14   0   0
0.0030326   0   0   0   8.357005067735786e14   0   0
0.0030564   0   0   0   8.230082011833858e14   0   0
0.0030802   0   0   0   8.104361262968005e14   0   0
0.003104   0   0   0   7.979846785498785e14   0   0
0.0031278   0   0   0   7.856542161683859e14   0   0
0.0031516   0   0   0   7.734450596275969e14   0   0
0.0031754   0   0   0   7.613574921217642e14   0   0
0.0031992   0   0   0   7.493917600428715e14   0   0
0.003223   0   0   0   7.37548073468259e14   0   0
0.0032468   0   0   0   7.25826606656733e14   0   0
0.0032706   0   0   0   7.142274985527529e14   0   0
0.0032944   0   0   0   7.027508532983079e14   0   0
0.0033182   0   0   0   6.913967407520806e14   0   0
0.003342   0   0   0   6.801651970155122e14   0   0
0.0033658   0   0   0   6.690562249653712e14   0   0
0.0033896   0   0   0   6.580697947924415e14   0   0
0.0034134   0   0   0   6.472058445459428e14   0   0
0.0034372   0   0   0   6.364642806832978e14   0   0
0.003461000000000001   0   0   0   6.258449786248682e14   0   0
0.003484800000000001   0   0   0   6.153477833132802e14   0   0
0.0035086   0   0   0   6.049725097769666e14   0   0
0.0035324   0   0   0   5.947189436975536e14   0   0
0.0035562   0   0   0   5.845868419807292e14   0   0
0.00358   0   0   0   5.745759333302259e14   0   0
0.0036038   0   0   0   5.646859188245624e14   0   0
0.0036276   0   0   0   5.549164724961903e14   0   0
0.0036514   0   0   0   5.452672419126947e14   0   0
0.0036752   0   0   0   5.357378487597041e14   0   0
0.003699   0   0   0   5.263278894251733e14   0   0
0.0037228   0   0   0   5.170369355846979e14   0   0
0.0037466   0   0   0   5.078645347875375e14   0   0
0.0037704   0   0   0   4.98810211043019e14   0   0
0.0037942   0   0   0   4.898734654070028e14   0   0
0.003818   0   0   0   4.8105377656809894e14   0   0
0.0038418   0   0   0   4.7235060143332394e14   0   0
0.0038656   0   0   0   4.637633757128995e14   0   0
0.0038894   0   0   0   4.5529151450389544e14   0   0
0.0039132   0   0   0   4.4693441287242694e14   0   0
0.003937   0   0   0   4.3869144643412356e14   0   0
0.0039608   0   0   0   4.30561971932594e14   0   0
0.0039846   0   0   0   4.225453278156116e14   0   0
0.0040084   0   0   0   4.146408348087612e14   0   0
0.0040322   0   0   0   4.068477964862855e14   0   0
0.004056000000000001   0   0   0   3.991654998388803e14   0   0
0.0040798   0   0   0   3.9159321583819625e14   0   0
0.004103600000000001   0   0   0   3.841301999978027e14   0   0
0.0041274   0   0   0   3.7677569293039094e14   0   0
0.004151200000000001   0   0   0   3.6952892090098194e14   0   0
0.004175   0   0   0   3.6238909637592994e14   0   0
0.004198800000000001   0   0   0   3.553554185675023e14   0   0
0.0042226   0   0   0   3.484270739738373e14   0   0
0.004246400000000001   0   0   0   3.416032369140775e14   0   0
0.0042702   0   0   0   3.348830700584932e14   0   0
0.004294   0   0   0   3.282657249534027e14   0   0
0.0043178   0   0   0   3.217503425407252e14   0   0
0.004341600000000001   0   0   0   3.153360536719819e14   0   0
0.0043654   0   0   0   3.0902197961659256e14   0   0
0.004389200000000001   0   0   0   3.0280723256430394e14   0   0
0.004413   0   0   0   2.966909161216035e14   0   0
0.0044368   0   0   0   2.9067212580197325e14   0   0
0.0044606   0   0   0   2.8474994950984744e14   0   0
0.0044844   0   0   0   2.7892346801814612e14   0   0
0.0045082   0   0   0   2.7319175543925456e14   0   0
0.004532   0   0   0   2.6755387968934225e14   0   0
0.0045558   0   0   0   2.6200890294589997e14   0   0
0.0045796   0   0   0   2.5655588209839984e14   0   0
0.0046034   0   0   0   2.5119386919197472e14   0   0
0.0046272   0   0   0   2.4592191186403084e14   0   0
0.004651   0   0   0   2.407390537737033e14   0   0
0.0046748   0   0   0   2.3564433502408222e14   0   0
0.0046986   0   0   0   2.3063679257713056e14   0   0
0.0047224   0   0   0   2.2571546066123253e14   0   0
0.0047462   0   0   0   2.2087937117130775e14   0   0
0.00477   0   0   0   2.1612755406144066e14   0   0
0.0047938   0   0   0   2.114590377299719e14   0   0
0.0048176   0   0   0   2.068728493970132e14   0   0
0.0048414   0   0   0   2.0236801547434388e14   0   0
0.0048652   0   0   0   1.9794356192766144e14   0   0
0.004889   0   0   0   1.9359851463115506e14   0   0
0.0049128   0   0   0   1.8933189971438475e14   0   0
0.0049366   0   0   0   1.851427439014483e14   0   0
0.0049604   0   0   0   1.810300748424257e14   0   0
0.0049842   0   0   0   1.76992921437094e14   0   0
0.005008   0   0   0   1.7303031415091466e14   0   0
0.0050318   0   0   0   1.6914128532329325e14   0   0
0.0050556   0   0   0   1.6532486946812462e14   0   0
0.0050794   0   0   0   1.6158010356663188e14   0   0
0.0051032   0   0   0   1.5790602735252228e14   0   0
0.005127   0   0   0   1.5430168358947575e14   0   0
0.0051508   0   0   0   1.507661183409996e14   0   0
0.0051746   0   0   0   1.4729838123267253e14   0   0
0.0051984   0   0   0   1.438975257068183e14   0   0
0.0052222   0   0   0   1.4056260926964339e14   0   0
0.005246   0   0   0   1.3729269373088356e14   0   0
0.0052698   0   0   0   1.3408684543600278e14   0   0
0.0052936   0   0   0   1.3094413549099584e14   0   0
0.0053174   0   0   0   1.2786363997984586e14   0   0
0.0053412   0   0   0   1.248444401746944e14   0   0
0.005365   0   0   0   1.2188562273878119e14   0   0
0.0053888   0   0   0   1.1898627992221894e14   0   0
0.0054126   0   0   0   1.1614550975066522e14   0   0
0.005436400000000001   0   0   0   1.1336241620696253e14   0   0
0.005460200000000001   0   0   0   1.1063610940581484e14   0   0
0.005484   0   0   0   1.0796570576157775e14   0   0
0.0055078   0   0   0   1.0535032814923266e14   0   0
0.0055316   0   0   0   1.027891060586308e14   0   0
0.0055554   0   0   0   1.0028117574208045e14   0   0
0.0055792   0   0   0   9.782568035536592e13   0   0
0.005603   0   0   0   9.542177009227922e13   0   0
0.0056268   0   0   0   9.306860231275478e13   0   0
0.005650600000000001   0   0   0   9.076534166469245e13   0   0
0.0056744   0   0   0   8.851116019956245e13   0   0
0.005698200000000001   0   0   0   8.630523748188169e13   0   0
0.005722   0   0   0   8.414676069265706e13   0   0
0.005745800000000001   0   0   0   8.203492472688925e13   0   0
0.0057696   0   0   0   7.996893228523448e13   0   0
0.005793400000000001   0   0   0   7.794799395992034e13   0   0
0.0058172   0   0   0   7.597132831501656e13   0   0
0.005841000000000001   0   0   0   7.403816196115764e13   0   0
0.0058648   0   0   0   7.214772962481994e13   0   0
0.005888600000000001   0   0   0   7.0299274212253695e13   0   0
0.0059124   0   0   0   6.849204686817265e13   0   0
0.005936200000000001   0   0   0   6.6725307029302805e13   0   0
0.00596   0   0   0   6.499832247289579e13   0   0
0.005983800000000001   0   0   0   6.331036936030811e13   0   0
0.006007600000000001   0   0   0   6.166073227575217e13   0   0
0.006031400000000001   0   0   0   6.004870426032291e13   0   0
0.006055200000000001   0   0   0   5.847358684140478e13   0   0
0.006079000000000001   0   0   0   5.693469005756335e13   0   0
0.0061028   0   0   0   5.543133247902761e13   0   0
0.006126600000000001   0   0   0   5.3962841223866305e13   0   0
0.0061504   0   0   0   5.252855196996429e13   0   0
0.0061742   0   0   0   5.112780896290239e13   0   0
0.006198   0   0   0   4.975996501984611e13   0   0
0.0062218   0   0   0   4.84243815295465e13   0   0
0.0062456   0   0   0   4.712042844855716e13   0   0
0.0062694   0   0   0   4.584748429377036e13   0   0
0.0062932   0   0   0   4.4604936131375555e13   0   0
0.006317   0   0   0   4.33921795623418e13   0   0
0.0063408   0   0   0   4.220861870452606e13   0   0
0.0063646   0   0   0   4.1053666171508414e13   0   0
0.0063884   0   0   0   3.992674304825377e13   0   0
0.0064122   0   0   0   3.882727886370069e13   0   0
0.006436   0   0   0   3.775471156037421e13   0   0
0.0064598   0   0   0   3.670848746112233e13   0   0
0.0064836   0   0   0   3.568806123307123e13   0   0
0.0065074   0   0   0   3.469289584889688e13   0   0
0.0065312   0   0   0   3.372246254550599e13   0   0
0.006555   0   0   0   3.2776240780221977e13   0   0
0.006578800000000001   0   0   0   3.1853718184567484e13   0   0
0.006602600000000001   0   0   0   3.095439051573584e13   0   0
0.006626400000000001   0   0   0   3.0077761605841395e13   0   0
0.006650200000000001   0   0   0   2.9223343309039047e13   0   0
0.006674000000000001   0   0   0   2.839065544659974e13   0   0
0.0066978   0   0   0   2.757922575003036e13   0   0
0.0067216   0   0   0   2.6788589802322375e13   0   0
0.0067454   0   0   0   2.601829097741495e13   0   0
0.0067692   0   0   0   2.526788037795412e13   0   0
0.006793   0   0   0   2.4536916771431207e13   0   0
0.0068168   0   0   0   2.3824966524779723e13   0   0
0.0068406   0   0   0   2.313160353751097e13   0   0
0.0068644   0   0   0   2.2456409173464613e13   0   0
0.0068882   0   0   0   2.179897219125206e13   0   0
0.006912   0   0   0   2.115888867346604e13   0   0
0.0069358   0   0   0   2.053576195473095e13   0   0
0.0069596   0   0   0   1.9929202548665348e13   0   0
0.0069834   0   0   0   1.9338828073827434e13   0   0
0.0070072   0   0   0   1.876426317871244e13   0   0
0.007031   0   0   0   1.8205139465869918e13   0   0
0.0070548   0   0   0   1.766109541520675e13   0   0
0.0070786   0   0   0   1.7131776306541043e13   0   0
0.0071024   0   0   0   1.661683414146976e13   0   0
0.0071262   0   0   0   1.6115927564612336e13   0   0
0.007150000000000001   0   0   0   1.562872178429022e13   0   0
0.007173800000000001   0   0   0   1.5154888492701775e13   0   0
0.007197600000000001   0   0   0   1.4694105785649229e13   0   0
0.007221400000000001   0   0   0   1.424605808187449e13   0   0
0.007245200000000002   0   0   0   1.3810436042057514e13   0   0
0.007269000000000001   0   0   0   1.3386936487531133e13   0   0
0.007292800000000002   0   0   0   1.2975262318763213e13   0   0
0.0073166   0   0   0   1.25751224336569e13   0   0
0.007340400000000001   0   0   0   1.2186231645717309e13   0   0
0.0073642   0   0   0   1.1808310602132566e13   0   0
0.007388000000000001   0   0   0   1.1441085701814393e13   0   0
0.0074118   0   0   0   1.1084289013443627e13   0   0
0.007435600000000001   0   0   0   1.0737658193563049e13   0   0
0.0074594   0   0   0   1.0400936404760098e13   0   0
0.007483200000000001   0   0   0   1.0073872233979268e13   0   0
0.007507   0   0   0   9.756219611003744e12   0   0
0.007530800000000001   0   0   0   9.447737727143793e12   0   0
0.0075546   0   0   0   9.14819095416851e12   0   0
0.007578400000000001   0   0   0   8.857348763516043e12   0   0
0.0076022   0   0   0   8.574985645816187e12   0   0
0.007626000000000001   0   0   0   8.3008810307579e12   0   0
0.0076498   0   0   0   8.034819207333285e12   0   0
0.007673600000000001   0   0   0   7.776589244487941e12   0   0
0.0076974   0   0   0   7.525984912206879e12   0   0
0.007721200000000001   0   0   0   7.282804603063389e12   0   0
0.007745000000000001   0   0   0   7.046851254257902e12   0   0
0.007768800000000001   0   0   0   6.817932270171655e12   0   0
0.007792600000000001   0   0   0   6.595859445459994e12   0   0
0.007816400000000001   0   0   0   6.380448888708035e12   0   0
0.0078402   0   0   0   6.171520946670999e12   0   0
0.007864000000000001   0   0   0   5.968900129120006e12   0   0
0.0078878   0   0   0   5.772415034313431e12   0   0
0.007911600000000001   0   0   0   5.581898275112518e12   0   0
0.0079354   0   0   0   5.397186405759234e12   0   0
0.007959200000000001   0   0   0   5.218119849333177e12   0   0
0.007983   0   0   0   5.044542825903459e12   0   0
0.008006800000000001   0   0   0   4.87630328139047e12   0   0
0.0080306   0   0   0   4.713252817151622e12   0   0
0.008054400000000001   0   0   0   4.555246620303913e12   0   0
0.0080782   0   0   0   4.402143394796027e12   0   0
0.008102000000000001   0   0   0   4.2538052932405806e12   0   0
0.0081258   0   0   0   4.110097849517792e12   0   0
0.008149600000000001   0   0   0   3.9708899121595156e12   0   0
0.0081734   0   0   0   3.8360535785231177e12   0   0
0.008197200000000001   0   0   0   3.705464129762784e12   0   0
0.008221   0   0   0   3.578999966605852e12   0   0
0.0082448   0   0   0   3.456542545940563e12   0   0
0.0082686   0   0   0   3.3379763182212925e12   0   0
0.0082924   0   0   0   3.223188665696133e12   0   0
0.008316200000000001   0   0   0   3.1120698414614287e12   0   0
0.00834   0   0   0   3.004512909347097e12   0   0
0.008363800000000001   0   0   0   2.9004136846357725e12   0   0
0.0083876   0   0   0   2.799670675618417e12   0   0
0.008411400000000001   0   0   0   2.7021850259882227e12   0   0
0.0084352   0   0   0   2.6078604580742266e12   0   0
0.008459000000000001   0   0   0   2.516603216915401e12   0   0
0.0084828   0   0   0   2.4283220151754746e12   0   0
0.008506600000000001   0   0   0   2.3429279788981045e12   0   0
0.0085304   0   0   0   2.260334594101761e12   0   0
0.008554200000000001   0   0   0   2.1804576542128994e12   0   0
0.008578   0   0   0   2.103215208335768e12   0   0
0.008601800000000001   0   0   0   2.028527510356553e12   0   0
0.0086256   0   0   0   1.956316968879288e12   0   0
0.008649400000000001   0   0   0   1.8865080979904473e12   0   0
0.0086732   0   0   0   1.8190274688487673e12   0   0
0.008697000000000001   0   0   0   1.7538036620963958e12   0   0
0.0087208   0   0   0   1.6907672210872341e12   0   0
0.008744600000000001   0   0   0   1.629850605927865e12   0   0
0.0087684   0   0   0   1.5709881483261663e12   0   0
0.008792200000000001   0   0   0   1.5141160072423503e12   0   0
0.008816   0   0   0   1.4591721253370012e12   0   0
0.0088398   0   0   0   1.406096186210155e12   0   0
0.008863600000000002   0   0   0   1.3548295724254404e12   0   0
0.0088874   0   0   0   1.3053153243128694e12   0   0
0.008911200000000001   0   0   0   1.2574980995436343e12   0   0
0.008935   0   0   0   1.2113241334701987e12   0   0
0.008958800000000002   0   0   0   1.1667412002244404e12   0   0
0.0089826   0   0   0   1.1236985745667659e12   0   0
0.009006400000000001   0   0   0   1.0821469944785361e12   0   0
0.0090302   0   0   0   1.0420386244903821e12   0   0
0.009054000000000003   0   0   0   1.0033270197383634e12   0   0
0.0090778   0   0   0   9.659670907401697e11   0   0
0.009101600000000001   0   0   0   9.299150688831233e11   0   0
0.0091254   0   0   0   8.951284726158337e11   0   0
0.009149200000000003   0   0   0   8.615660743349918e11   0   0
0.009173   0   0   0   8.29187867958925e11   0   0
0.009196800000000001   0   0   0   7.979550371792048e11   0   0
0.0092206   0   0   0   7.678299243817156e11   0   0
0.009244400000000003   0   0   0   7.387760002282812e11   0   0
0.0092682   0   0   0   7.107578338901085e11   0   0
0.009292000000000001   0   0   0   6.837410639240082e11   0   0
0.0093158   0   0   0   6.576923697825249e11   0   0
0.009339600000000003   0   0   0   6.325794439488407e11   0   0
0.0093634   0   0   0   6.083709646874537e11   0   0
0.009387200000000001   0   0   0   5.850365694014597e11   0   0
0.009411000000000001   0   0   0   5.62546828587389e11   0   0
0.009434800000000003   0   0   0   5.408732203783534e11   0   0
0.009458600000000001   0   0   0   5.199881056664212e11   0   0
0.0094824   0   0   0   4.9986470379499194e11   0   0
0.009506200000000001   0   0   0   4.8047706881207477e11   0   0
0.009530000000000002   0   0   0   4.6180006627525397e11   0   0
0.009553800000000001   0   0   0   4.4380935059923456e11   0   0
0.0095776   0   0   0   4.2648134293685724e11   0   0
0.009601400000000001   0   0   0   4.0979320958446484e11   0   0
0.0096252   0   0   0   3.9372284090259265e11   0   0
0.009649000000000001   0   0   0   3.782488307429167e11   0   0
0.0096728   0   0   0   3.6335045637253735e11   0   0
0.009696600000000001   0   0   0   3.4900765888659924e11   0   0
0.0097204   0   0   0   3.3520102410042035e11   0   0
0.009744200000000001   0   0   0   3.2191176391225415e11   0   0
0.009768   0   0   0   3.091216981279622e11   0   0
0.009791800000000001   0   0   0   2.9681323673883997e11   0   0
0.0098156   0   0   0   2.8496936264400446e11   0   0
0.009839400000000001   0   0   0   2.7357361480872986e11   0   0
0.0098632   0   0   0   2.6261007185027643e11   0   0
0.009887000000000001   0   0   0   2.5206333604275388e11   0   0
0.0099108   0   0   0   2.4191851773270535e11   0   0
0.009934600000000001   0   0   0   2.3216122015713104e11   0   0
0.0099584   0   0   0   2.2277752465580386e11   0   0
0.009982200000000001   0   0   0   2.1375397626975308e11   0   0
0.010006   0   0   0   2.0507756971795032e11   0   0
0.0100298   0   0   0   1.967357357442574e11   0   0
0.0100536   0   0   0   1.887163278268572e11   0   0
0.0100774   0   0   0   1.8100760924240283e11   0   0
0.0101012   0   0   0   1.7359824047729736e11   0   0
0.010125   0   0   0   1.6647726697855283e11   0   0
0.0101488   0   0   0   1.596341072368092e11   0   0
0.0101726   0   0   0   1.530585411941838e11   0   0
0.0101964   0   0   0   1.467406989697148e11   0   0
0.0102202   0   0   0   1.4067104989528455e11   0   0
0.010244   0   0   0   1.3484039185499174e11   0   0
0.0102678   0   0   0   1.292398409210561e11   0   0
0.0102916   0   0   0   1.238608212794325e11   0   0
0.0103154   0   0   0   1.186950554384329e11   0   0
0.0103392   0   0   0   1.1373455471374489e11   0   0
0.010363   0   0   0   1.0897160998334439e11   0   0
0.0103868   0   0   0   1.0439878270590567e11   0   0
0.0104106   0   0   0   1.0000889619642348e11   0   0
0.0104344   0   0   0   9.579502715285583e10   0   0
0.0104582   0   0   0   9.175049742771336e10   0   0
0.010482   0   0   0   8.78688660386131e10   0   0
0.0105058   0   0   0   8.414392141193497e10   0   0
0.0105296   0   0   0   8.056967385381061e10   0   0
0.0105534   0   0   0   7.714034824278685e10   0   0
0.0105772   0   0   0   7.385037693860315e10   0   0
0.010601   0   0   0   7.069439290163368e10   0   0
0.0106248   0   0   0   6.766722301763979e10   0   0
0.0106486   0   0   0   6.476388162258666e10   0   0
0.0106724   0   0   0   6.19795642223736e10   0   0
0.0106962   0   0   0   5.930964140243341e10   0   0
0.01072   0   0   0   5.674965292225696e10   0   0
0.0107438   0   0   0   5.429530198998695e10   0   0
0.0107676   0   0   0   5.1942449712341866e10   0   0
0.0107914   0   0   0   4.968710971520842e10   0   0
0.0108152   0   0   0   4.752544293035667e10   0   0
0.010839   0   0   0   4.545375254380766e10   0   0
0.0108628   0   0   0   4.346847910149583e10   0   0
0.0108866   0   0   0   4.1566195767948074e10   0   0
0.0109104   0   0   0   3.974360373380463e10   0   0
0.0109342   0   0   0   3.799752776808765e10   0   0
0.010958   0   0   0   3.632491191122257e10   0   0
0.0109818   0   0   0   3.472281530489866e10   0   0
0.0110056   0   0   0   3.31884081549525e10   0   0
0.0110294   0   0   0   3.1718967823531284e10   0   0
0.0110532   0   0   0   3.0311875046892735e10   0   0
0.011077   0   0   0   2.8964610275269615e10   0   0
0.0111008   0   0   0   2.7674750131322567e10   0   0
0.0111246   0   0   0   2.6439963983772602e10   0   0
0.0111484   0   0   0   2.5258010632899464e10   0   0
0.0111722   0   0   0   2.4126735104658306e10   0   0
0.011196   0   0   0   2.3044065550256134e10   0   0
0.0112198   0   0   0   2.200801024809725e10   0   0
0.0112436   0   0   0   2.1016654705089394e10   0   0
0.0112674   0   0   0   2.006815885437008e10   0   0
0.0112912   0   0   0   1.9160754346592308e10   0   0
0.011315   0   0   0   1.829274193197435e10   0   0
0.0113388   0   0   0   1.7462488930391426e10   0   0
0.0113626   0   0   0   1.66684267868576e10   0   0
0.0113864   0   0   0   1.5909048709810692e10   0   0
0.0114102   0   0   0   1.518290738968206e10   0   0
0.011434   0   0   0   1.4488612795296808e10   0   0
0.0114578   0   0   0   1.3824830045716558e10   0   0
0.0114816   0   0   0   1.319027735519545e10   0   0
0.0115054   0   0   0   1.2583724048986341e10   0   0
0.0115292   0   0   0   1.2003988647790436e10   0   0
0.011553   0   0   0   1.1449937018706215e10   0   0
0.0115768   0   0   0   1.0920480590587908e10   0   0
0.0116006   0   0   0   1.0414574631784e10   0   0
0.0116244   0   0   0   9.931216588277863e9   0   0
0.0116482   0   0   0   9.469444480311817e9   0   0
0.011672   0   0   0   9.028335355623232e9   0   0
0.0116958   0   0   0   8.607003797478998e9   0   0
0.0117196   0   0   0   8.20460048574085e9   0   0
0.0117434   0   0   0   7.820310809247363e9   0   0
0.0117672   0   0   0   7.453353527844266e9   0   0
0.011791   0   0   0   7.102979482444276e9   0   0
0.0118148   0   0   0   6.768470351542343e9   0   0
0.0118386   0   0   0   6.449137452659676e9   0   0
0.0118624   0   0   0   6.144320587231273e9   0   0
0.0118862   0   0   0   5.85338692749815e9   0   0
0.01191   0   0   0   5.57572994400485e9   0   0