# The EFT production coefficients relevant for Ds decay. 
# columns are the same as in GLoBES flux files:
#
#            Production coefficient
#   E/GeV     LL interaction |  LR interaction |  LS interaction |  LP interaction |  LT interaction |  RL interaction |  RR interaction |  RS interaction |  RP interaction |  RT interaction |  SL interaction |  SR interaction |  SS interaction |  SP interaction |  ST interaction |  PL interaction |  PR interaction |  PS interaction |  PP interaction |  PT interaction |  TL interaction |  TR interaction |  TS interaction |  TP interaction |  TT interaction |
#              e   mu  tau  eBar muBar tauBar |  e    mu   tau  eBar muBar tauBar  |  e    mu   tau  eBar muBar tauBar  |  e    mu   tau  eBar muBar tauBar  |  e    mu   tau  eBar muBar tauBar  |  e    mu   tau  eBar muBar tauBar  |  e    mu   tau  eBar muBar tauBar  |  e    mu   tau  eBar muBar tauBar  |  e    mu   tau  eBar muBar tauBar  |  e    mu   tau  eBar muBar tauBar  |  e    mu   tau  eBar muBar tauBar  |  e    mu   tau  eBar muBar tauBar  |  e    mu   tau  eBar muBar tauBar  |  e    mu   tau  eBar muBar tauBar  |  e    mu   tau  eBar muBar tauBar |  e    mu   tau  eBar muBar tauBar  |  e    mu   tau  eBar muBar tauBar  |  e    mu   tau  eBar muBar tauBar  |  e    mu   tau  eBar muBar tauBar  |  e    mu   tau  eBar muBar tauBar  |  e    mu   tau  eBar muBar tauBar  |  e    mu   tau  eBar muBar tauBar  |  e    mu   tau  eBar muBar tauBar  |  e    mu   tau  eBar muBar tauBar  |  e    mu   tau  eBar muBar tauBar  |
0.125	1.	1.	1.	1.	1.	1.	-1.	-1.	-1.	-1.	-1.	-1.	0.	0.	0.	0.	0.	0.	-5522.570657334482	-26.70908102867046	-1.588210710650959	-5522.570657334482	-26.70908102867046	-1.588210710650959	0.	0.	0.	0.	0.	0.	1.	1.	1.	1.	1.	1.	1.	1.	1.	1.	1.	1.	5522.570657334482	26.70908102867046	1.588210710650959	5522.570657334482	26.70908102867046	1.588210710650959	0.	0.	0.	0.	0.	0.	0.	0.	0.	0.	0.	0.	0.	0.	0.	0.	0.	0.	0.	0.	0.	0.	0.	0.	0.	0.	0.	0.	0.	0.	0.	0.	0.	0.	0.	0.	0.	0.	0.	0.	0.	0.	-5522.570657334482	-26.70908102867046	-1.588210710650959	-5522.570657334482	-26.70908102867046	-1.588210710650959	5522.570657334482	26.70908102867046	1.588210710650959	5522.570657334482	26.70908102867046	1.588210710650959	0.	0.	0.	0.	0.	0.	3.049878666525181e7	713.3750093960841	2.5224132614264247	3.049878666525181e7	713.3750093960841	2.5224132614264247	0.	0.	0.	0.	0.	0.	0.	0.	0.	0.	0.	0.	0.	0.	0.	0.	0.	0.	0.	0.	0.	0.	0.	0.	0.	0.	0.	0.	0.	0.	0.	0.	0.	0.	0.	0.
0.25	1.	1.	1.	1.	1.	1.	-1.	-1.	-1.	-1.	-1.	-1.	0.	0.	0.	0.	0.	0.	-5522.570657334482	-26.70908102867046	-1.588210710650959	-5522.570657334482	-26.70908102867046	-1.588210710650959	0.	0.	0.	0.	0.	0.	1.	1.	1.	1.	1.	1.	1.	1.	1.	1.	1.	1.	5522.570657334482	26.70908102867046	1.588210710650959	5522.570657334482	26.70908102867046	1.588210710650959	0.	0.	0.	0.	0.	0.	0.	0.	0.	0.	0.	0.	0.	0.	0.	0.	0.	0.	0.	0.	0.	0.	0.	0.	0.	0.	0.	0.	0.	0.	0.	0.	0.	0.	0.	0.	0.	0.	0.	0.	0.	0.	-5522.570657334482	-26.70908102867046	-1.588210710650959	-5522.570657334482	-26.70908102867046	-1.588210710650959	5522.570657334482	26.70908102867046	1.588210710650959	5522.570657334482	26.70908102867046	1.588210710650959	0.	0.	0.	0.	0.	0.	3.049878666525181e7	713.3750093960841	2.5224132614264247	3.049878666525181e7	713.3750093960841	2.5224132614264247	0.	0.	0.	0.	0.	0.	0.	0.	0.	0.	0.	0.	0.	0.	0.	0.	0.	0.	0.	0.	0.	0.	0.	0.	0.	0.	0.	0.	0.	0.	0.	0.	0.	0.	0.	0.
0.375	1.	1.	1.	1.	1.	1.	-1.	-1.	-1.	-1.	-1.	-1.	0.	0.	0.	0.	0.	0.	-5522.570657334482	-26.70908102867046	-1.588210710650959	-5522.570657334482	-26.70908102867046	-1.588210710650959	0.	0.	0.	0.	0.	0.	1.	1.	1.	1.	1.	1.	1.	1.	1.	1.	1.	1.	5522.570657334482	26.70908102867046	1.588210710650959	5522.570657334482	26.70908102867046	1.588210710650959	0.	0.	0.	0.	0.	0.	0.	0.	0.	0.	0.	0.	0.	0.	0.	0.	0.	0.	0.	0.	0.	0.	0.	0.	0.	0.	0.	0.	0.	0.	0.	0.	0.	0.	0.	0.	0.	0.	0.	0.	0.	0.	-5522.570657334482	-26.70908102867046	-1.588210710650959	-5522.570657334482	-26.70908102867046	-1.588210710650959	5522.570657334482	26.70908102867046	1.588210710650959	5522.570657334482	26.70908102867046	1.588210710650959	0.	0.	0.	0.	0.	0.	3.049878666525181e7	713.3750093960841	2.5224132614264247	3.049878666525181e7	713.3750093960841	2.5224132614264247	0.	0.	0.	0.	0.	0.	0.	0.	0.	0.	0.	0.	0.	0.	0.	0.	0.	0.	0.	0.	0.	0.	0.	0.	0.	0.	0.	0.	0.	0.	0.	0.	0.	0.	0.	0.
0.5	1.	1.	1.	1.	1.	1.	-1.	-1.	-1.	-1.	-1.	-1.	0.	0.	0.	0.	0.	0.	-5522.570657334482	-26.70908102867046	-1.588210710650959	-5522.570657334482	-26.70908102867046	-1.588210710650959	0.	0.	0.	0.	0.	0.	1.	1.	1.	1.	1.	1.	1.	1.	1.	1.	1.	1.	5522.570657334482	26.70908102867046	1.588210710650959	5522.570657334482	26.70908102867046	1.588210710650959	0.	0.	0.	0.	0.	0.	0.	0.	0.	0.	0.	0.	0.	0.	0.	0.	0.	0.	0.	0.	0.	0.	0.	0.	0.	0.	0.	0.	0.	0.	0.	0.	0.	0.	0.	0.	0.	0.	0.	0.	0.	0.	-5522.570657334482	-26.70908102867046	-1.588210710650959	-5522.570657334482	-26.70908102867046	-1.588210710650959	5522.570657334482	26.70908102867046	1.588210710650959	5522.570657334482	26.70908102867046	1.588210710650959	0.	0.	0.	0.	0.	0.	3.049878666525181e7	713.3750093960841	2.5224132614264247	3.049878666525181e7	713.3750093960841	2.5224132614264247	0.	0.	0.	0.	0.	0.	0.	0.	0.	0.	0.	0.	0.	0.	0.	0.	0.	0.	0.	0.	0.	0.	0.	0.	0.	0.	0.	0.	0.	0.	0.	0.	0.	0.	0.	0.
0.625	1.	1.	1.	1.	1.	1.	-1.	-1.	-1.	-1.	-1.	-1.	0.	0.	0.	0.	0.	0.	-5522.570657334482	-26.70908102867046	-1.588210710650959	-5522.570657334482	-26.70908102867046	-1.588210710650959	0.	0.	0.	0.	0.	0.	1.	1.	1.	1.	1.	1.	1.	1.	1.	1.	1.	1.	5522.570657334482	26.70908102867046	1.588210710650959	5522.570657334482	26.70908102867046	1.588210710650959	0.	0.	0.	0.	0.	0.	0.	0.	0.	0.	0.	0.	0.	0.	0.	0.	0.	0.	0.	0.	0.	0.	0.	0.	0.	0.	0.	0.	0.	0.	0.	0.	0.	0.	0.	0.	0.	0.	0.	0.	0.	0.	-5522.570657334482	-26.70908102867046	-1.588210710650959	-5522.570657334482	-26.70908102867046	-1.588210710650959	5522.570657334482	26.70908102867046	1.588210710650959	5522.570657334482	26.70908102867046	1.588210710650959	0.	0.	0.	0.	0.	0.	3.049878666525181e7	713.3750093960841	2.5224132614264247	3.049878666525181e7	713.3750093960841	2.5224132614264247	0.	0.	0.	0.	0.	0.	0.	0.	0.	0.	0.	0.	0.	0.	0.	0.	0.	0.	0.	0.	0.	0.	0.	0.	0.	0.	0.	0.	0.	0.	0.	0.	0.	0.	0.	0.
0.75	1.	1.	1.	1.	1.	1.	-1.	-1.	-1.	-1.	-1.	-1.	0.	0.	0.	0.	0.	0.	-5522.570657334482	-26.70908102867046	-1.588210710650959	-5522.570657334482	-26.70908102867046	-1.588210710650959	0.	0.	0.	0.	0.	0.	1.	1.	1.	1.	1.	1.	1.	1.	1.	1.	1.	1.	5522.570657334482	26.70908102867046	1.588210710650959	5522.570657334482	26.70908102867046	1.588210710650959	0.	0.	0.	0.	0.	0.	0.	0.	0.	0.	0.	0.	0.	0.	0.	0.	0.	0.	0.	0.	0.	0.	0.	0.	0.	0.	0.	0.	0.	0.	0.	0.	0.	0.	0.	0.	0.	0.	0.	0.	0.	0.	-5522.570657334482	-26.70908102867046	-1.588210710650959	-5522.570657334482	-26.70908102867046	-1.588210710650959	5522.570657334482	26.70908102867046	1.588210710650959	5522.570657334482	26.70908102867046	1.588210710650959	0.	0.	0.	0.	0.	0.	3.049878666525181e7	713.3750093960841	2.5224132614264247	3.049878666525181e7	713.3750093960841	2.5224132614264247	0.	0.	0.	0.	0.	0.	0.	0.	0.	0.	0.	0.	0.	0.	0.	0.	0.	0.	0.	0.	0.	0.	0.	0.	0.	0.	0.	0.	0.	0.	0.	0.	0.	0.	0.	0.
0.875	1.	1.	1.	1.	1.	1.	-1.	-1.	-1.	-1.	-1.	-1.	0.	0.	0.	0.	0.	0.	-5522.570657334482	-26.70908102867046	-1.588210710650959	-5522.570657334482	-26.70908102867046	-1.588210710650959	0.	0.	0.	0.	0.	0.	1.	1.	1.	1.	1.	1.	1.	1.	1.	1.	1.	1.	5522.570657334482	26.70908102867046	1.588210710650959	5522.570657334482	26.70908102867046	1.588210710650959	0.	0.	0.	0.	0.	0.	0.	0.	0.	0.	0.	0.	0.	0.	0.	0.	0.	0.	0.	0.	0.	0.	0.	0.	0.	0.	0.	0.	0.	0.	0.	0.	0.	0.	0.	0.	0.	0.	0.	0.	0.	0.	-5522.570657334482	-26.70908102867046	-1.588210710650959	-5522.570657334482	-26.70908102867046	-1.588210710650959	5522.570657334482	26.70908102867046	1.588210710650959	5522.570657334482	26.70908102867046	1.588210710650959	0.	0.	0.	0.	0.	0.	3.049878666525181e7	713.3750093960841	2.5224132614264247	3.049878666525181e7	713.3750093960841	2.5224132614264247	0.	0.	0.	0.	0.	0.	0.	0.	0.	0.	0.	0.	0.	0.	0.	0.	0.	0.	0.	0.	0.	0.	0.	0.	0.	0.	0.	0.	0.	0.	0.	0.	0.	0.	0.	0.
1.	1.	1.	1.	1.	1.	1.	-1.	-1.	-1.	-1.	-1.	-1.	0.	0.	0.	0.	0.	0.	-5522.570657334482	-26.70908102867046	-1.588210710650959	-5522.570657334482	-26.70908102867046	-1.588210710650959	0.	0.	0.	0.	0.	0.	1.	1.	1.	1.	1.	1.	1.	1.	1.	1.	1.	1.	5522.570657334482	26.70908102867046	1.588210710650959	5522.570657334482	26.70908102867046	1.588210710650959	0.	0.	0.	0.	0.	0.	0.	0.	0.	0.	0.	0.	0.	0.	0.	0.	0.	0.	0.	0.	0.	0.	0.	0.	0.	0.	0.	0.	0.	0.	0.	0.	0.	0.	0.	0.	0.	0.	0.	0.	0.	0.	-5522.570657334482	-26.70908102867046	-1.588210710650959	-5522.570657334482	-26.70908102867046	-1.588210710650959	5522.570657334482	26.70908102867046	1.588210710650959	5522.570657334482	26.70908102867046	1.588210710650959	0.	0.	0.	0.	0.	0.	3.049878666525181e7	713.3750093960841	2.5224132614264247	3.049878666525181e7	713.3750093960841	2.5224132614264247	0.	0.	0.	0.	0.	0.	0.	0.	0.	0.	0.	0.	0.	0.	0.	0.	0.	0.	0.	0.	0.	0.	0.	0.	0.	0.	0.	0.	0.	0.	0.	0.	0.	0.	0.	0.
1.125	1.	1.	1.	1.	1.	1.	-1.	-1.	-1.	-1.	-1.	-1.	0.	0.	0.	0.	0.	0.	-5522.570657334482	-26.70908102867046	-1.588210710650959	-5522.570657334482	-26.70908102867046	-1.588210710650959	0.	0.	0.	0.	0.	0.	1.	1.	1.	1.	1.	1.	1.	1.	1.	1.	1.	1.	5522.570657334482	26.70908102867046	1.588210710650959	5522.570657334482	26.70908102867046	1.588210710650959	0.	0.	0.	0.	0.	0.	0.	0.	0.	0.	0.	0.	0.	0.	0.	0.	0.	0.	0.	0.	0.	0.	0.	0.	0.	0.	0.	0.	0.	0.	0.	0.	0.	0.	0.	0.	0.	0.	0.	0.	0.	0.	-5522.570657334482	-26.70908102867046	-1.588210710650959	-5522.570657334482	-26.70908102867046	-1.588210710650959	5522.570657334482	26.70908102867046	1.588210710650959	5522.570657334482	26.70908102867046	1.588210710650959	0.	0.	0.	0.	0.	0.	3.049878666525181e7	713.3750093960841	2.5224132614264247	3.049878666525181e7	713.3750093960841	2.5224132614264247	0.	0.	0.	0.	0.	0.	0.	0.	0.	0.	0.	0.	0.	0.	0.	0.	0.	0.	0.	0.	0.	0.	0.	0.	0.	0.	0.	0.	0.	0.	0.	0.	0.	0.	0.	0.
1.25	1.	1.	1.	1.	1.	1.	-1.	-1.	-1.	-1.	-1.	-1.	0.	0.	0.	0.	0.	0.	-5522.570657334482	-26.70908102867046	-1.588210710650959	-5522.570657334482	-26.70908102867046	-1.588210710650959	0.	0.	0.	0.	0.	0.	1.	1.	1.	1.	1.	1.	1.	1.	1.	1.	1.	1.	5522.570657334482	26.70908102867046	1.588210710650959	5522.570657334482	26.70908102867046	1.588210710650959	0.	0.	0.	0.	0.	0.	0.	0.	0.	0.	0.	0.	0.	0.	0.	0.	0.	0.	0.	0.	0.	0.	0.	0.	0.	0.	0.	0.	0.	0.	0.	0.	0.	0.	0.	0.	0.	0.	0.	0.	0.	0.	-5522.570657334482	-26.70908102867046	-1.588210710650959	-5522.570657334482	-26.70908102867046	-1.588210710650959	5522.570657334482	26.70908102867046	1.588210710650959	5522.570657334482	26.70908102867046	1.588210710650959	0.	0.	0.	0.	0.	0.	3.049878666525181e7	713.3750093960841	2.5224132614264247	3.049878666525181e7	713.3750093960841	2.5224132614264247	0.	0.	0.	0.	0.	0.	0.	0.	0.	0.	0.	0.	0.	0.	0.	0.	0.	0.	0.	0.	0.	0.	0.	0.	0.	0.	0.	0.	0.	0.	0.	0.	0.	0.	0.	0.
1.375	1.	1.	1.	1.	1.	1.	-1.	-1.	-1.	-1.	-1.	-1.	0.	0.	0.	0.	0.	0.	-5522.570657334482	-26.70908102867046	-1.588210710650959	-5522.570657334482	-26.70908102867046	-1.588210710650959	0.	0.	0.	0.	0.	0.	1.	1.	1.	1.	1.	1.	1.	1.	1.	1.	1.	1.	5522.570657334482	26.70908102867046	1.588210710650959	5522.570657334482	26.70908102867046	1.588210710650959	0.	0.	0.	0.	0.	0.	0.	0.	0.	0.	0.	0.	0.	0.	0.	0.	0.	0.	0.	0.	0.	0.	0.	0.	0.	0.	0.	0.	0.	0.	0.	0.	0.	0.	0.	0.	0.	0.	0.	0.	0.	0.	-5522.570657334482	-26.70908102867046	-1.588210710650959	-5522.570657334482	-26.70908102867046	-1.588210710650959	5522.570657334482	26.70908102867046	1.588210710650959	5522.570657334482	26.70908102867046	1.588210710650959	0.	0.	0.	0.	0.	0.	3.049878666525181e7	713.3750093960841	2.5224132614264247	3.049878666525181e7	713.3750093960841	2.5224132614264247	0.	0.	0.	0.	0.	0.	0.	0.	0.	0.	0.	0.	0.	0.	0.	0.	0.	0.	0.	0.	0.	0.	0.	0.	0.	0.	0.	0.	0.	0.	0.	0.	0.	0.	0.	0.
1.5	1.	1.	1.	1.	1.	1.	-1.	-1.	-1.	-1.	-1.	-1.	0.	0.	0.	0.	0.	0.	-5522.570657334482	-26.70908102867046	-1.588210710650959	-5522.570657334482	-26.70908102867046	-1.588210710650959	0.	0.	0.	0.	0.	0.	1.	1.	1.	1.	1.	1.	1.	1.	1.	1.	1.	1.	5522.570657334482	26.70908102867046	1.588210710650959	5522.570657334482	26.70908102867046	1.588210710650959	0.	0.	0.	0.	0.	0.	0.	0.	0.	0.	0.	0.	0.	0.	0.	0.	0.	0.	0.	0.	0.	0.	0.	0.	0.	0.	0.	0.	0.	0.	0.	0.	0.	0.	0.	0.	0.	0.	0.	0.	0.	0.	-5522.570657334482	-26.70908102867046	-1.588210710650959	-5522.570657334482	-26.70908102867046	-1.588210710650959	5522.570657334482	26.70908102867046	1.588210710650959	5522.570657334482	26.70908102867046	1.588210710650959	0.	0.	0.	0.	0.	0.	3.049878666525181e7	713.3750093960841	2.5224132614264247	3.049878666525181e7	713.3750093960841	2.5224132614264247	0.	0.	0.	0.	0.	0.	0.	0.	0.	0.	0.	0.	0.	0.	0.	0.	0.	0.	0.	0.	0.	0.	0.	0.	0.	0.	0.	0.	0.	0.	0.	0.	0.	0.	0.	0.
1.625	1.	1.	1.	1.	1.	1.	-1.	-1.	-1.	-1.	-1.	-1.	0.	0.	0.	0.	0.	0.	-5522.570657334482	-26.70908102867046	-1.588210710650959	-5522.570657334482	-26.70908102867046	-1.588210710650959	0.	0.	0.	0.	0.	0.	1.	1.	1.	1.	1.	1.	1.	1.	1.	1.	1.	1.	5522.570657334482	26.70908102867046	1.588210710650959	5522.570657334482	26.70908102867046	1.588210710650959	0.	0.	0.	0.	0.	0.	0.	0.	0.	0.	0.	0.	0.	0.	0.	0.	0.	0.	0.	0.	0.	0.	0.	0.	0.	0.	0.	0.	0.	0.	0.	0.	0.	0.	0.	0.	0.	0.	0.	0.	0.	0.	-5522.570657334482	-26.70908102867046	-1.588210710650959	-5522.570657334482	-26.70908102867046	-1.588210710650959	5522.570657334482	26.70908102867046	1.588210710650959	5522.570657334482	26.70908102867046	1.588210710650959	0.	0.	0.	0.	0.	0.	3.049878666525181e7	713.3750093960841	2.5224132614264247	3.049878666525181e7	713.3750093960841	2.5224132614264247	0.	0.	0.	0.	0.	0.	0.	0.	0.	0.	0.	0.	0.	0.	0.	0.	0.	0.	0.	0.	0.	0.	0.	0.	0.	0.	0.	0.	0.	0.	0.	0.	0.	0.	0.	0.
1.75	1.	1.	1.	1.	1.	1.	-1.	-1.	-1.	-1.	-1.	-1.	0.	0.	0.	0.	0.	0.	-5522.570657334482	-26.70908102867046	-1.588210710650959	-5522.570657334482	-26.70908102867046	-1.588210710650959	0.	0.	0.	0.	0.	0.	1.	1.	1.	1.	1.	1.	1.	1.	1.	1.	1.	1.	5522.570657334482	26.70908102867046	1.588210710650959	5522.570657334482	26.70908102867046	1.588210710650959	0.	0.	0.	0.	0.	0.	0.	0.	0.	0.	0.	0.	0.	0.	0.	0.	0.	0.	0.	0.	0.	0.	0.	0.	0.	0.	0.	0.	0.	0.	0.	0.	0.	0.	0.	0.	0.	0.	0.	0.	0.	0.	-5522.570657334482	-26.70908102867046	-1.588210710650959	-5522.570657334482	-26.70908102867046	-1.588210710650959	5522.570657334482	26.70908102867046	1.588210710650959	5522.570657334482	26.70908102867046	1.588210710650959	0.	0.	0.	0.	0.	0.	3.049878666525181e7	713.3750093960841	2.5224132614264247	3.049878666525181e7	713.3750093960841	2.5224132614264247	0.	0.	0.	0.	0.	0.	0.	0.	0.	0.	0.	0.	0.	0.	0.	0.	0.	0.	0.	0.	0.	0.	0.	0.	0.	0.	0.	0.	0.	0.	0.	0.	0.	0.	0.	0.
1.875	1.	1.	1.	1.	1.	1.	-1.	-1.	-1.	-1.	-1.	-1.	0.	0.	0.	0.	0.	0.	-5522.570657334482	-26.70908102867046	-1.588210710650959	-5522.570657334482	-26.70908102867046	-1.588210710650959	0.	0.	0.	0.	0.	0.	1.	1.	1.	1.	1.	1.	1.	1.	1.	1.	1.	1.	5522.570657334482	26.70908102867046	1.588210710650959	5522.570657334482	26.70908102867046	1.588210710650959	0.	0.	0.	0.	0.	0.	0.	0.	0.	0.	0.	0.	0.	0.	0.	0.	0.	0.	0.	0.	0.	0.	0.	0.	0.	0.	0.	0.	0.	0.	0.	0.	0.	0.	0.	0.	0.	0.	0.	0.	0.	0.	-5522.570657334482	-26.70908102867046	-1.588210710650959	-5522.570657334482	-26.70908102867046	-1.588210710650959	5522.570657334482	26.70908102867046	1.588210710650959	5522.570657334482	26.70908102867046	1.588210710650959	0.	0.	0.	0.	0.	0.	3.049878666525181e7	713.3750093960841	2.5224132614264247	3.049878666525181e7	713.3750093960841	2.5224132614264247	0.	0.	0.	0.	0.	0.	0.	0.	0.	0.	0.	0.	0.	0.	0.	0.	0.	0.	0.	0.	0.	0.	0.	0.	0.	0.	0.	0.	0.	0.	0.	0.	0.	0.	0.	0.
2.	1.	1.	1.	1.	1.	1.	-1.	-1.	-1.	-1.	-1.	-1.	0.	0.	0.	0.	0.	0.	-5522.570657334482	-26.70908102867046	-1.588210710650959	-5522.570657334482	-26.70908102867046	-1.588210710650959	0.	0.	0.	0.	0.	0.	1.	1.	1.	1.	1.	1.	1.	1.	1.	1.	1.	1.	5522.570657334482	26.70908102867046	1.588210710650959	5522.570657334482	26.70908102867046	1.588210710650959	0.	0.	0.	0.	0.	0.	0.	0.	0.	0.	0.	0.	0.	0.	0.	0.	0.	0.	0.	0.	0.	0.	0.	0.	0.	0.	0.	0.	0.	0.	0.	0.	0.	0.	0.	0.	0.	0.	0.	0.	0.	0.	-5522.570657334482	-26.70908102867046	-1.588210710650959	-5522.570657334482	-26.70908102867046	-1.588210710650959	5522.570657334482	26.70908102867046	1.588210710650959	5522.570657334482	26.70908102867046	1.588210710650959	0.	0.	0.	0.	0.	0.	3.049878666525181e7	713.3750093960841	2.5224132614264247	3.049878666525181e7	713.3750093960841	2.5224132614264247	0.	0.	0.	0.	0.	0.	0.	0.	0.	0.	0.	0.	0.	0.	0.	0.	0.	0.	0.	0.	0.	0.	0.	0.	0.	0.	0.	0.	0.	0.	0.	0.	0.	0.	0.	0.
2.125	1.	1.	1.	1.	1.	1.	-1.	-1.	-1.	-1.	-1.	-1.	0.	0.	0.	0.	0.	0.	-5522.570657334482	-26.70908102867046	-1.588210710650959	-5522.570657334482	-26.70908102867046	-1.588210710650959	0.	0.	0.	0.	0.	0.	1.	1.	1.	1.	1.	1.	1.	1.	1.	1.	1.	1.	5522.570657334482	26.70908102867046	1.588210710650959	5522.570657334482	26.70908102867046	1.588210710650959	0.	0.	0.	0.	0.	0.	0.	0.	0.	0.	0.	0.	0.	0.	0.	0.	0.	0.	0.	0.	0.	0.	0.	0.	0.	0.	0.	0.	0.	0.	0.	0.	0.	0.	0.	0.	0.	0.	0.	0.	0.	0.	-5522.570657334482	-26.70908102867046	-1.588210710650959	-5522.570657334482	-26.70908102867046	-1.588210710650959	5522.570657334482	26.70908102867046	1.588210710650959	5522.570657334482	26.70908102867046	1.588210710650959	0.	0.	0.	0.	0.	0.	3.049878666525181e7	713.3750093960841	2.5224132614264247	3.049878666525181e7	713.3750093960841	2.5224132614264247	0.	0.	0.	0.	0.	0.	0.	0.	0.	0.	0.	0.	0.	0.	0.	0.	0.	0.	0.	0.	0.	0.	0.	0.	0.	0.	0.	0.	0.	0.	0.	0.	0.	0.	0.	0.
2.25	1.	1.	1.	1.	1.	1.	-1.	-1.	-1.	-1.	-1.	-1.	0.	0.	0.	0.	0.	0.	-5522.570657334482	-26.70908102867046	-1.588210710650959	-5522.570657334482	-26.70908102867046	-1.588210710650959	0.	0.	0.	0.	0.	0.	1.	1.	1.	1.	1.	1.	1.	1.	1.	1.	1.	1.	5522.570657334482	26.70908102867046	1.588210710650959	5522.570657334482	26.70908102867046	1.588210710650959	0.	0.	0.	0.	0.	0.	0.	0.	0.	0.	0.	0.	0.	0.	0.	0.	0.	0.	0.	0.	0.	0.	0.	0.	0.	0.	0.	0.	0.	0.	0.	0.	0.	0.	0.	0.	0.	0.	0.	0.	0.	0.	-5522.570657334482	-26.70908102867046	-1.588210710650959	-5522.570657334482	-26.70908102867046	-1.588210710650959	5522.570657334482	26.70908102867046	1.588210710650959	5522.570657334482	26.70908102867046	1.588210710650959	0.	0.	0.	0.	0.	0.	3.049878666525181e7	713.3750093960841	2.5224132614264247	3.049878666525181e7	713.3750093960841	2.5224132614264247	0.	0.	0.	0.	0.	0.	0.	0.	0.	0.	0.	0.	0.	0.	0.	0.	0.	0.	0.	0.	0.	0.	0.	0.	0.	0.	0.	0.	0.	0.	0.	0.	0.	0.	0.	0.
2.375	1.	1.	1.	1.	1.	1.	-1.	-1.	-1.	-1.	-1.	-1.	0.	0.	0.	0.	0.	0.	-5522.570657334482	-26.70908102867046	-1.588210710650959	-5522.570657334482	-26.70908102867046	-1.588210710650959	0.	0.	0.	0.	0.	0.	1.	1.	1.	1.	1.	1.	1.	1.	1.	1.	1.	1.	5522.570657334482	26.70908102867046	1.588210710650959	5522.570657334482	26.70908102867046	1.588210710650959	0.	0.	0.	0.	0.	0.	0.	0.	0.	0.	0.	0.	0.	0.	0.	0.	0.	0.	0.	0.	0.	0.	0.	0.	0.	0.	0.	0.	0.	0.	0.	0.	0.	0.	0.	0.	0.	0.	0.	0.	0.	0.	-5522.570657334482	-26.70908102867046	-1.588210710650959	-5522.570657334482	-26.70908102867046	-1.588210710650959	5522.570657334482	26.70908102867046	1.588210710650959	5522.570657334482	26.70908102867046	1.588210710650959	0.	0.	0.	0.	0.	0.	3.049878666525181e7	713.3750093960841	2.5224132614264247	3.049878666525181e7	713.3750093960841	2.5224132614264247	0.	0.	0.	0.	0.	0.	0.	0.	0.	0.	0.	0.	0.	0.	0.	0.	0.	0.	0.	0.	0.	0.	0.	0.	0.	0.	0.	0.	0.	0.	0.	0.	0.	0.	0.	0.
2.5	1.	1.	1.	1.	1.	1.	-1.	-1.	-1.	-1.	-1.	-1.	0.	0.	0.	0.	0.	0.	-5522.570657334482	-26.70908102867046	-1.588210710650959	-5522.570657334482	-26.70908102867046	-1.588210710650959	0.	0.	0.	0.	0.	0.	1.	1.	1.	1.	1.	1.	1.	1.	1.	1.	1.	1.	5522.570657334482	26.70908102867046	1.588210710650959	5522.570657334482	26.70908102867046	1.588210710650959	0.	0.	0.	0.	0.	0.	0.	0.	0.	0.	0.	0.	0.	0.	0.	0.	0.	0.	0.	0.	0.	0.	0.	0.	0.	0.	0.	0.	0.	0.	0.	0.	0.	0.	0.	0.	0.	0.	0.	0.	0.	0.	-5522.570657334482	-26.70908102867046	-1.588210710650959	-5522.570657334482	-26.70908102867046	-1.588210710650959	5522.570657334482	26.70908102867046	1.588210710650959	5522.570657334482	26.70908102867046	1.588210710650959	0.	0.	0.	0.	0.	0.	3.049878666525181e7	713.3750093960841	2.5224132614264247	3.049878666525181e7	713.3750093960841	2.5224132614264247	0.	0.	0.	0.	0.	0.	0.	0.	0.	0.	0.	0.	0.	0.	0.	0.	0.	0.	0.	0.	0.	0.	0.	0.	0.	0.	0.	0.	0.	0.	0.	0.	0.	0.	0.	0.
2.625	1.	1.	1.	1.	1.	1.	-1.	-1.	-1.	-1.	-1.	-1.	0.	0.	0.	0.	0.	0.	-5522.570657334482	-26.70908102867046	-1.588210710650959	-5522.570657334482	-26.70908102867046	-1.588210710650959	0.	0.	0.	0.	0.	0.	1.	1.	1.	1.	1.	1.	1.	1.	1.	1.	1.	1.	5522.570657334482	26.70908102867046	1.588210710650959	5522.570657334482	26.70908102867046	1.588210710650959	0.	0.	0.	0.	0.	0.	0.	0.	0.	0.	0.	0.	0.	0.	0.	0.	0.	0.	0.	0.	0.	0.	0.	0.	0.	0.	0.	0.	0.	0.	0.	0.	0.	0.	0.	0.	0.	0.	0.	0.	0.	0.	-5522.570657334482	-26.70908102867046	-1.588210710650959	-5522.570657334482	-26.70908102867046	-1.588210710650959	5522.570657334482	26.70908102867046	1.588210710650959	5522.570657334482	26.70908102867046	1.588210710650959	0.	0.	0.	0.	0.	0.	3.049878666525181e7	713.3750093960841	2.5224132614264247	3.049878666525181e7	713.3750093960841	2.5224132614264247	0.	0.	0.	0.	0.	0.	0.	0.	0.	0.	0.	0.	0.	0.	0.	0.	0.	0.	0.	0.	0.	0.	0.	0.	0.	0.	0.	0.	0.	0.	0.	0.	0.	0.	0.	0.
2.75	1.	1.	1.	1.	1.	1.	-1.	-1.	-1.	-1.	-1.	-1.	0.	0.	0.	0.	0.	0.	-5522.570657334482	-26.70908102867046	-1.588210710650959	-5522.570657334482	-26.70908102867046	-1.588210710650959	0.	0.	0.	0.	0.	0.	1.	1.	1.	1.	1.	1.	1.	1.	1.	1.	1.	1.	5522.570657334482	26.70908102867046	1.588210710650959	5522.570657334482	26.70908102867046	1.588210710650959	0.	0.	0.	0.	0.	0.	0.	0.	0.	0.	0.	0.	0.	0.	0.	0.	0.	0.	0.	0.	0.	0.	0.	0.	0.	0.	0.	0.	0.	0.	0.	0.	0.	0.	0.	0.	0.	0.	0.	0.	0.	0.	-5522.570657334482	-26.70908102867046	-1.588210710650959	-5522.570657334482	-26.70908102867046	-1.588210710650959	5522.570657334482	26.70908102867046	1.588210710650959	5522.570657334482	26.70908102867046	1.588210710650959	0.	0.	0.	0.	0.	0.	3.049878666525181e7	713.3750093960841	2.5224132614264247	3.049878666525181e7	713.3750093960841	2.5224132614264247	0.	0.	0.	0.	0.	0.	0.	0.	0.	0.	0.	0.	0.	0.	0.	0.	0.	0.	0.	0.	0.	0.	0.	0.	0.	0.	0.	0.	0.	0.	0.	0.	0.	0.	0.	0.
2.875	1.	1.	1.	1.	1.	1.	-1.	-1.	-1.	-1.	-1.	-1.	0.	0.	0.	0.	0.	0.	-5522.570657334482	-26.70908102867046	-1.588210710650959	-5522.570657334482	-26.70908102867046	-1.588210710650959	0.	0.	0.	0.	0.	0.	1.	1.	1.	1.	1.	1.	1.	1.	1.	1.	1.	1.	5522.570657334482	26.70908102867046	1.588210710650959	5522.570657334482	26.70908102867046	1.588210710650959	0.	0.	0.	0.	0.	0.	0.	0.	0.	0.	0.	0.	0.	0.	0.	0.	0.	0.	0.	0.	0.	0.	0.	0.	0.	0.	0.	0.	0.	0.	0.	0.	0.	0.	0.	0.	0.	0.	0.	0.	0.	0.	-5522.570657334482	-26.70908102867046	-1.588210710650959	-5522.570657334482	-26.70908102867046	-1.588210710650959	5522.570657334482	26.70908102867046	1.588210710650959	5522.570657334482	26.70908102867046	1.588210710650959	0.	0.	0.	0.	0.	0.	3.049878666525181e7	713.3750093960841	2.5224132614264247	3.049878666525181e7	713.3750093960841	2.5224132614264247	0.	0.	0.	0.	0.	0.	0.	0.	0.	0.	0.	0.	0.	0.	0.	0.	0.	0.	0.	0.	0.	0.	0.	0.	0.	0.	0.	0.	0.	0.	0.	0.	0.	0.	0.	0.
3.	1.	1.	1.	1.	1.	1.	-1.	-1.	-1.	-1.	-1.	-1.	0.	0.	0.	0.	0.	0.	-5522.570657334482	-26.70908102867046	-1.588210710650959	-5522.570657334482	-26.70908102867046	-1.588210710650959	0.	0.	0.	0.	0.	0.	1.	1.	1.	1.	1.	1.	1.	1.	1.	1.	1.	1.	5522.570657334482	26.70908102867046	1.588210710650959	5522.570657334482	26.70908102867046	1.588210710650959	0.	0.	0.	0.	0.	0.	0.	0.	0.	0.	0.	0.	0.	0.	0.	0.	0.	0.	0.	0.	0.	0.	0.	0.	0.	0.	0.	0.	0.	0.	0.	0.	0.	0.	0.	0.	0.	0.	0.	0.	0.	0.	-5522.570657334482	-26.70908102867046	-1.588210710650959	-5522.570657334482	-26.70908102867046	-1.588210710650959	5522.570657334482	26.70908102867046	1.588210710650959	5522.570657334482	26.70908102867046	1.588210710650959	0.	0.	0.	0.	0.	0.	3.049878666525181e7	713.3750093960841	2.5224132614264247	3.049878666525181e7	713.3750093960841	2.5224132614264247	0.	0.	0.	0.	0.	0.	0.	0.	0.	0.	0.	0.	0.	0.	0.	0.	0.	0.	0.	0.	0.	0.	0.	0.	0.	0.	0.	0.	0.	0.	0.	0.	0.	0.	0.	0.
3.125	1.	1.	1.	1.	1.	1.	-1.	-1.	-1.	-1.	-1.	-1.	0.	0.	0.	0.	0.	0.	-5522.570657334482	-26.70908102867046	-1.588210710650959	-5522.570657334482	-26.70908102867046	-1.588210710650959	0.	0.	0.	0.	0.	0.	1.	1.	1.	1.	1.	1.	1.	1.	1.	1.	1.	1.	5522.570657334482	26.70908102867046	1.588210710650959	5522.570657334482	26.70908102867046	1.588210710650959	0.	0.	0.	0.	0.	0.	0.	0.	0.	0.	0.	0.	0.	0.	0.	0.	0.	0.	0.	0.	0.	0.	0.	0.	0.	0.	0.	0.	0.	0.	0.	0.	0.	0.	0.	0.	0.	0.	0.	0.	0.	0.	-5522.570657334482	-26.70908102867046	-1.588210710650959	-5522.570657334482	-26.70908102867046	-1.588210710650959	5522.570657334482	26.70908102867046	1.588210710650959	5522.570657334482	26.70908102867046	1.588210710650959	0.	0.	0.	0.	0.	0.	3.049878666525181e7	713.3750093960841	2.5224132614264247	3.049878666525181e7	713.3750093960841	2.5224132614264247	0.	0.	0.	0.	0.	0.	0.	0.	0.	0.	0.	0.	0.	0.	0.	0.	0.	0.	0.	0.	0.	0.	0.	0.	0.	0.	0.	0.	0.	0.	0.	0.	0.	0.	0.	0.
3.25	1.	1.	1.	1.	1.	1.	-1.	-1.	-1.	-1.	-1.	-1.	0.	0.	0.	0.	0.	0.	-5522.570657334482	-26.70908102867046	-1.588210710650959	-5522.570657334482	-26.70908102867046	-1.588210710650959	0.	0.	0.	0.	0.	0.	1.	1.	1.	1.	1.	1.	1.	1.	1.	1.	1.	1.	5522.570657334482	26.70908102867046	1.588210710650959	5522.570657334482	26.70908102867046	1.588210710650959	0.	0.	0.	0.	0.	0.	0.	0.	0.	0.	0.	0.	0.	0.	0.	0.	0.	0.	0.	0.	0.	0.	0.	0.	0.	0.	0.	0.	0.	0.	0.	0.	0.	0.	0.	0.	0.	0.	0.	0.	0.	0.	-5522.570657334482	-26.70908102867046	-1.588210710650959	-5522.570657334482	-26.70908102867046	-1.588210710650959	5522.570657334482	26.70908102867046	1.588210710650959	5522.570657334482	26.70908102867046	1.588210710650959	0.	0.	0.	0.	0.	0.	3.049878666525181e7	713.3750093960841	2.5224132614264247	3.049878666525181e7	713.3750093960841	2.5224132614264247	0.	0.	0.	0.	0.	0.	0.	0.	0.	0.	0.	0.	0.	0.	0.	0.	0.	0.	0.	0.	0.	0.	0.	0.	0.	0.	0.	0.	0.	0.	0.	0.	0.	0.	0.	0.
3.375	1.	1.	1.	1.	1.	1.	-1.	-1.	-1.	-1.	-1.	-1.	0.	0.	0.	0.	0.	0.	-5522.570657334482	-26.70908102867046	-1.588210710650959	-5522.570657334482	-26.70908102867046	-1.588210710650959	0.	0.	0.	0.	0.	0.	1.	1.	1.	1.	1.	1.	1.	1.	1.	1.	1.	1.	5522.570657334482	26.70908102867046	1.588210710650959	5522.570657334482	26.70908102867046	1.588210710650959	0.	0.	0.	0.	0.	0.	0.	0.	0.	0.	0.	0.	0.	0.	0.	0.	0.	0.	0.	0.	0.	0.	0.	0.	0.	0.	0.	0.	0.	0.	0.	0.	0.	0.	0.	0.	0.	0.	0.	0.	0.	0.	-5522.570657334482	-26.70908102867046	-1.588210710650959	-5522.570657334482	-26.70908102867046	-1.588210710650959	5522.570657334482	26.70908102867046	1.588210710650959	5522.570657334482	26.70908102867046	1.588210710650959	0.	0.	0.	0.	0.	0.	3.049878666525181e7	713.3750093960841	2.5224132614264247	3.049878666525181e7	713.3750093960841	2.5224132614264247	0.	0.	0.	0.	0.	0.	0.	0.	0.	0.	0.	0.	0.	0.	0.	0.	0.	0.	0.	0.	0.	0.	0.	0.	0.	0.	0.	0.	0.	0.	0.	0.	0.	0.	0.	0.
3.5	1.	1.	1.	1.	1.	1.	-1.	-1.	-1.	-1.	-1.	-1.	0.	0.	0.	0.	0.	0.	-5522.570657334482	-26.70908102867046	-1.588210710650959	-5522.570657334482	-26.70908102867046	-1.588210710650959	0.	0.	0.	0.	0.	0.	1.	1.	1.	1.	1.	1.	1.	1.	1.	1.	1.	1.	5522.570657334482	26.70908102867046	1.588210710650959	5522.570657334482	26.70908102867046	1.588210710650959	0.	0.	0.	0.	0.	0.	0.	0.	0.	0.	0.	0.	0.	0.	0.	0.	0.	0.	0.	0.	0.	0.	0.	0.	0.	0.	0.	0.	0.	0.	0.	0.	0.	0.	0.	0.	0.	0.	0.	0.	0.	0.	-5522.570657334482	-26.70908102867046	-1.588210710650959	-5522.570657334482	-26.70908102867046	-1.588210710650959	5522.570657334482	26.70908102867046	1.588210710650959	5522.570657334482	26.70908102867046	1.588210710650959	0.	0.	0.	0.	0.	0.	3.049878666525181e7	713.3750093960841	2.5224132614264247	3.049878666525181e7	713.3750093960841	2.5224132614264247	0.	0.	0.	0.	0.	0.	0.	0.	0.	0.	0.	0.	0.	0.	0.	0.	0.	0.	0.	0.	0.	0.	0.	0.	0.	0.	0.	0.	0.	0.	0.	0.	0.	0.	0.	0.
3.625	1.	1.	1.	1.	1.	1.	-1.	-1.	-1.	-1.	-1.	-1.	0.	0.	0.	0.	0.	0.	-5522.570657334482	-26.70908102867046	-1.588210710650959	-5522.570657334482	-26.70908102867046	-1.588210710650959	0.	0.	0.	0.	0.	0.	1.	1.	1.	1.	1.	1.	1.	1.	1.	1.	1.	1.	5522.570657334482	26.70908102867046	1.588210710650959	5522.570657334482	26.70908102867046	1.588210710650959	0.	0.	0.	0.	0.	0.	0.	0.	0.	0.	0.	0.	0.	0.	0.	0.	0.	0.	0.	0.	0.	0.	0.	0.	0.	0.	0.	0.	0.	0.	0.	0.	0.	0.	0.	0.	0.	0.	0.	0.	0.	0.	-5522.570657334482	-26.70908102867046	-1.588210710650959	-5522.570657334482	-26.70908102867046	-1.588210710650959	5522.570657334482	26.70908102867046	1.588210710650959	5522.570657334482	26.70908102867046	1.588210710650959	0.	0.	0.	0.	0.	0.	3.049878666525181e7	713.3750093960841	2.5224132614264247	3.049878666525181e7	713.3750093960841	2.5224132614264247	0.	0.	0.	0.	0.	0.	0.	0.	0.	0.	0.	0.	0.	0.	0.	0.	0.	0.	0.	0.	0.	0.	0.	0.	0.	0.	0.	0.	0.	0.	0.	0.	0.	0.	0.	0.
3.75	1.	1.	1.	1.	1.	1.	-1.	-1.	-1.	-1.	-1.	-1.	0.	0.	0.	0.	0.	0.	-5522.570657334482	-26.70908102867046	-1.588210710650959	-5522.570657334482	-26.70908102867046	-1.588210710650959	0.	0.	0.	0.	0.	0.	1.	1.	1.	1.	1.	1.	1.	1.	1.	1.	1.	1.	5522.570657334482	26.70908102867046	1.588210710650959	5522.570657334482	26.70908102867046	1.588210710650959	0.	0.	0.	0.	0.	0.	0.	0.	0.	0.	0.	0.	0.	0.	0.	0.	0.	0.	0.	0.	0.	0.	0.	0.	0.	0.	0.	0.	0.	0.	0.	0.	0.	0.	0.	0.	0.	0.	0.	0.	0.	0.	-5522.570657334482	-26.70908102867046	-1.588210710650959	-5522.570657334482	-26.70908102867046	-1.588210710650959	5522.570657334482	26.70908102867046	1.588210710650959	5522.570657334482	26.70908102867046	1.588210710650959	0.	0.	0.	0.	0.	0.	3.049878666525181e7	713.3750093960841	2.5224132614264247	3.049878666525181e7	713.3750093960841	2.5224132614264247	0.	0.	0.	0.	0.	0.	0.	0.	0.	0.	0.	0.	0.	0.	0.	0.	0.	0.	0.	0.	0.	0.	0.	0.	0.	0.	0.	0.	0.	0.	0.	0.	0.	0.	0.	0.
3.875	1.	1.	1.	1.	1.	1.	-1.	-1.	-1.	-1.	-1.	-1.	0.	0.	0.	0.	0.	0.	-5522.570657334482	-26.70908102867046	-1.588210710650959	-5522.570657334482	-26.70908102867046	-1.588210710650959	0.	0.	0.	0.	0.	0.	1.	1.	1.	1.	1.	1.	1.	1.	1.	1.	1.	1.	5522.570657334482	26.70908102867046	1.588210710650959	5522.570657334482	26.70908102867046	1.588210710650959	0.	0.	0.	0.	0.	0.	0.	0.	0.	0.	0.	0.	0.	0.	0.	0.	0.	0.	0.	0.	0.	0.	0.	0.	0.	0.	0.	0.	0.	0.	0.	0.	0.	0.	0.	0.	0.	0.	0.	0.	0.	0.	-5522.570657334482	-26.70908102867046	-1.588210710650959	-5522.570657334482	-26.70908102867046	-1.588210710650959	5522.570657334482	26.70908102867046	1.588210710650959	5522.570657334482	26.70908102867046	1.588210710650959	0.	0.	0.	0.	0.	0.	3.049878666525181e7	713.3750093960841	2.5224132614264247	3.049878666525181e7	713.3750093960841	2.5224132614264247	0.	0.	0.	0.	0.	0.	0.	0.	0.	0.	0.	0.	0.	0.	0.	0.	0.	0.	0.	0.	0.	0.	0.	0.	0.	0.	0.	0.	0.	0.	0.	0.	0.	0.	0.	0.
4.	1.	1.	1.	1.	1.	1.	-1.	-1.	-1.	-1.	-1.	-1.	0.	0.	0.	0.	0.	0.	-5522.570657334482	-26.70908102867046	-1.588210710650959	-5522.570657334482	-26.70908102867046	-1.588210710650959	0.	0.	0.	0.	0.	0.	1.	1.	1.	1.	1.	1.	1.	1.	1.	1.	1.	1.	5522.570657334482	26.70908102867046	1.588210710650959	5522.570657334482	26.70908102867046	1.588210710650959	0.	0.	0.	0.	0.	0.	0.	0.	0.	0.	0.	0.	0.	0.	0.	0.	0.	0.	0.	0.	0.	0.	0.	0.	0.	0.	0.	0.	0.	0.	0.	0.	0.	0.	0.	0.	0.	0.	0.	0.	0.	0.	-5522.570657334482	-26.70908102867046	-1.588210710650959	-5522.570657334482	-26.70908102867046	-1.588210710650959	5522.570657334482	26.70908102867046	1.588210710650959	5522.570657334482	26.70908102867046	1.588210710650959	0.	0.	0.	0.	0.	0.	3.049878666525181e7	713.3750093960841	2.5224132614264247	3.049878666525181e7	713.3750093960841	2.5224132614264247	0.	0.	0.	0.	0.	0.	0.	0.	0.	0.	0.	0.	0.	0.	0.	0.	0.	0.	0.	0.	0.	0.	0.	0.	0.	0.	0.	0.	0.	0.	0.	0.	0.	0.	0.	0.
4.125	1.	1.	1.	1.	1.	1.	-1.	-1.	-1.	-1.	-1.	-1.	0.	0.	0.	0.	0.	0.	-5522.570657334482	-26.70908102867046	-1.588210710650959	-5522.570657334482	-26.70908102867046	-1.588210710650959	0.	0.	0.	0.	0.	0.	1.	1.	1.	1.	1.	1.	1.	1.	1.	1.	1.	1.	5522.570657334482	26.70908102867046	1.588210710650959	5522.570657334482	26.70908102867046	1.588210710650959	0.	0.	0.	0.	0.	0.	0.	0.	0.	0.	0.	0.	0.	0.	0.	0.	0.	0.	0.	0.	0.	0.	0.	0.	0.	0.	0.	0.	0.	0.	0.	0.	0.	0.	0.	0.	0.	0.	0.	0.	0.	0.	-5522.570657334482	-26.70908102867046	-1.588210710650959	-5522.570657334482	-26.70908102867046	-1.588210710650959	5522.570657334482	26.70908102867046	1.588210710650959	5522.570657334482	26.70908102867046	1.588210710650959	0.	0.	0.	0.	0.	0.	3.049878666525181e7	713.3750093960841	2.5224132614264247	3.049878666525181e7	713.3750093960841	2.5224132614264247	0.	0.	0.	0.	0.	0.	0.	0.	0.	0.	0.	0.	0.	0.	0.	0.	0.	0.	0.	0.	0.	0.	0.	0.	0.	0.	0.	0.	0.	0.	0.	0.	0.	0.	0.	0.
4.25	1.	1.	1.	1.	1.	1.	-1.	-1.	-1.	-1.	-1.	-1.	0.	0.	0.	0.	0.	0.	-5522.570657334482	-26.70908102867046	-1.588210710650959	-5522.570657334482	-26.70908102867046	-1.588210710650959	0.	0.	0.	0.	0.	0.	1.	1.	1.	1.	1.	1.	1.	1.	1.	1.	1.	1.	5522.570657334482	26.70908102867046	1.588210710650959	5522.570657334482	26.70908102867046	1.588210710650959	0.	0.	0.	0.	0.	0.	0.	0.	0.	0.	0.	0.	0.	0.	0.	0.	0.	0.	0.	0.	0.	0.	0.	0.	0.	0.	0.	0.	0.	0.	0.	0.	0.	0.	0.	0.	0.	0.	0.	0.	0.	0.	-5522.570657334482	-26.70908102867046	-1.588210710650959	-5522.570657334482	-26.70908102867046	-1.588210710650959	5522.570657334482	26.70908102867046	1.588210710650959	5522.570657334482	26.70908102867046	1.588210710650959	0.	0.	0.	0.	0.	0.	3.049878666525181e7	713.3750093960841	2.5224132614264247	3.049878666525181e7	713.3750093960841	2.5224132614264247	0.	0.	0.	0.	0.	0.	0.	0.	0.	0.	0.	0.	0.	0.	0.	0.	0.	0.	0.	0.	0.	0.	0.	0.	0.	0.	0.	0.	0.	0.	0.	0.	0.	0.	0.	0.
4.375	1.	1.	1.	1.	1.	1.	-1.	-1.	-1.	-1.	-1.	-1.	0.	0.	0.	0.	0.	0.	-5522.570657334482	-26.70908102867046	-1.588210710650959	-5522.570657334482	-26.70908102867046	-1.588210710650959	0.	0.	0.	0.	0.	0.	1.	1.	1.	1.	1.	1.	1.	1.	1.	1.	1.	1.	5522.570657334482	26.70908102867046	1.588210710650959	5522.570657334482	26.70908102867046	1.588210710650959	0.	0.	0.	0.	0.	0.	0.	0.	0.	0.	0.	0.	0.	0.	0.	0.	0.	0.	0.	0.	0.	0.	0.	0.	0.	0.	0.	0.	0.	0.	0.	0.	0.	0.	0.	0.	0.	0.	0.	0.	0.	0.	-5522.570657334482	-26.70908102867046	-1.588210710650959	-5522.570657334482	-26.70908102867046	-1.588210710650959	5522.570657334482	26.70908102867046	1.588210710650959	5522.570657334482	26.70908102867046	1.588210710650959	0.	0.	0.	0.	0.	0.	3.049878666525181e7	713.3750093960841	2.5224132614264247	3.049878666525181e7	713.3750093960841	2.5224132614264247	0.	0.	0.	0.	0.	0.	0.	0.	0.	0.	0.	0.	0.	0.	0.	0.	0.	0.	0.	0.	0.	0.	0.	0.	0.	0.	0.	0.	0.	0.	0.	0.	0.	0.	0.	0.
4.5	1.	1.	1.	1.	1.	1.	-1.	-1.	-1.	-1.	-1.	-1.	0.	0.	0.	0.	0.	0.	-5522.570657334482	-26.70908102867046	-1.588210710650959	-5522.570657334482	-26.70908102867046	-1.588210710650959	0.	0.	0.	0.	0.	0.	1.	1.	1.	1.	1.	1.	1.	1.	1.	1.	1.	1.	5522.570657334482	26.70908102867046	1.588210710650959	5522.570657334482	26.70908102867046	1.588210710650959	0.	0.	0.	0.	0.	0.	0.	0.	0.	0.	0.	0.	0.	0.	0.	0.	0.	0.	0.	0.	0.	0.	0.	0.	0.	0.	0.	0.	0.	0.	0.	0.	0.	0.	0.	0.	0.	0.	0.	0.	0.	0.	-5522.570657334482	-26.70908102867046	-1.588210710650959	-5522.570657334482	-26.70908102867046	-1.588210710650959	5522.570657334482	26.70908102867046	1.588210710650959	5522.570657334482	26.70908102867046	1.588210710650959	0.	0.	0.	0.	0.	0.	3.049878666525181e7	713.3750093960841	2.5224132614264247	3.049878666525181e7	713.3750093960841	2.5224132614264247	0.	0.	0.	0.	0.	0.	0.	0.	0.	0.	0.	0.	0.	0.	0.	0.	0.	0.	0.	0.	0.	0.	0.	0.	0.	0.	0.	0.	0.	0.	0.	0.	0.	0.	0.	0.
4.625	1.	1.	1.	1.	1.	1.	-1.	-1.	-1.	-1.	-1.	-1.	0.	0.	0.	0.	0.	0.	-5522.570657334482	-26.70908102867046	-1.588210710650959	-5522.570657334482	-26.70908102867046	-1.588210710650959	0.	0.	0.	0.	0.	0.	1.	1.	1.	1.	1.	1.	1.	1.	1.	1.	1.	1.	5522.570657334482	26.70908102867046	1.588210710650959	5522.570657334482	26.70908102867046	1.588210710650959	0.	0.	0.	0.	0.	0.	0.	0.	0.	0.	0.	0.	0.	0.	0.	0.	0.	0.	0.	0.	0.	0.	0.	0.	0.	0.	0.	0.	0.	0.	0.	0.	0.	0.	0.	0.	0.	0.	0.	0.	0.	0.	-5522.570657334482	-26.70908102867046	-1.588210710650959	-5522.570657334482	-26.70908102867046	-1.588210710650959	5522.570657334482	26.70908102867046	1.588210710650959	5522.570657334482	26.70908102867046	1.588210710650959	0.	0.	0.	0.	0.	0.	3.049878666525181e7	713.3750093960841	2.5224132614264247	3.049878666525181e7	713.3750093960841	2.5224132614264247	0.	0.	0.	0.	0.	0.	0.	0.	0.	0.	0.	0.	0.	0.	0.	0.	0.	0.	0.	0.	0.	0.	0.	0.	0.	0.	0.	0.	0.	0.	0.	0.	0.	0.	0.	0.
4.75	1.	1.	1.	1.	1.	1.	-1.	-1.	-1.	-1.	-1.	-1.	0.	0.	0.	0.	0.	0.	-5522.570657334482	-26.70908102867046	-1.588210710650959	-5522.570657334482	-26.70908102867046	-1.588210710650959	0.	0.	0.	0.	0.	0.	1.	1.	1.	1.	1.	1.	1.	1.	1.	1.	1.	1.	5522.570657334482	26.70908102867046	1.588210710650959	5522.570657334482	26.70908102867046	1.588210710650959	0.	0.	0.	0.	0.	0.	0.	0.	0.	0.	0.	0.	0.	0.	0.	0.	0.	0.	0.	0.	0.	0.	0.	0.	0.	0.	0.	0.	0.	0.	0.	0.	0.	0.	0.	0.	0.	0.	0.	0.	0.	0.	-5522.570657334482	-26.70908102867046	-1.588210710650959	-5522.570657334482	-26.70908102867046	-1.588210710650959	5522.570657334482	26.70908102867046	1.588210710650959	5522.570657334482	26.70908102867046	1.588210710650959	0.	0.	0.	0.	0.	0.	3.049878666525181e7	713.3750093960841	2.5224132614264247	3.049878666525181e7	713.3750093960841	2.5224132614264247	0.	0.	0.	0.	0.	0.	0.	0.	0.	0.	0.	0.	0.	0.	0.	0.	0.	0.	0.	0.	0.	0.	0.	0.	0.	0.	0.	0.	0.	0.	0.	0.	0.	0.	0.	0.
4.875	1.	1.	1.	1.	1.	1.	-1.	-1.	-1.	-1.	-1.	-1.	0.	0.	0.	0.	0.	0.	-5522.570657334482	-26.70908102867046	-1.588210710650959	-5522.570657334482	-26.70908102867046	-1.588210710650959	0.	0.	0.	0.	0.	0.	1.	1.	1.	1.	1.	1.	1.	1.	1.	1.	1.	1.	5522.570657334482	26.70908102867046	1.588210710650959	5522.570657334482	26.70908102867046	1.588210710650959	0.	0.	0.	0.	0.	0.	0.	0.	0.	0.	0.	0.	0.	0.	0.	0.	0.	0.	0.	0.	0.	0.	0.	0.	0.	0.	0.	0.	0.	0.	0.	0.	0.	0.	0.	0.	0.	0.	0.	0.	0.	0.	-5522.570657334482	-26.70908102867046	-1.588210710650959	-5522.570657334482	-26.70908102867046	-1.588210710650959	5522.570657334482	26.70908102867046	1.588210710650959	5522.570657334482	26.70908102867046	1.588210710650959	0.	0.	0.	0.	0.	0.	3.049878666525181e7	713.3750093960841	2.5224132614264247	3.049878666525181e7	713.3750093960841	2.5224132614264247	0.	0.	0.	0.	0.	0.	0.	0.	0.	0.	0.	0.	0.	0.	0.	0.	0.	0.	0.	0.	0.	0.	0.	0.	0.	0.	0.	0.	0.	0.	0.	0.	0.	0.	0.	0.
5.	1.	1.	1.	1.	1.	1.	-1.	-1.	-1.	-1.	-1.	-1.	0.	0.	0.	0.	0.	0.	-5522.570657334482	-26.70908102867046	-1.588210710650959	-5522.570657334482	-26.70908102867046	-1.588210710650959	0.	0.	0.	0.	0.	0.	1.	1.	1.	1.	1.	1.	1.	1.	1.	1.	1.	1.	5522.570657334482	26.70908102867046	1.588210710650959	5522.570657334482	26.70908102867046	1.588210710650959	0.	0.	0.	0.	0.	0.	0.	0.	0.	0.	0.	0.	0.	0.	0.	0.	0.	0.	0.	0.	0.	0.	0.	0.	0.	0.	0.	0.	0.	0.	0.	0.	0.	0.	0.	0.	0.	0.	0.	0.	0.	0.	-5522.570657334482	-26.70908102867046	-1.588210710650959	-5522.570657334482	-26.70908102867046	-1.588210710650959	5522.570657334482	26.70908102867046	1.588210710650959	5522.570657334482	26.70908102867046	1.588210710650959	0.	0.	0.	0.	0.	0.	3.049878666525181e7	713.3750093960841	2.5224132614264247	3.049878666525181e7	713.3750093960841	2.5224132614264247	0.	0.	0.	0.	0.	0.	0.	0.	0.	0.	0.	0.	0.	0.	0.	0.	0.	0.	0.	0.	0.	0.	0.	0.	0.	0.	0.	0.	0.	0.	0.	0.	0.	0.	0.	0.
5.125	1.	1.	1.	1.	1.	1.	-1.	-1.	-1.	-1.	-1.	-1.	0.	0.	0.	0.	0.	0.	-5522.570657334482	-26.70908102867046	-1.588210710650959	-5522.570657334482	-26.70908102867046	-1.588210710650959	0.	0.	0.	0.	0.	0.	1.	1.	1.	1.	1.	1.	1.	1.	1.	1.	1.	1.	5522.570657334482	26.70908102867046	1.588210710650959	5522.570657334482	26.70908102867046	1.588210710650959	0.	0.	0.	0.	0.	0.	0.	0.	0.	0.	0.	0.	0.	0.	0.	0.	0.	0.	0.	0.	0.	0.	0.	0.	0.	0.	0.	0.	0.	0.	0.	0.	0.	0.	0.	0.	0.	0.	0.	0.	0.	0.	-5522.570657334482	-26.70908102867046	-1.588210710650959	-5522.570657334482	-26.70908102867046	-1.588210710650959	5522.570657334482	26.70908102867046	1.588210710650959	5522.570657334482	26.70908102867046	1.588210710650959	0.	0.	0.	0.	0.	0.	3.049878666525181e7	713.3750093960841	2.5224132614264247	3.049878666525181e7	713.3750093960841	2.5224132614264247	0.	0.	0.	0.	0.	0.	0.	0.	0.	0.	0.	0.	0.	0.	0.	0.	0.	0.	0.	0.	0.	0.	0.	0.	0.	0.	0.	0.	0.	0.	0.	0.	0.	0.	0.	0.
5.25	1.	1.	1.	1.	1.	1.	-1.	-1.	-1.	-1.	-1.	-1.	0.	0.	0.	0.	0.	0.	-5522.570657334482	-26.70908102867046	-1.588210710650959	-5522.570657334482	-26.70908102867046	-1.588210710650959	0.	0.	0.	0.	0.	0.	1.	1.	1.	1.	1.	1.	1.	1.	1.	1.	1.	1.	5522.570657334482	26.70908102867046	1.588210710650959	5522.570657334482	26.70908102867046	1.588210710650959	0.	0.	0.	0.	0.	0.	0.	0.	0.	0.	0.	0.	0.	0.	0.	0.	0.	0.	0.	0.	0.	0.	0.	0.	0.	0.	0.	0.	0.	0.	0.	0.	0.	0.	0.	0.	0.	0.	0.	0.	0.	0.	-5522.570657334482	-26.70908102867046	-1.588210710650959	-5522.570657334482	-26.70908102867046	-1.588210710650959	5522.570657334482	26.70908102867046	1.588210710650959	5522.570657334482	26.70908102867046	1.588210710650959	0.	0.	0.	0.	0.	0.	3.049878666525181e7	713.3750093960841	2.5224132614264247	3.049878666525181e7	713.3750093960841	2.5224132614264247	0.	0.	0.	0.	0.	0.	0.	0.	0.	0.	0.	0.	0.	0.	0.	0.	0.	0.	0.	0.	0.	0.	0.	0.	0.	0.	0.	0.	0.	0.	0.	0.	0.	0.	0.	0.
5.375	1.	1.	1.	1.	1.	1.	-1.	-1.	-1.	-1.	-1.	-1.	0.	0.	0.	0.	0.	0.	-5522.570657334482	-26.70908102867046	-1.588210710650959	-5522.570657334482	-26.70908102867046	-1.588210710650959	0.	0.	0.	0.	0.	0.	1.	1.	1.	1.	1.	1.	1.	1.	1.	1.	1.	1.	5522.570657334482	26.70908102867046	1.588210710650959	5522.570657334482	26.70908102867046	1.588210710650959	0.	0.	0.	0.	0.	0.	0.	0.	0.	0.	0.	0.	0.	0.	0.	0.	0.	0.	0.	0.	0.	0.	0.	0.	0.	0.	0.	0.	0.	0.	0.	0.	0.	0.	0.	0.	0.	0.	0.	0.	0.	0.	-5522.570657334482	-26.70908102867046	-1.588210710650959	-5522.570657334482	-26.70908102867046	-1.588210710650959	5522.570657334482	26.70908102867046	1.588210710650959	5522.570657334482	26.70908102867046	1.588210710650959	0.	0.	0.	0.	0.	0.	3.049878666525181e7	713.3750093960841	2.5224132614264247	3.049878666525181e7	713.3750093960841	2.5224132614264247	0.	0.	0.	0.	0.	0.	0.	0.	0.	0.	0.	0.	0.	0.	0.	0.	0.	0.	0.	0.	0.	0.	0.	0.	0.	0.	0.	0.	0.	0.	0.	0.	0.	0.	0.	0.
5.5	1.	1.	1.	1.	1.	1.	-1.	-1.	-1.	-1.	-1.	-1.	0.	0.	0.	0.	0.	0.	-5522.570657334482	-26.70908102867046	-1.588210710650959	-5522.570657334482	-26.70908102867046	-1.588210710650959	0.	0.	0.	0.	0.	0.	1.	1.	1.	1.	1.	1.	1.	1.	1.	1.	1.	1.	5522.570657334482	26.70908102867046	1.588210710650959	5522.570657334482	26.70908102867046	1.588210710650959	0.	0.	0.	0.	0.	0.	0.	0.	0.	0.	0.	0.	0.	0.	0.	0.	0.	0.	0.	0.	0.	0.	0.	0.	0.	0.	0.	0.	0.	0.	0.	0.	0.	0.	0.	0.	0.	0.	0.	0.	0.	0.	-5522.570657334482	-26.70908102867046	-1.588210710650959	-5522.570657334482	-26.70908102867046	-1.588210710650959	5522.570657334482	26.70908102867046	1.588210710650959	5522.570657334482	26.70908102867046	1.588210710650959	0.	0.	0.	0.	0.	0.	3.049878666525181e7	713.3750093960841	2.5224132614264247	3.049878666525181e7	713.3750093960841	2.5224132614264247	0.	0.	0.	0.	0.	0.	0.	0.	0.	0.	0.	0.	0.	0.	0.	0.	0.	0.	0.	0.	0.	0.	0.	0.	0.	0.	0.	0.	0.	0.	0.	0.	0.	0.	0.	0.
5.625	1.	1.	1.	1.	1.	1.	-1.	-1.	-1.	-1.	-1.	-1.	0.	0.	0.	0.	0.	0.	-5522.570657334482	-26.70908102867046	-1.588210710650959	-5522.570657334482	-26.70908102867046	-1.588210710650959	0.	0.	0.	0.	0.	0.	1.	1.	1.	1.	1.	1.	1.	1.	1.	1.	1.	1.	5522.570657334482	26.70908102867046	1.588210710650959	5522.570657334482	26.70908102867046	1.588210710650959	0.	0.	0.	0.	0.	0.	0.	0.	0.	0.	0.	0.	0.	0.	0.	0.	0.	0.	0.	0.	0.	0.	0.	0.	0.	0.	0.	0.	0.	0.	0.	0.	0.	0.	0.	0.	0.	0.	0.	0.	0.	0.	-5522.570657334482	-26.70908102867046	-1.588210710650959	-5522.570657334482	-26.70908102867046	-1.588210710650959	5522.570657334482	26.70908102867046	1.588210710650959	5522.570657334482	26.70908102867046	1.588210710650959	0.	0.	0.	0.	0.	0.	3.049878666525181e7	713.3750093960841	2.5224132614264247	3.049878666525181e7	713.3750093960841	2.5224132614264247	0.	0.	0.	0.	0.	0.	0.	0.	0.	0.	0.	0.	0.	0.	0.	0.	0.	0.	0.	0.	0.	0.	0.	0.	0.	0.	0.	0.	0.	0.	0.	0.	0.	0.	0.	0.
5.75	1.	1.	1.	1.	1.	1.	-1.	-1.	-1.	-1.	-1.	-1.	0.	0.	0.	0.	0.	0.	-5522.570657334482	-26.70908102867046	-1.588210710650959	-5522.570657334482	-26.70908102867046	-1.588210710650959	0.	0.	0.	0.	0.	0.	1.	1.	1.	1.	1.	1.	1.	1.	1.	1.	1.	1.	5522.570657334482	26.70908102867046	1.588210710650959	5522.570657334482	26.70908102867046	1.588210710650959	0.	0.	0.	0.	0.	0.	0.	0.	0.	0.	0.	0.	0.	0.	0.	0.	0.	0.	0.	0.	0.	0.	0.	0.	0.	0.	0.	0.	0.	0.	0.	0.	0.	0.	0.	0.	0.	0.	0.	0.	0.	0.	-5522.570657334482	-26.70908102867046	-1.588210710650959	-5522.570657334482	-26.70908102867046	-1.588210710650959	5522.570657334482	26.70908102867046	1.588210710650959	5522.570657334482	26.70908102867046	1.588210710650959	0.	0.	0.	0.	0.	0.	3.049878666525181e7	713.3750093960841	2.5224132614264247	3.049878666525181e7	713.3750093960841	2.5224132614264247	0.	0.	0.	0.	0.	0.	0.	0.	0.	0.	0.	0.	0.	0.	0.	0.	0.	0.	0.	0.	0.	0.	0.	0.	0.	0.	0.	0.	0.	0.	0.	0.	0.	0.	0.	0.
5.875	1.	1.	1.	1.	1.	1.	-1.	-1.	-1.	-1.	-1.	-1.	0.	0.	0.	0.	0.	0.	-5522.570657334482	-26.70908102867046	-1.588210710650959	-5522.570657334482	-26.70908102867046	-1.588210710650959	0.	0.	0.	0.	0.	0.	1.	1.	1.	1.	1.	1.	1.	1.	1.	1.	1.	1.	5522.570657334482	26.70908102867046	1.588210710650959	5522.570657334482	26.70908102867046	1.588210710650959	0.	0.	0.	0.	0.	0.	0.	0.	0.	0.	0.	0.	0.	0.	0.	0.	0.	0.	0.	0.	0.	0.	0.	0.	0.	0.	0.	0.	0.	0.	0.	0.	0.	0.	0.	0.	0.	0.	0.	0.	0.	0.	-5522.570657334482	-26.70908102867046	-1.588210710650959	-5522.570657334482	-26.70908102867046	-1.588210710650959	5522.570657334482	26.70908102867046	1.588210710650959	5522.570657334482	26.70908102867046	1.588210710650959	0.	0.	0.	0.	0.	0.	3.049878666525181e7	713.3750093960841	2.5224132614264247	3.049878666525181e7	713.3750093960841	2.5224132614264247	0.	0.	0.	0.	0.	0.	0.	0.	0.	0.	0.	0.	0.	0.	0.	0.	0.	0.	0.	0.	0.	0.	0.	0.	0.	0.	0.	0.	0.	0.	0.	0.	0.	0.	0.	0.
6.	1.	1.	1.	1.	1.	1.	-1.	-1.	-1.	-1.	-1.	-1.	0.	0.	0.	0.	0.	0.	-5522.570657334482	-26.70908102867046	-1.588210710650959	-5522.570657334482	-26.70908102867046	-1.588210710650959	0.	0.	0.	0.	0.	0.	1.	1.	1.	1.	1.	1.	1.	1.	1.	1.	1.	1.	5522.570657334482	26.70908102867046	1.588210710650959	5522.570657334482	26.70908102867046	1.588210710650959	0.	0.	0.	0.	0.	0.	0.	0.	0.	0.	0.	0.	0.	0.	0.	0.	0.	0.	0.	0.	0.	0.	0.	0.	0.	0.	0.	0.	0.	0.	0.	0.	0.	0.	0.	0.	0.	0.	0.	0.	0.	0.	-5522.570657334482	-26.70908102867046	-1.588210710650959	-5522.570657334482	-26.70908102867046	-1.588210710650959	5522.570657334482	26.70908102867046	1.588210710650959	5522.570657334482	26.70908102867046	1.588210710650959	0.	0.	0.	0.	0.	0.	3.049878666525181e7	713.3750093960841	2.5224132614264247	3.049878666525181e7	713.3750093960841	2.5224132614264247	0.	0.	0.	0.	0.	0.	0.	0.	0.	0.	0.	0.	0.	0.	0.	0.	0.	0.	0.	0.	0.	0.	0.	0.	0.	0.	0.	0.	0.	0.	0.	0.	0.	0.	0.	0.
6.125	1.	1.	1.	1.	1.	1.	-1.	-1.	-1.	-1.	-1.	-1.	0.	0.	0.	0.	0.	0.	-5522.570657334482	-26.70908102867046	-1.588210710650959	-5522.570657334482	-26.70908102867046	-1.588210710650959	0.	0.	0.	0.	0.	0.	1.	1.	1.	1.	1.	1.	1.	1.	1.	1.	1.	1.	5522.570657334482	26.70908102867046	1.588210710650959	5522.570657334482	26.70908102867046	1.588210710650959	0.	0.	0.	0.	0.	0.	0.	0.	0.	0.	0.	0.	0.	0.	0.	0.	0.	0.	0.	0.	0.	0.	0.	0.	0.	0.	0.	0.	0.	0.	0.	0.	0.	0.	0.	0.	0.	0.	0.	0.	0.	0.	-5522.570657334482	-26.70908102867046	-1.588210710650959	-5522.570657334482	-26.70908102867046	-1.588210710650959	5522.570657334482	26.70908102867046	1.588210710650959	5522.570657334482	26.70908102867046	1.588210710650959	0.	0.	0.	0.	0.	0.	3.049878666525181e7	713.3750093960841	2.5224132614264247	3.049878666525181e7	713.3750093960841	2.5224132614264247	0.	0.	0.	0.	0.	0.	0.	0.	0.	0.	0.	0.	0.	0.	0.	0.	0.	0.	0.	0.	0.	0.	0.	0.	0.	0.	0.	0.	0.	0.	0.	0.	0.	0.	0.	0.
6.25	1.	1.	1.	1.	1.	1.	-1.	-1.	-1.	-1.	-1.	-1.	0.	0.	0.	0.	0.	0.	-5522.570657334482	-26.70908102867046	-1.588210710650959	-5522.570657334482	-26.70908102867046	-1.588210710650959	0.	0.	0.	0.	0.	0.	1.	1.	1.	1.	1.	1.	1.	1.	1.	1.	1.	1.	5522.570657334482	26.70908102867046	1.588210710650959	5522.570657334482	26.70908102867046	1.588210710650959	0.	0.	0.	0.	0.	0.	0.	0.	0.	0.	0.	0.	0.	0.	0.	0.	0.	0.	0.	0.	0.	0.	0.	0.	0.	0.	0.	0.	0.	0.	0.	0.	0.	0.	0.	0.	0.	0.	0.	0.	0.	0.	-5522.570657334482	-26.70908102867046	-1.588210710650959	-5522.570657334482	-26.70908102867046	-1.588210710650959	5522.570657334482	26.70908102867046	1.588210710650959	5522.570657334482	26.70908102867046	1.588210710650959	0.	0.	0.	0.	0.	0.	3.049878666525181e7	713.3750093960841	2.5224132614264247	3.049878666525181e7	713.3750093960841	2.5224132614264247	0.	0.	0.	0.	0.	0.	0.	0.	0.	0.	0.	0.	0.	0.	0.	0.	0.	0.	0.	0.	0.	0.	0.	0.	0.	0.	0.	0.	0.	0.	0.	0.	0.	0.	0.	0.
6.375	1.	1.	1.	1.	1.	1.	-1.	-1.	-1.	-1.	-1.	-1.	0.	0.	0.	0.	0.	0.	-5522.570657334482	-26.70908102867046	-1.588210710650959	-5522.570657334482	-26.70908102867046	-1.588210710650959	0.	0.	0.	0.	0.	0.	1.	1.	1.	1.	1.	1.	1.	1.	1.	1.	1.	1.	5522.570657334482	26.70908102867046	1.588210710650959	5522.570657334482	26.70908102867046	1.588210710650959	0.	0.	0.	0.	0.	0.	0.	0.	0.	0.	0.	0.	0.	0.	0.	0.	0.	0.	0.	0.	0.	0.	0.	0.	0.	0.	0.	0.	0.	0.	0.	0.	0.	0.	0.	0.	0.	0.	0.	0.	0.	0.	-5522.570657334482	-26.70908102867046	-1.588210710650959	-5522.570657334482	-26.70908102867046	-1.588210710650959	5522.570657334482	26.70908102867046	1.588210710650959	5522.570657334482	26.70908102867046	1.588210710650959	0.	0.	0.	0.	0.	0.	3.049878666525181e7	713.3750093960841	2.5224132614264247	3.049878666525181e7	713.3750093960841	2.5224132614264247	0.	0.	0.	0.	0.	0.	0.	0.	0.	0.	0.	0.	0.	0.	0.	0.	0.	0.	0.	0.	0.	0.	0.	0.	0.	0.	0.	0.	0.	0.	0.	0.	0.	0.	0.	0.
6.5	1.	1.	1.	1.	1.	1.	-1.	-1.	-1.	-1.	-1.	-1.	0.	0.	0.	0.	0.	0.	-5522.570657334482	-26.70908102867046	-1.588210710650959	-5522.570657334482	-26.70908102867046	-1.588210710650959	0.	0.	0.	0.	0.	0.	1.	1.	1.	1.	1.	1.	1.	1.	1.	1.	1.	1.	5522.570657334482	26.70908102867046	1.588210710650959	5522.570657334482	26.70908102867046	1.588210710650959	0.	0.	0.	0.	0.	0.	0.	0.	0.	0.	0.	0.	0.	0.	0.	0.	0.	0.	0.	0.	0.	0.	0.	0.	0.	0.	0.	0.	0.	0.	0.	0.	0.	0.	0.	0.	0.	0.	0.	0.	0.	0.	-5522.570657334482	-26.70908102867046	-1.588210710650959	-5522.570657334482	-26.70908102867046	-1.588210710650959	5522.570657334482	26.70908102867046	1.588210710650959	5522.570657334482	26.70908102867046	1.588210710650959	0.	0.	0.	0.	0.	0.	3.049878666525181e7	713.3750093960841	2.5224132614264247	3.049878666525181e7	713.3750093960841	2.5224132614264247	0.	0.	0.	0.	0.	0.	0.	0.	0.	0.	0.	0.	0.	0.	0.	0.	0.	0.	0.	0.	0.	0.	0.	0.	0.	0.	0.	0.	0.	0.	0.	0.	0.	0.	0.	0.
6.625	1.	1.	1.	1.	1.	1.	-1.	-1.	-1.	-1.	-1.	-1.	0.	0.	0.	0.	0.	0.	-5522.570657334482	-26.70908102867046	-1.588210710650959	-5522.570657334482	-26.70908102867046	-1.588210710650959	0.	0.	0.	0.	0.	0.	1.	1.	1.	1.	1.	1.	1.	1.	1.	1.	1.	1.	5522.570657334482	26.70908102867046	1.588210710650959	5522.570657334482	26.70908102867046	1.588210710650959	0.	0.	0.	0.	0.	0.	0.	0.	0.	0.	0.	0.	0.	0.	0.	0.	0.	0.	0.	0.	0.	0.	0.	0.	0.	0.	0.	0.	0.	0.	0.	0.	0.	0.	0.	0.	0.	0.	0.	0.	0.	0.	-5522.570657334482	-26.70908102867046	-1.588210710650959	-5522.570657334482	-26.70908102867046	-1.588210710650959	5522.570657334482	26.70908102867046	1.588210710650959	5522.570657334482	26.70908102867046	1.588210710650959	0.	0.	0.	0.	0.	0.	3.049878666525181e7	713.3750093960841	2.5224132614264247	3.049878666525181e7	713.3750093960841	2.5224132614264247	0.	0.	0.	0.	0.	0.	0.	0.	0.	0.	0.	0.	0.	0.	0.	0.	0.	0.	0.	0.	0.	0.	0.	0.	0.	0.	0.	0.	0.	0.	0.	0.	0.	0.	0.	0.
6.75	1.	1.	1.	1.	1.	1.	-1.	-1.	-1.	-1.	-1.	-1.	0.	0.	0.	0.	0.	0.	-5522.570657334482	-26.70908102867046	-1.588210710650959	-5522.570657334482	-26.70908102867046	-1.588210710650959	0.	0.	0.	0.	0.	0.	1.	1.	1.	1.	1.	1.	1.	1.	1.	1.	1.	1.	5522.570657334482	26.70908102867046	1.588210710650959	5522.570657334482	26.70908102867046	1.588210710650959	0.	0.	0.	0.	0.	0.	0.	0.	0.	0.	0.	0.	0.	0.	0.	0.	0.	0.	0.	0.	0.	0.	0.	0.	0.	0.	0.	0.	0.	0.	0.	0.	0.	0.	0.	0.	0.	0.	0.	0.	0.	0.	-5522.570657334482	-26.70908102867046	-1.588210710650959	-5522.570657334482	-26.70908102867046	-1.588210710650959	5522.570657334482	26.70908102867046	1.588210710650959	5522.570657334482	26.70908102867046	1.588210710650959	0.	0.	0.	0.	0.	0.	3.049878666525181e7	713.3750093960841	2.5224132614264247	3.049878666525181e7	713.3750093960841	2.5224132614264247	0.	0.	0.	0.	0.	0.	0.	0.	0.	0.	0.	0.	0.	0.	0.	0.	0.	0.	0.	0.	0.	0.	0.	0.	0.	0.	0.	0.	0.	0.	0.	0.	0.	0.	0.	0.
6.875	1.	1.	1.	1.	1.	1.	-1.	-1.	-1.	-1.	-1.	-1.	0.	0.	0.	0.	0.	0.	-5522.570657334482	-26.70908102867046	-1.588210710650959	-5522.570657334482	-26.70908102867046	-1.588210710650959	0.	0.	0.	0.	0.	0.	1.	1.	1.	1.	1.	1.	1.	1.	1.	1.	1.	1.	5522.570657334482	26.70908102867046	1.588210710650959	5522.570657334482	26.70908102867046	1.588210710650959	0.	0.	0.	0.	0.	0.	0.	0.	0.	0.	0.	0.	0.	0.	0.	0.	0.	0.	0.	0.	0.	0.	0.	0.	0.	0.	0.	0.	0.	0.	0.	0.	0.	0.	0.	0.	0.	0.	0.	0.	0.	0.	-5522.570657334482	-26.70908102867046	-1.588210710650959	-5522.570657334482	-26.70908102867046	-1.588210710650959	5522.570657334482	26.70908102867046	1.588210710650959	5522.570657334482	26.70908102867046	1.588210710650959	0.	0.	0.	0.	0.	0.	3.049878666525181e7	713.3750093960841	2.5224132614264247	3.049878666525181e7	713.3750093960841	2.5224132614264247	0.	0.	0.	0.	0.	0.	0.	0.	0.	0.	0.	0.	0.	0.	0.	0.	0.	0.	0.	0.	0.	0.	0.	0.	0.	0.	0.	0.	0.	0.	0.	0.	0.	0.	0.	0.
7.	1.	1.	1.	1.	1.	1.	-1.	-1.	-1.	-1.	-1.	-1.	0.	0.	0.	0.	0.	0.	-5522.570657334482	-26.70908102867046	-1.588210710650959	-5522.570657334482	-26.70908102867046	-1.588210710650959	0.	0.	0.	0.	0.	0.	1.	1.	1.	1.	1.	1.	1.	1.	1.	1.	1.	1.	5522.570657334482	26.70908102867046	1.588210710650959	5522.570657334482	26.70908102867046	1.588210710650959	0.	0.	0.	0.	0.	0.	0.	0.	0.	0.	0.	0.	0.	0.	0.	0.	0.	0.	0.	0.	0.	0.	0.	0.	0.	0.	0.	0.	0.	0.	0.	0.	0.	0.	0.	0.	0.	0.	0.	0.	0.	0.	-5522.570657334482	-26.70908102867046	-1.588210710650959	-5522.570657334482	-26.70908102867046	-1.588210710650959	5522.570657334482	26.70908102867046	1.588210710650959	5522.570657334482	26.70908102867046	1.588210710650959	0.	0.	0.	0.	0.	0.	3.049878666525181e7	713.3750093960841	2.5224132614264247	3.049878666525181e7	713.3750093960841	2.5224132614264247	0.	0.	0.	0.	0.	0.	0.	0.	0.	0.	0.	0.	0.	0.	0.	0.	0.	0.	0.	0.	0.	0.	0.	0.	0.	0.	0.	0.	0.	0.	0.	0.	0.	0.	0.	0.
7.125	1.	1.	1.	1.	1.	1.	-1.	-1.	-1.	-1.	-1.	-1.	0.	0.	0.	0.	0.	0.	-5522.570657334482	-26.70908102867046	-1.588210710650959	-5522.570657334482	-26.70908102867046	-1.588210710650959	0.	0.	0.	0.	0.	0.	1.	1.	1.	1.	1.	1.	1.	1.	1.	1.	1.	1.	5522.570657334482	26.70908102867046	1.588210710650959	5522.570657334482	26.70908102867046	1.588210710650959	0.	0.	0.	0.	0.	0.	0.	0.	0.	0.	0.	0.	0.	0.	0.	0.	0.	0.	0.	0.	0.	0.	0.	0.	0.	0.	0.	0.	0.	0.	0.	0.	0.	0.	0.	0.	0.	0.	0.	0.	0.	0.	-5522.570657334482	-26.70908102867046	-1.588210710650959	-5522.570657334482	-26.70908102867046	-1.588210710650959	5522.570657334482	26.70908102867046	1.588210710650959	5522.570657334482	26.70908102867046	1.588210710650959	0.	0.	0.	0.	0.	0.	3.049878666525181e7	713.3750093960841	2.5224132614264247	3.049878666525181e7	713.3750093960841	2.5224132614264247	0.	0.	0.	0.	0.	0.	0.	0.	0.	0.	0.	0.	0.	0.	0.	0.	0.	0.	0.	0.	0.	0.	0.	0.	0.	0.	0.	0.	0.	0.	0.	0.	0.	0.	0.	0.
7.25	1.	1.	1.	1.	1.	1.	-1.	-1.	-1.	-1.	-1.	-1.	0.	0.	0.	0.	0.	0.	-5522.570657334482	-26.70908102867046	-1.588210710650959	-5522.570657334482	-26.70908102867046	-1.588210710650959	0.	0.	0.	0.	0.	0.	1.	1.	1.	1.	1.	1.	1.	1.	1.	1.	1.	1.	5522.570657334482	26.70908102867046	1.588210710650959	5522.570657334482	26.70908102867046	1.588210710650959	0.	0.	0.	0.	0.	0.	0.	0.	0.	0.	0.	0.	0.	0.	0.	0.	0.	0.	0.	0.	0.	0.	0.	0.	0.	0.	0.	0.	0.	0.	0.	0.	0.	0.	0.	0.	0.	0.	0.	0.	0.	0.	-5522.570657334482	-26.70908102867046	-1.588210710650959	-5522.570657334482	-26.70908102867046	-1.588210710650959	5522.570657334482	26.70908102867046	1.588210710650959	5522.570657334482	26.70908102867046	1.588210710650959	0.	0.	0.	0.	0.	0.	3.049878666525181e7	713.3750093960841	2.5224132614264247	3.049878666525181e7	713.3750093960841	2.5224132614264247	0.	0.	0.	0.	0.	0.	0.	0.	0.	0.	0.	0.	0.	0.	0.	0.	0.	0.	0.	0.	0.	0.	0.	0.	0.	0.	0.	0.	0.	0.	0.	0.	0.	0.	0.	0.
7.375	1.	1.	1.	1.	1.	1.	-1.	-1.	-1.	-1.	-1.	-1.	0.	0.	0.	0.	0.	0.	-5522.570657334482	-26.70908102867046	-1.588210710650959	-5522.570657334482	-26.70908102867046	-1.588210710650959	0.	0.	0.	0.	0.	0.	1.	1.	1.	1.	1.	1.	1.	1.	1.	1.	1.	1.	5522.570657334482	26.70908102867046	1.588210710650959	5522.570657334482	26.70908102867046	1.588210710650959	0.	0.	0.	0.	0.	0.	0.	0.	0.	0.	0.	0.	0.	0.	0.	0.	0.	0.	0.	0.	0.	0.	0.	0.	0.	0.	0.	0.	0.	0.	0.	0.	0.	0.	0.	0.	0.	0.	0.	0.	0.	0.	-5522.570657334482	-26.70908102867046	-1.588210710650959	-5522.570657334482	-26.70908102867046	-1.588210710650959	5522.570657334482	26.70908102867046	1.588210710650959	5522.570657334482	26.70908102867046	1.588210710650959	0.	0.	0.	0.	0.	0.	3.049878666525181e7	713.3750093960841	2.5224132614264247	3.049878666525181e7	713.3750093960841	2.5224132614264247	0.	0.	0.	0.	0.	0.	0.	0.	0.	0.	0.	0.	0.	0.	0.	0.	0.	0.	0.	0.	0.	0.	0.	0.	0.	0.	0.	0.	0.	0.	0.	0.	0.	0.	0.	0.
7.5	1.	1.	1.	1.	1.	1.	-1.	-1.	-1.	-1.	-1.	-1.	0.	0.	0.	0.	0.	0.	-5522.570657334482	-26.70908102867046	-1.588210710650959	-5522.570657334482	-26.70908102867046	-1.588210710650959	0.	0.	0.	0.	0.	0.	1.	1.	1.	1.	1.	1.	1.	1.	1.	1.	1.	1.	5522.570657334482	26.70908102867046	1.588210710650959	5522.570657334482	26.70908102867046	1.588210710650959	0.	0.	0.	0.	0.	0.	0.	0.	0.	0.	0.	0.	0.	0.	0.	0.	0.	0.	0.	0.	0.	0.	0.	0.	0.	0.	0.	0.	0.	0.	0.	0.	0.	0.	0.	0.	0.	0.	0.	0.	0.	0.	-5522.570657334482	-26.70908102867046	-1.588210710650959	-5522.570657334482	-26.70908102867046	-1.588210710650959	5522.570657334482	26.70908102867046	1.588210710650959	5522.570657334482	26.70908102867046	1.588210710650959	0.	0.	0.	0.	0.	0.	3.049878666525181e7	713.3750093960841	2.5224132614264247	3.049878666525181e7	713.3750093960841	2.5224132614264247	0.	0.	0.	0.	0.	0.	0.	0.	0.	0.	0.	0.	0.	0.	0.	0.	0.	0.	0.	0.	0.	0.	0.	0.	0.	0.	0.	0.	0.	0.	0.	0.	0.	0.	0.	0.
7.625	1.	1.	1.	1.	1.	1.	-1.	-1.	-1.	-1.	-1.	-1.	0.	0.	0.	0.	0.	0.	-5522.570657334482	-26.70908102867046	-1.588210710650959	-5522.570657334482	-26.70908102867046	-1.588210710650959	0.	0.	0.	0.	0.	0.	1.	1.	1.	1.	1.	1.	1.	1.	1.	1.	1.	1.	5522.570657334482	26.70908102867046	1.588210710650959	5522.570657334482	26.70908102867046	1.588210710650959	0.	0.	0.	0.	0.	0.	0.	0.	0.	0.	0.	0.	0.	0.	0.	0.	0.	0.	0.	0.	0.	0.	0.	0.	0.	0.	0.	0.	0.	0.	0.	0.	0.	0.	0.	0.	0.	0.	0.	0.	0.	0.	-5522.570657334482	-26.70908102867046	-1.588210710650959	-5522.570657334482	-26.70908102867046	-1.588210710650959	5522.570657334482	26.70908102867046	1.588210710650959	5522.570657334482	26.70908102867046	1.588210710650959	0.	0.	0.	0.	0.	0.	3.049878666525181e7	713.3750093960841	2.5224132614264247	3.049878666525181e7	713.3750093960841	2.5224132614264247	0.	0.	0.	0.	0.	0.	0.	0.	0.	0.	0.	0.	0.	0.	0.	0.	0.	0.	0.	0.	0.	0.	0.	0.	0.	0.	0.	0.	0.	0.	0.	0.	0.	0.	0.	0.
7.75	1.	1.	1.	1.	1.	1.	-1.	-1.	-1.	-1.	-1.	-1.	0.	0.	0.	0.	0.	0.	-5522.570657334482	-26.70908102867046	-1.588210710650959	-5522.570657334482	-26.70908102867046	-1.588210710650959	0.	0.	0.	0.	0.	0.	1.	1.	1.	1.	1.	1.	1.	1.	1.	1.	1.	1.	5522.570657334482	26.70908102867046	1.588210710650959	5522.570657334482	26.70908102867046	1.588210710650959	0.	0.	0.	0.	0.	0.	0.	0.	0.	0.	0.	0.	0.	0.	0.	0.	0.	0.	0.	0.	0.	0.	0.	0.	0.	0.	0.	0.	0.	0.	0.	0.	0.	0.	0.	0.	0.	0.	0.	0.	0.	0.	-5522.570657334482	-26.70908102867046	-1.588210710650959	-5522.570657334482	-26.70908102867046	-1.588210710650959	5522.570657334482	26.70908102867046	1.588210710650959	5522.570657334482	26.70908102867046	1.588210710650959	0.	0.	0.	0.	0.	0.	3.049878666525181e7	713.3750093960841	2.5224132614264247	3.049878666525181e7	713.3750093960841	2.5224132614264247	0.	0.	0.	0.	0.	0.	0.	0.	0.	0.	0.	0.	0.	0.	0.	0.	0.	0.	0.	0.	0.	0.	0.	0.	0.	0.	0.	0.	0.	0.	0.	0.	0.	0.	0.	0.
7.875	1.	1.	1.	1.	1.	1.	-1.	-1.	-1.	-1.	-1.	-1.	0.	0.	0.	0.	0.	0.	-5522.570657334482	-26.70908102867046	-1.588210710650959	-5522.570657334482	-26.70908102867046	-1.588210710650959	0.	0.	0.	0.	0.	0.	1.	1.	1.	1.	1.	1.	1.	1.	1.	1.	1.	1.	5522.570657334482	26.70908102867046	1.588210710650959	5522.570657334482	26.70908102867046	1.588210710650959	0.	0.	0.	0.	0.	0.	0.	0.	0.	0.	0.	0.	0.	0.	0.	0.	0.	0.	0.	0.	0.	0.	0.	0.	0.	0.	0.	0.	0.	0.	0.	0.	0.	0.	0.	0.	0.	0.	0.	0.	0.	0.	-5522.570657334482	-26.70908102867046	-1.588210710650959	-5522.570657334482	-26.70908102867046	-1.588210710650959	5522.570657334482	26.70908102867046	1.588210710650959	5522.570657334482	26.70908102867046	1.588210710650959	0.	0.	0.	0.	0.	0.	3.049878666525181e7	713.3750093960841	2.5224132614264247	3.049878666525181e7	713.3750093960841	2.5224132614264247	0.	0.	0.	0.	0.	0.	0.	0.	0.	0.	0.	0.	0.	0.	0.	0.	0.	0.	0.	0.	0.	0.	0.	0.	0.	0.	0.	0.	0.	0.	0.	0.	0.	0.	0.	0.
8.	1.	1.	1.	1.	1.	1.	-1.	-1.	-1.	-1.	-1.	-1.	0.	0.	0.	0.	0.	0.	-5522.570657334482	-26.70908102867046	-1.588210710650959	-5522.570657334482	-26.70908102867046	-1.588210710650959	0.	0.	0.	0.	0.	0.	1.	1.	1.	1.	1.	1.	1.	1.	1.	1.	1.	1.	5522.570657334482	26.70908102867046	1.588210710650959	5522.570657334482	26.70908102867046	1.588210710650959	0.	0.	0.	0.	0.	0.	0.	0.	0.	0.	0.	0.	0.	0.	0.	0.	0.	0.	0.	0.	0.	0.	0.	0.	0.	0.	0.	0.	0.	0.	0.	0.	0.	0.	0.	0.	0.	0.	0.	0.	0.	0.	-5522.570657334482	-26.70908102867046	-1.588210710650959	-5522.570657334482	-26.70908102867046	-1.588210710650959	5522.570657334482	26.70908102867046	1.588210710650959	5522.570657334482	26.70908102867046	1.588210710650959	0.	0.	0.	0.	0.	0.	3.049878666525181e7	713.3750093960841	2.5224132614264247	3.049878666525181e7	713.3750093960841	2.5224132614264247	0.	0.	0.	0.	0.	0.	0.	0.	0.	0.	0.	0.	0.	0.	0.	0.	0.	0.	0.	0.	0.	0.	0.	0.	0.	0.	0.	0.	0.	0.	0.	0.	0.	0.	0.	0.
9.	1.	1.	1.	1.	1.	1.	-1.	-1.	-1.	-1.	-1.	-1.	0.	0.	0.	0.	0.	0.	-5522.570657334482	-26.70908102867046	-1.588210710650959	-5522.570657334482	-26.70908102867046	-1.588210710650959	0.	0.	0.	0.	0.	0.	1.	1.	1.	1.	1.	1.	1.	1.	1.	1.	1.	1.	5522.570657334482	26.70908102867046	1.588210710650959	5522.570657334482	26.70908102867046	1.588210710650959	0.	0.	0.	0.	0.	0.	0.	0.	0.	0.	0.	0.	0.	0.	0.	0.	0.	0.	0.	0.	0.	0.	0.	0.	0.	0.	0.	0.	0.	0.	0.	0.	0.	0.	0.	0.	0.	0.	0.	0.	0.	0.	-5522.570657334482	-26.70908102867046	-1.588210710650959	-5522.570657334482	-26.70908102867046	-1.588210710650959	5522.570657334482	26.70908102867046	1.588210710650959	5522.570657334482	26.70908102867046	1.588210710650959	0.	0.	0.	0.	0.	0.	3.049878666525181e7	713.3750093960841	2.5224132614264247	3.049878666525181e7	713.3750093960841	2.5224132614264247	0.	0.	0.	0.	0.	0.	0.	0.	0.	0.	0.	0.	0.	0.	0.	0.	0.	0.	0.	0.	0.	0.	0.	0.	0.	0.	0.	0.	0.	0.	0.	0.	0.	0.	0.	0.
10.	1.	1.	1.	1.	1.	1.	-1.	-1.	-1.	-1.	-1.	-1.	0.	0.	0.	0.	0.	0.	-5522.570657334482	-26.70908102867046	-1.588210710650959	-5522.570657334482	-26.70908102867046	-1.588210710650959	0.	0.	0.	0.	0.	0.	1.	1.	1.	1.	1.	1.	1.	1.	1.	1.	1.	1.	5522.570657334482	26.70908102867046	1.588210710650959	5522.570657334482	26.70908102867046	1.588210710650959	0.	0.	0.	0.	0.	0.	0.	0.	0.	0.	0.	0.	0.	0.	0.	0.	0.	0.	0.	0.	0.	0.	0.	0.	0.	0.	0.	0.	0.	0.	0.	0.	0.	0.	0.	0.	0.	0.	0.	0.	0.	0.	-5522.570657334482	-26.70908102867046	-1.588210710650959	-5522.570657334482	-26.70908102867046	-1.588210710650959	5522.570657334482	26.70908102867046	1.588210710650959	5522.570657334482	26.70908102867046	1.588210710650959	0.	0.	0.	0.	0.	0.	3.049878666525181e7	713.3750093960841	2.5224132614264247	3.049878666525181e7	713.3750093960841	2.5224132614264247	0.	0.	0.	0.	0.	0.	0.	0.	0.	0.	0.	0.	0.	0.	0.	0.	0.	0.	0.	0.	0.	0.	0.	0.	0.	0.	0.	0.	0.	0.	0.	0.	0.	0.	0.	0.
12.	1.	1.	1.	1.	1.	1.	-1.	-1.	-1.	-1.	-1.	-1.	0.	0.	0.	0.	0.	0.	-5522.570657334482	-26.70908102867046	-1.588210710650959	-5522.570657334482	-26.70908102867046	-1.588210710650959	0.	0.	0.	0.	0.	0.	1.	1.	1.	1.	1.	1.	1.	1.	1.	1.	1.	1.	5522.570657334482	26.70908102867046	1.588210710650959	5522.570657334482	26.70908102867046	1.588210710650959	0.	0.	0.	0.	0.	0.	0.	0.	0.	0.	0.	0.	0.	0.	0.	0.	0.	0.	0.	0.	0.	0.	0.	0.	0.	0.	0.	0.	0.	0.	0.	0.	0.	0.	0.	0.	0.	0.	0.	0.	0.	0.	-5522.570657334482	-26.70908102867046	-1.588210710650959	-5522.570657334482	-26.70908102867046	-1.588210710650959	5522.570657334482	26.70908102867046	1.588210710650959	5522.570657334482	26.70908102867046	1.588210710650959	0.	0.	0.	0.	0.	0.	3.049878666525181e7	713.3750093960841	2.5224132614264247	3.049878666525181e7	713.3750093960841	2.5224132614264247	0.	0.	0.	0.	0.	0.	0.	0.	0.	0.	0.	0.	0.	0.	0.	0.	0.	0.	0.	0.	0.	0.	0.	0.	0.	0.	0.	0.	0.	0.	0.	0.	0.	0.	0.	0.
14.	1.	1.	1.	1.	1.	1.	-1.	-1.	-1.	-1.	-1.	-1.	0.	0.	0.	0.	0.	0.	-5522.570657334482	-26.70908102867046	-1.588210710650959	-5522.570657334482	-26.70908102867046	-1.588210710650959	0.	0.	0.	0.	0.	0.	1.	1.	1.	1.	1.	1.	1.	1.	1.	1.	1.	1.	5522.570657334482	26.70908102867046	1.588210710650959	5522.570657334482	26.70908102867046	1.588210710650959	0.	0.	0.	0.	0.	0.	0.	0.	0.	0.	0.	0.	0.	0.	0.	0.	0.	0.	0.	0.	0.	0.	0.	0.	0.	0.	0.	0.	0.	0.	0.	0.	0.	0.	0.	0.	0.	0.	0.	0.	0.	0.	-5522.570657334482	-26.70908102867046	-1.588210710650959	-5522.570657334482	-26.70908102867046	-1.588210710650959	5522.570657334482	26.70908102867046	1.588210710650959	5522.570657334482	26.70908102867046	1.588210710650959	0.	0.	0.	0.	0.	0.	3.049878666525181e7	713.3750093960841	2.5224132614264247	3.049878666525181e7	713.3750093960841	2.5224132614264247	0.	0.	0.	0.	0.	0.	0.	0.	0.	0.	0.	0.	0.	0.	0.	0.	0.	0.	0.	0.	0.	0.	0.	0.	0.	0.	0.	0.	0.	0.	0.	0.	0.	0.	0.	0.
16.	1.	1.	1.	1.	1.	1.	-1.	-1.	-1.	-1.	-1.	-1.	0.	0.	0.	0.	0.	0.	-5522.570657334482	-26.70908102867046	-1.588210710650959	-5522.570657334482	-26.70908102867046	-1.588210710650959	0.	0.	0.	0.	0.	0.	1.	1.	1.	1.	1.	1.	1.	1.	1.	1.	1.	1.	5522.570657334482	26.70908102867046	1.588210710650959	5522.570657334482	26.70908102867046	1.588210710650959	0.	0.	0.	0.	0.	0.	0.	0.	0.	0.	0.	0.	0.	0.	0.	0.	0.	0.	0.	0.	0.	0.	0.	0.	0.	0.	0.	0.	0.	0.	0.	0.	0.	0.	0.	0.	0.	0.	0.	0.	0.	0.	-5522.570657334482	-26.70908102867046	-1.588210710650959	-5522.570657334482	-26.70908102867046	-1.588210710650959	5522.570657334482	26.70908102867046	1.588210710650959	5522.570657334482	26.70908102867046	1.588210710650959	0.	0.	0.	0.	0.	0.	3.049878666525181e7	713.3750093960841	2.5224132614264247	3.049878666525181e7	713.3750093960841	2.5224132614264247	0.	0.	0.	0.	0.	0.	0.	0.	0.	0.	0.	0.	0.	0.	0.	0.	0.	0.	0.	0.	0.	0.	0.	0.	0.	0.	0.	0.	0.	0.	0.	0.	0.	0.	0.	0.
18.	1.	1.	1.	1.	1.	1.	-1.	-1.	-1.	-1.	-1.	-1.	0.	0.	0.	0.	0.	0.	-5522.570657334482	-26.70908102867046	-1.588210710650959	-5522.570657334482	-26.70908102867046	-1.588210710650959	0.	0.	0.	0.	0.	0.	1.	1.	1.	1.	1.	1.	1.	1.	1.	1.	1.	1.	5522.570657334482	26.70908102867046	1.588210710650959	5522.570657334482	26.70908102867046	1.588210710650959	0.	0.	0.	0.	0.	0.	0.	0.	0.	0.	0.	0.	0.	0.	0.	0.	0.	0.	0.	0.	0.	0.	0.	0.	0.	0.	0.	0.	0.	0.	0.	0.	0.	0.	0.	0.	0.	0.	0.	0.	0.	0.	-5522.570657334482	-26.70908102867046	-1.588210710650959	-5522.570657334482	-26.70908102867046	-1.588210710650959	5522.570657334482	26.70908102867046	1.588210710650959	5522.570657334482	26.70908102867046	1.588210710650959	0.	0.	0.	0.	0.	0.	3.049878666525181e7	713.3750093960841	2.5224132614264247	3.049878666525181e7	713.3750093960841	2.5224132614264247	0.	0.	0.	0.	0.	0.	0.	0.	0.	0.	0.	0.	0.	0.	0.	0.	0.	0.	0.	0.	0.	0.	0.	0.	0.	0.	0.	0.	0.	0.	0.	0.	0.	0.	0.	0.
20.	1.	1.	1.	1.	1.	1.	-1.	-1.	-1.	-1.	-1.	-1.	0.	0.	0.	0.	0.	0.	-5522.570657334482	-26.70908102867046	-1.588210710650959	-5522.570657334482	-26.70908102867046	-1.588210710650959	0.	0.	0.	0.	0.	0.	1.	1.	1.	1.	1.	1.	1.	1.	1.	1.	1.	1.	5522.570657334482	26.70908102867046	1.588210710650959	5522.570657334482	26.70908102867046	1.588210710650959	0.	0.	0.	0.	0.	0.	0.	0.	0.	0.	0.	0.	0.	0.	0.	0.	0.	0.	0.	0.	0.	0.	0.	0.	0.	0.	0.	0.	0.	0.	0.	0.	0.	0.	0.	0.	0.	0.	0.	0.	0.	0.	-5522.570657334482	-26.70908102867046	-1.588210710650959	-5522.570657334482	-26.70908102867046	-1.588210710650959	5522.570657334482	26.70908102867046	1.588210710650959	5522.570657334482	26.70908102867046	1.588210710650959	0.	0.	0.	0.	0.	0.	3.049878666525181e7	713.3750093960841	2.5224132614264247	3.049878666525181e7	713.3750093960841	2.5224132614264247	0.	0.	0.	0.	0.	0.	0.	0.	0.	0.	0.	0.	0.	0.	0.	0.	0.	0.	0.	0.	0.	0.	0.	0.	0.	0.	0.	0.	0.	0.	0.	0.	0.	0.	0.	0.
30.	1.	1.	1.	1.	1.	1.	-1.	-1.	-1.	-1.	-1.	-1.	0.	0.	0.	0.	0.	0.	-5522.570657334482	-26.70908102867046	-1.588210710650959	-5522.570657334482	-26.70908102867046	-1.588210710650959	0.	0.	0.	0.	0.	0.	1.	1.	1.	1.	1.	1.	1.	1.	1.	1.	1.	1.	5522.570657334482	26.70908102867046	1.588210710650959	5522.570657334482	26.70908102867046	1.588210710650959	0.	0.	0.	0.	0.	0.	0.	0.	0.	0.	0.	0.	0.	0.	0.	0.	0.	0.	0.	0.	0.	0.	0.	0.	0.	0.	0.	0.	0.	0.	0.	0.	0.	0.	0.	0.	0.	0.	0.	0.	0.	0.	-5522.570657334482	-26.70908102867046	-1.588210710650959	-5522.570657334482	-26.70908102867046	-1.588210710650959	5522.570657334482	26.70908102867046	1.588210710650959	5522.570657334482	26.70908102867046	1.588210710650959	0.	0.	0.	0.	0.	0.	3.049878666525181e7	713.3750093960841	2.5224132614264247	3.049878666525181e7	713.3750093960841	2.5224132614264247	0.	0.	0.	0.	0.	0.	0.	0.	0.	0.	0.	0.	0.	0.	0.	0.	0.	0.	0.	0.	0.	0.	0.	0.	0.	0.	0.	0.	0.	0.	0.	0.	0.	0.	0.	0.
40.	1.	1.	1.	1.	1.	1.	-1.	-1.	-1.	-1.	-1.	-1.	0.	0.	0.	0.	0.	0.	-5522.570657334482	-26.70908102867046	-1.588210710650959	-5522.570657334482	-26.70908102867046	-1.588210710650959	0.	0.	0.	0.	0.	0.	1.	1.	1.	1.	1.	1.	1.	1.	1.	1.	1.	1.	5522.570657334482	26.70908102867046	1.588210710650959	5522.570657334482	26.70908102867046	1.588210710650959	0.	0.	0.	0.	0.	0.	0.	0.	0.	0.	0.	0.	0.	0.	0.	0.	0.	0.	0.	0.	0.	0.	0.	0.	0.	0.	0.	0.	0.	0.	0.	0.	0.	0.	0.	0.	0.	0.	0.	0.	0.	0.	-5522.570657334482	-26.70908102867046	-1.588210710650959	-5522.570657334482	-26.70908102867046	-1.588210710650959	5522.570657334482	26.70908102867046	1.588210710650959	5522.570657334482	26.70908102867046	1.588210710650959	0.	0.	0.	0.	0.	0.	3.049878666525181e7	713.3750093960841	2.5224132614264247	3.049878666525181e7	713.3750093960841	2.5224132614264247	0.	0.	0.	0.	0.	0.	0.	0.	0.	0.	0.	0.	0.	0.	0.	0.	0.	0.	0.	0.	0.	0.	0.	0.	0.	0.	0.	0.	0.	0.	0.	0.	0.	0.	0.	0.
50.	1.	1.	1.	1.	1.	1.	-1.	-1.	-1.	-1.	-1.	-1.	0.	0.	0.	0.	0.	0.	-5522.570657334482	-26.70908102867046	-1.588210710650959	-5522.570657334482	-26.70908102867046	-1.588210710650959	0.	0.	0.	0.	0.	0.	1.	1.	1.	1.	1.	1.	1.	1.	1.	1.	1.	1.	5522.570657334482	26.70908102867046	1.588210710650959	5522.570657334482	26.70908102867046	1.588210710650959	0.	0.	0.	0.	0.	0.	0.	0.	0.	0.	0.	0.	0.	0.	0.	0.	0.	0.	0.	0.	0.	0.	0.	0.	0.	0.	0.	0.	0.	0.	0.	0.	0.	0.	0.	0.	0.	0.	0.	0.	0.	0.	-5522.570657334482	-26.70908102867046	-1.588210710650959	-5522.570657334482	-26.70908102867046	-1.588210710650959	5522.570657334482	26.70908102867046	1.588210710650959	5522.570657334482	26.70908102867046	1.588210710650959	0.	0.	0.	0.	0.	0.	3.049878666525181e7	713.3750093960841	2.5224132614264247	3.049878666525181e7	713.3750093960841	2.5224132614264247	0.	0.	0.	0.	0.	0.	0.	0.	0.	0.	0.	0.	0.	0.	0.	0.	0.	0.	0.	0.	0.	0.	0.	0.	0.	0.	0.	0.	0.	0.	0.	0.	0.	0.	0.	0.
60.	1.	1.	1.	1.	1.	1.	-1.	-1.	-1.	-1.	-1.	-1.	0.	0.	0.	0.	0.	0.	-5522.570657334482	-26.70908102867046	-1.588210710650959	-5522.570657334482	-26.70908102867046	-1.588210710650959	0.	0.	0.	0.	0.	0.	1.	1.	1.	1.	1.	1.	1.	1.	1.	1.	1.	1.	5522.570657334482	26.70908102867046	1.588210710650959	5522.570657334482	26.70908102867046	1.588210710650959	0.	0.	0.	0.	0.	0.	0.	0.	0.	0.	0.	0.	0.	0.	0.	0.	0.	0.	0.	0.	0.	0.	0.	0.	0.	0.	0.	0.	0.	0.	0.	0.	0.	0.	0.	0.	0.	0.	0.	0.	0.	0.	-5522.570657334482	-26.70908102867046	-1.588210710650959	-5522.570657334482	-26.70908102867046	-1.588210710650959	5522.570657334482	26.70908102867046	1.588210710650959	5522.570657334482	26.70908102867046	1.588210710650959	0.	0.	0.	0.	0.	0.	3.049878666525181e7	713.3750093960841	2.5224132614264247	3.049878666525181e7	713.3750093960841	2.5224132614264247	0.	0.	0.	0.	0.	0.	0.	0.	0.	0.	0.	0.	0.	0.	0.	0.	0.	0.	0.	0.	0.	0.	0.	0.	0.	0.	0.	0.	0.	0.	0.	0.	0.	0.	0.	0.
70.	1.	1.	1.	1.	1.	1.	-1.	-1.	-1.	-1.	-1.	-1.	0.	0.	0.	0.	0.	0.	-5522.570657334482	-26.70908102867046	-1.588210710650959	-5522.570657334482	-26.70908102867046	-1.588210710650959	0.	0.	0.	0.	0.	0.	1.	1.	1.	1.	1.	1.	1.	1.	1.	1.	1.	1.	5522.570657334482	26.70908102867046	1.588210710650959	5522.570657334482	26.70908102867046	1.588210710650959	0.	0.	0.	0.	0.	0.	0.	0.	0.	0.	0.	0.	0.	0.	0.	0.	0.	0.	0.	0.	0.	0.	0.	0.	0.	0.	0.	0.	0.	0.	0.	0.	0.	0.	0.	0.	0.	0.	0.	0.	0.	0.	-5522.570657334482	-26.70908102867046	-1.588210710650959	-5522.570657334482	-26.70908102867046	-1.588210710650959	5522.570657334482	26.70908102867046	1.588210710650959	5522.570657334482	26.70908102867046	1.588210710650959	0.	0.	0.	0.	0.	0.	3.049878666525181e7	713.3750093960841	2.5224132614264247	3.049878666525181e7	713.3750093960841	2.5224132614264247	0.	0.	0.	0.	0.	0.	0.	0.	0.	0.	0.	0.	0.	0.	0.	0.	0.	0.	0.	0.	0.	0.	0.	0.	0.	0.	0.	0.	0.	0.	0.	0.	0.	0.	0.	0.
80.	1.	1.	1.	1.	1.	1.	-1.	-1.	-1.	-1.	-1.	-1.	0.	0.	0.	0.	0.	0.	-5522.570657334482	-26.70908102867046	-1.588210710650959	-5522.570657334482	-26.70908102867046	-1.588210710650959	0.	0.	0.	0.	0.	0.	1.	1.	1.	1.	1.	1.	1.	1.	1.	1.	1.	1.	5522.570657334482	26.70908102867046	1.588210710650959	5522.570657334482	26.70908102867046	1.588210710650959	0.	0.	0.	0.	0.	0.	0.	0.	0.	0.	0.	0.	0.	0.	0.	0.	0.	0.	0.	0.	0.	0.	0.	0.	0.	0.	0.	0.	0.	0.	0.	0.	0.	0.	0.	0.	0.	0.	0.	0.	0.	0.	-5522.570657334482	-26.70908102867046	-1.588210710650959	-5522.570657334482	-26.70908102867046	-1.588210710650959	5522.570657334482	26.70908102867046	1.588210710650959	5522.570657334482	26.70908102867046	1.588210710650959	0.	0.	0.	0.	0.	0.	3.049878666525181e7	713.3750093960841	2.5224132614264247	3.049878666525181e7	713.3750093960841	2.5224132614264247	0.	0.	0.	0.	0.	0.	0.	0.	0.	0.	0.	0.	0.	0.	0.	0.	0.	0.	0.	0.	0.	0.	0.	0.	0.	0.	0.	0.	0.	0.	0.	0.	0.	0.	0.	0.