-0.9030899869919436 1.0 1.0 0.0 -0.3887179487179488 -0.5648148148148148 0.0 0.0289230769230769 0.1018518518518518 0.0 0.0 0.0 0.0 0.0 0.0 0.0 -0.3887179487179488 -0.5648148148148148 0.0 0.4697435897435898 0.6666666666666665 0.0 0.0 0.0 0.0 0.0 0.0 0.0 0.0 0.0 0.0 0.0289230769230769 0.1018518518518518 0.0 0.0 0.0 0.0 0.1081025641025641 0.111111111111111 0.0 0.0 0.0 0.0 0.0 0.0 0.0 0.0 0.0 0.0 0.0 0.0 0.0 0.0 0.0 0.0 247.19528205128208 125.537037037037 0.0 0.0 0.0 0.0 0.0 0.0 0.0 0.0 0.0 0.0 0.0 0.0 0.0 0.0 0.0 0.0 0.0 0.0 0.0
-0.6020599913279624 1.0 1.0 0.0 -0.2199791789254515 -0.3068686760533219 0.0 0.0219526546870049 0.0536966647036779 0.0 0.0 0.0 0.0 0.0 0.0 0.0 -0.2199791789254515 -0.3068686760533219 0.0 0.3157561218485493 0.3971304673697736 0.0 0.0 0.0 0.0 0.0 0.0 0.0 0.0 0.0 0.0 0.0219526546870049 0.0536966647036779 0.0 0.0 0.0 0.0 0.0773548182682297 0.079929332405375 0.0 0.0 0.0 0.0 0.0 0.0 0.0 0.0 0.0 0.0 0.0 0.0 0.0 0.0 0.0 0.0 749.9144072783236 647.3333154879812 0.0 0.0 0.0 0.0 0.0 0.0 0.0 0.0 0.0 0.0 0.0 0.0 0.0 0.0 0.0 0.0 0.0 0.0 0.0
-0.4259687322722811 1.0 1.0 0.0 -0.1286093843994385 -0.1722378700111601 0.0 0.0190495287748145 0.0369878301535845 0.0 0.0 0.0 0.0 0.0 0.0 0.0 -0.1286093843994385 -0.1722378700111601 0.0 0.2874473631441749 0.3217834936493596 0.0 0.0 0.0 0.0 0.0 0.0 0.0 0.0 0.0 0.0 0.0190495287748145 0.0369878301535845 0.0 0.0 0.0 0.0 0.061810707840385 0.0638518361056491 0.0 0.0 0.0 0.0 0.0 0.0 0.0 0.0 0.0 0.0 0.0 0.0 0.0 0.0 0.0 0.0 1095.2924102666934 1047.9146782165062 0.0 0.0 0.0 0.0 0.0 0.0 0.0 0.0 0.0 0.0 0.0 0.0 0.0 0.0 0.0 0.0 0.0 0.0 0.0
-0.3010299956639812 1.0 1.0 0.0 -0.0746616626862276 -0.1012017217536957 0.0 0.0172485689374123 0.0297216757883255 0.0 0.0 0.0 0.0 0.0 0.0 0.0 -0.0746616626862276 -0.1012017217536957 0.0 0.2979642897759581 0.3161482577956099 0.0 0.0 0.0 0.0 0.0 0.0 0.0 0.0 0.0 0.0 0.0172485689374123 0.0297216757883255 0.0 0.0 0.0 0.0 0.0520679328253534 0.0536197728999084 0.0 0.0 0.0 0.0 0.0 0.0 0.0 0.0 0.0 0.0 0.0 0.0 0.0 0.0 0.0 0.0 1279.3521930323363 1260.8704010283775 0.0 0.0 0.0 0.0 0.0 0.0 0.0 0.0 0.0 0.0 0.0 0.0 0.0 0.0 0.0 0.0 0.0 0.0 0.0
-0.2041199826559248 1.0 1.0 0.0 -0.040723759620108 -0.058943798932828 0.0 0.0158834124774848 0.025598829767782 0.0 0.0 0.0 0.0 0.0 0.0 0.0 -0.040723759620108 -0.058943798932828 0.0 0.323235631242836 0.3343971808042021 0.0 0.0 0.0 0.0 0.0 0.0 0.0 0.0 0.0 0.0 0.0158834124774848 0.025598829767782 0.0 0.0 0.0 0.0 0.0450139184542328 0.0461942518991339 0.0 0.0 0.0 0.0 0.0 0.0 0.0 0.0 0.0 0.0 0.0 0.0 0.0 0.0 0.0 0.0 1349.5427050925168 1345.1555710699977 0.0 0.0 0.0 0.0 0.0 0.0 0.0 0.0 0.0 0.0 0.0 0.0 0.0 0.0 0.0 0.0 0.0 0.0 0.0
-0.1249387366082999 1.0 1.0 0.0 -0.0186061274769123 -0.0317147956615257 0.0 0.0146763198863378 0.0227907189602306 0.0 0.0 0.0 0.0 0.0 0.0 0.0 -0.0186061274769123 -0.0317147956615257 0.0 0.3545442178927162 0.3609750888593962 0.0 0.0 0.0 0.0 0.0 0.0 0.0 0.0 0.0 0.0 0.0146763198863378 0.0227907189602306 0.0 0.0 0.0 0.0 0.0394341077069572 0.0404558143792046 0.0 0.0 0.0 0.0 0.0 0.0 0.0 0.0 0.0 0.0 0.0 0.0 0.0 0.0 0.0 0.0 1348.7781623615122 1353.276844690556 0.0 0.0 0.0 0.0 0.0 0.0 0.0 0.0 0.0 0.0 0.0 0.0 0.0 0.0 0.0 0.0 0.0 0.0 0.0
-0.0579919469776867 1.0 1.0 0.0 -0.0018692130468172 -0.0122550807522285 0.0 0.0136640922724704 0.0206731540784616 0.0 0.0 0.0 0.0 0.0 0.0 0.0 -0.0018692130468172 -0.0122550807522285 0.0 0.3838986857548577 0.3885444173730358 0.0 0.0 0.0 0.0 0.0 0.0 0.0 0.0 0.0 0.0 0.0136640922724704 0.0206731540784616 0.0 0.0 0.0 0.0 0.0350223870864909 0.0358607005821163 0.0 0.0 0.0 0.0 0.0 0.0 0.0 0.0 0.0 0.0 0.0 0.0 0.0 0.0 0.0 0.0 1311.152246678162 1319.773047575974 0.0 0.0 0.0 0.0 0.0 0.0 0.0 0.0 0.0 0.0 0.0 0.0 0.0 0.0 0.0 0.0 0.0 0.0 0.0
0.0 1.0 1.0 0.0 0.0087575259989053 7.05039623226e-05 0.0 0.0126591161073919 0.0189373642798725 0.0 0.0 0.0 0.0 0.0 0.0 0.0 0.0087575259989053 7.05039623226e-05 0.0 0.4170350722074859 0.4207253447643757 0.0 0.0 0.0 0.0 0.0 0.0 0.0 0.0 0.0 0.0 0.0126591161073919 0.0189373642798725 0.0 0.0 0.0 0.0 0.0310723758999621 0.0317831862150652 0.0 0.0 0.0 0.0 0.0 0.0 0.0 0.0 0.0 0.0 0.0 0.0 0.0 0.0 0.0 0.0 1241.182083561394 1251.9699653120506 0.0 0.0 0.0 0.0 0.0 0.0 0.0 0.0 0.0 0.0 0.0 0.0 0.0 0.0 0.0 0.0 0.0 0.0 0.0
0.0511525224473812 1.0 1.0 0.0 0.0197592582248785 0.0129330901949782 0.0 0.0118695190750153 0.0175340159910225 0.0 0.0 0.0 0.0 0.0 0.0 0.0 0.0197592582248785 0.0129330901949782 0.0 0.4416717868513657 0.4438210127647636 0.0 0.0 0.0 0.0 0.0 0.0 0.0 0.0 0.0 0.0 0.0118695190750153 0.0175340159910225 0.0 0.0 0.0 0.0 0.0281237781377422 0.0287417590124842 0.0 0.0 0.0 0.0 0.0 0.0 0.0 0.0 0.0 0.0 0.0 0.0 0.0 0.0 0.0 0.0 1181.1817991398088 1192.060050497966 0.0 0.0 0.0 0.0 0.0 0.0 0.0 0.0 0.0 0.0 0.0 0.0 0.0 0.0 0.0 0.0 0.0 0.0 0.0
0.0969100130080564 1.0 1.0 0.0 0.0245308458532827 0.018699332955848 0.0 0.0110340652688349 0.0162686958803463 0.0 0.0 0.0 0.0 0.0 0.0 0.0 0.0245308458532827 0.018699332955848 0.0 0.4728000660392934 0.4743333011089782 0.0 0.0 0.0 0.0 0.0 0.0 0.0 0.0 0.0 0.0 0.0110340652688349 0.0162686958803463 0.0 0.0 0.0 0.0 0.025149964228716 0.0257012249858443 0.0 0.0 0.0 0.0 0.0 0.0 0.0 0.0 0.0 0.0 0.0 0.0 0.0 0.0 0.0 0.0 1095.297520774861 1107.2074880194452 0.0 0.0 0.0 0.0 0.0 0.0 0.0 0.0 0.0 0.0 0.0 0.0 0.0 0.0 0.0 0.0 0.0 0.0 0.0
0.1383026981662814 1.0 1.0 0.0 0.0311338673713766 0.025817484726034 0.0 0.0103366641891705 0.0151981133376546 0.0 0.0 0.0 0.0 0.0 0.0 0.0 0.0311338673713766 0.025817484726034 0.0 0.4966829080298401 0.4981726406377139 0.0 0.0 0.0 0.0 0.0 0.0 0.0 0.0 0.0 0.0 0.0103366641891705 0.0151981133376546 0.0 0.0 0.0 0.0 0.0228480193795248 0.0233074514887807 0.0 0.0 0.0 0.0 0.0 0.0 0.0 0.0 0.0 0.0 0.0 0.0 0.0 0.0 0.0 0.0 1025.71068351364 1036.0475113434195 0.0 0.0 0.0 0.0 0.0 0.0 0.0 0.0 0.0 0.0 0.0 0.0 0.0 0.0 0.0 0.0 0.0 0.0 0.0
0.1760912590556812 1.0 1.0 0.0 0.0359508171891996 0.0313997321218983 0.0 0.0097071337106034 0.0142362022065423 0.0 0.0 0.0 0.0 0.0 0.0 0.0 0.0359508171891996 0.0313997321218983 0.0 0.5194211519132004 0.5205258143356208 0.0 0.0 0.0 0.0 0.0 0.0 0.0 0.0 0.0 0.0 0.0097071337106034 0.0142362022065423 0.0 0.0 0.0 0.0 0.0208049348038608 0.0212231258888996 0.0 0.0 0.0 0.0 0.0 0.0 0.0 0.0 0.0 0.0 0.0 0.0 0.0 0.0 0.0 0.0 955.7162350090186 966.0845472998164 0.0 0.0 0.0 0.0 0.0 0.0 0.0 0.0 0.0 0.0 0.0 0.0 0.0 0.0 0.0 0.0 0.0 0.0 0.0
0.2108533653148931 1.0 1.0 0.0 0.0401055554028423 0.0360633590206647 0.0 0.0091261442040737 0.0133859027557589 0.0 0.0 0.0 0.0 0.0 0.0 0.0 0.0401055554028423 0.0360633590206647 0.0 0.5408202534429204 0.5415155985056315 0.0 0.0 0.0 0.0 0.0 0.0 0.0 0.0 0.0 0.0 0.0091261442040737 0.0133859027557589 0.0 0.0 0.0 0.0 0.018980730641304 0.0193551055294393 0.0 0.0 0.0 0.0 0.0 0.0 0.0 0.0 0.0 0.0 0.0 0.0 0.0 0.0 0.0 0.0 887.8665988619808 898.4431685024608 0.0 0.0 0.0 0.0 0.0 0.0 0.0 0.0 0.0 0.0 0.0 0.0 0.0 0.0 0.0 0.0 0.0 0.0 0.0
0.2430380486862944 1.0 1.0 0.0 0.0435228280141843 0.0395675975330884 0.0 0.0086159131205673 0.012625597671679 0.0 0.0 0.0 0.0 0.0 0.0 0.0 0.0435228280141843 0.0395675975330884 0.0 0.5606438386524822 0.5616381401150302 0.0 0.0 0.0 0.0 0.0 0.0 0.0 0.0 0.0 0.0 0.0086159131205673 0.012625597671679 0.0 0.0 0.0 0.0 0.0174396054964539 0.0177534474395398 0.0 0.0 0.0 0.0 0.0 0.0 0.0 0.0 0.0 0.0 0.0 0.0 0.0 0.0 0.0 0.0 829.6056626773051 837.7715889404753 0.0 0.0 0.0 0.0 0.0 0.0 0.0 0.0 0.0 0.0 0.0 0.0 0.0 0.0 0.0 0.0 0.0 0.0 0.0
0.2730012720637376 1.0 1.0 0.0 0.0458779272338594 0.0420226436063068 0.0 0.0081344827107538 0.0119191498228797 0.0 0.0 0.0 0.0 0.0 0.0 0.0 0.0458779272338594 0.0420226436063068 0.0 0.5795888338261219 0.5806070709175523 0.0 0.0 0.0 0.0 0.0 0.0 0.0 0.0 0.0 0.0 0.0081344827107538 0.0119191498228797 0.0 0.0 0.0 0.0 0.0160052193950499 0.0162811696881294 0.0 0.0 0.0 0.0 0.0 0.0 0.0 0.0 0.0 0.0 0.0 0.0 0.0 0.0 0.0 0.0 771.3635669567873 778.7268736542335 0.0 0.0 0.0 0.0 0.0 0.0 0.0 0.0 0.0 0.0 0.0 0.0 0.0 0.0 0.0 0.0 0.0 0.0 0.0
0.3010299956639812 1.0 1.0 0.0 0.0484036789018866 0.0456154532277845 0.0 0.0076829031092833 0.0112888839335488 0.0 0.0 0.0 0.0 0.0 0.0 0.0 0.0484036789018866 0.0456154532277845 0.0 0.5970296479479841 0.5970844018285204 0.0 0.0 0.0 0.0 0.0 0.0 0.0 0.0 0.0 0.0 0.0076829031092833 0.0112888839335488 0.0 0.0 0.0 0.0 0.0147406151879741 0.0150239714572416 0.0 0.0 0.0 0.0 0.0 0.0 0.0 0.0 0.0 0.0 0.0 0.0 0.0 0.0 0.0 0.0 718.3601100336214 726.999832757275 0.0 0.0 0.0 0.0 0.0 0.0 0.0 0.0 0.0 0.0 0.0 0.0 0.0 0.0 0.0 0.0 0.0 0.0 0.0
0.3273589343863303 1.0 1.0 0.0 0.0502632639168669 0.0475580553544578 0.0 0.007279698809408 0.0107200534610458 0.0 0.0 0.0 0.0 0.0 0.0 0.0 0.0502632639168669 0.0475580553544578 0.0 0.6135369055723037 0.6138692431920698 0.0 0.0 0.0 0.0 0.0 0.0 0.0 0.0 0.0 0.0 0.007279698809408 0.0107200534610458 0.0 0.0 0.0 0.0 0.013586918770231 0.0138246923205435 0.0 0.0 0.0 0.0 0.0 0.0 0.0 0.0 0.0 0.0 0.0 0.0 0.0 0.0 0.0 0.0 667.465331129048 674.775282619591 0.0 0.0 0.0 0.0 0.0 0.0 0.0 0.0 0.0 0.0 0.0 0.0 0.0 0.0 0.0 0.0 0.0 0.0 0.0
0.3521825181113625 1.0 1.0 0.0 0.0529329997219905 0.0500947286303354 0.0 0.0069224353628023 0.0101972584419926 0.0 0.0 0.0 0.0 0.0 0.0 0.0 0.0529329997219905 0.0500947286303354 0.0 0.6282040589380039 0.6285523236375794 0.0 0.0 0.0 0.0 0.0 0.0 0.0 0.0 0.0 0.0 0.0069224353628023 0.0101972584419926 0.0 0.0 0.0 0.0 0.0125660272449263 0.0127883650952858 0.0 0.0 0.0 0.0 0.0 0.0 0.0 0.0 0.0 0.0 0.0 0.0 0.0 0.0 0.0 0.0 622.0240339171531 629.0637467959434 0.0 0.0 0.0 0.0 0.0 0.0 0.0 0.0 0.0 0.0 0.0 0.0 0.0 0.0 0.0 0.0 0.0 0.0 0.0
0.3756636139608854 1.0 1.0 0.0 0.0532603981588998 0.0506261880800626 0.0 0.0065893479203682 0.0097282791009728 0.0 0.0 0.0 0.0 0.0 0.0 0.0 0.0532603981588998 0.0506261880800626 0.0 0.6426782691419858 0.6431706362518169 0.0 0.0 0.0 0.0 0.0 0.0 0.0 0.0 0.0 0.0 0.0065893479203682 0.0097282791009728 0.0 0.0 0.0 0.0 0.0116537724366597 0.0118388683886838 0.0 0.0 0.0 0.0 0.0 0.0 0.0 0.0 0.0 0.0 0.0 0.0 0.0 0.0 0.0 0.0 580.6380755186838 585.9907888851616 0.0 0.0 0.0 0.0 0.0 0.0 0.0 0.0 0.0 0.0 0.0 0.0 0.0 0.0 0.0 0.0 0.0 0.0 0.0
0.3979400086720376 1.0 1.0 1.0 0.0552208975667025 0.0529853254172734 -0.5 0.0062754196424827 0.0092836339195698 0.0 0.0 0.0 0.0 0.0 0.0 0.0 0.0552208975667025 0.0529853254172734 -0.5 0.655997987393255 0.6561414809006385 0.5 0.0 0.0 0.0 0.0 0.0 0.0 0.0 0.0 0.0 0.0062754196424827 0.0092836339195698 0.0 0.0 0.0 0.0 0.0107618555116074 0.0109499271871849 0.0 0.0 0.0 0.0 0.0 0.0 0.0 0.0 0.0 0.0 0.0 0.0 0.0 0.0 0.0 0.0 538.3657633230373 544.5323877002353 3189.5 0.0 0.0 0.0 0.0 0.0 0.0 0.0 0.0 0.0 0.0 0.0 0.0 0.0 0.0 0.0 0.0 0.0 0.0
0.4191293077419757 1.0 1.0 1.0 0.0557633268210996 0.0540657924232234 -0.25 0.0059866034049679 0.008882537547635 0.0 0.0 0.0 0.0 0.0 0.0 0.0 0.0557633268210996 0.0540657924232234 -0.25 0.6692855149316215 0.6689643577673168 0.5 0.0 0.0 0.0 0.0 0.0 0.0 0.0 0.0 0.0 0.0059866034049679 0.008882537547635 0.0 0.0 0.0 0.0 0.0099218531956461 0.0101014346559067 0.0 0.0 0.0 0.0 0.0 0.0 0.0 0.0 0.0 0.0 0.0 0.0 0.0 0.0 0.0 0.0 497.6342310912642 504.0594177314503 3262.75 0.0 0.0 0.0 0.0 0.0 0.0 0.0 0.0 0.0 0.0 0.0 0.0 0.0 0.0 0.0 0.0 0.0 0.0
0.4393326938302626 1.0 1.0 1.0 0.0566887044591363 0.0549714205066685 -0.3 0.0057251371500914 0.0085103380142544 0.0333333333333333 0.0 0.0 0.0 0.0 0.0 0.0 0.0566887044591363 0.0549714205066685 -0.3 0.6805035870023913 0.6803471879189894 0.5333333333333333 0.0 0.0 0.0 0.0 0.0 0.0 0.0 0.0 0.0 0.0057251371500914 0.0085103380142544 0.0333333333333333 0.0 0.0 0.0 0.0091996061330707 0.009371251146708 0.0666666666666666 0.0 0.0 0.0 0.0 0.0 0.0 0.0 0.0 0.0 0.0 0.0 0.0 0.0 0.0 0.0 462.9131101420734 469.0872344929786 2991.4 0.0 0.0 0.0 0.0 0.0 0.0 0.0 0.0 0.0 0.0 0.0 0.0 0.0 0.0 0.0 0.0 0.0 0.0
0.4586378490256493 1.0 1.0 1.0 0.0576338028169014 0.0562329570340647 -0.3 0.0054788732394366 0.0081664947652485 0.0454545454545454 0.0 0.0 0.0 0.0 0.0 0.0 0.0576338028169014 0.0562329570340647 -0.3 0.6918591549295775 0.6914816960311966 0.5363636363636364 0.0 0.0 0.0 0.0 0.0 0.0 0.0 0.0 0.0 0.0054788732394366 0.0081664947652485 0.0454545454545454 0.0 0.0 0.0 0.0084929577464788 0.0086610056939401 0.0545454545454545 0.0 0.0 0.0 0.0 0.0 0.0 0.0 0.0 0.0 0.0 0.0 0.0 0.0 0.0 0.0 428.0874366197183 433.6866072311627 2992.4181818181823 0.0 0.0 0.0 0.0 0.0 0.0 0.0 0.0 0.0 0.0 0.0 0.0 0.0 0.0 0.0 0.0 0.0 0.0
0.4771212547196624 1.0 1.0 1.0 0.0589050589050589 0.0573705517651388 -0.2989690721649484 0.0052611481182909 0.0078419160320471 0.0463917525773195 0.0 0.0 0.0 0.0 0.0 0.0 0.0589050589050589 0.0573705517651388 -0.2989690721649484 0.701854130425559 0.7017099340373127 0.538659793814433 0.0 0.0 0.0 0.0 0.0 0.0 0.0 0.0 0.0 0.0052611481182909 0.0078419160320471 0.0463917525773195 0.0 0.0 0.0 0.0078775793061507 0.0080117770291311 0.0541237113402061 0.0 0.0 0.0 0.0 0.0 0.0 0.0 0.0 0.0 0.0 0.0 0.0 0.0 0.0 0.0 397.2352808067093 401.9570251677377 2914.353092783505 0.0 0.0 0.0 0.0 0.0 0.0 0.0 0.0 0.0 0.0 0.0 0.0 0.0 0.0 0.0 0.0 0.0 0.0
0.494850021680094 1.0 1.0 1.0 0.0601945884525246 0.0581382132302796 -0.3024574669187145 0.0050422555216248 0.0075301204819277 0.0472589792060491 0.0 0.0 0.0 0.0 0.0 0.0 0.0601945884525246 0.0581382132302796 -0.3024574669187145 0.7114835594062922 0.711695839963628 0.5453686200378072 0.0 0.0 0.0 0.0 0.0 0.0 0.0 0.0 0.0 0.0050422555216248 0.0075301204819277 0.0472589792060491 0.0 0.0 0.0 0.0073006178538456 0.0074306660604682 0.052930056710775 0.0 0.0 0.0 0.0 0.0 0.0 0.0 0.0 0.0 0.0 0.0 0.0 0.0 0.0 0.0 368.8607343228464 373.0424528301886 2801.606805293006 0.0 0.0 0.0 0.0 0.0 0.0 0.0 0.0 0.0 0.0 0.0 0.0 0.0 0.0 0.0 0.0 0.0 0.0
0.5118833609788743 1.0 1.0 1.0 0.0608893632159373 0.0585995225645106 -0.3037466547725245 0.0048381358946993 0.0072467886779583 0.0463871543264942 0.0 0.0 0.0 0.0 0.0 0.0 0.0608893632159373 0.0585995225645106 -0.3037466547725245 0.7207541800071149 0.7212401955212003 0.556199821587868 0.0 0.0 0.0 0.0 0.0 0.0 0.0 0.0 0.0 0.0048381358946993 0.0072467886779583 0.0463871543264942 0.0 0.0 0.0 0.0067876200640341 0.0068915539388427 0.051293487957181 0.0 0.0 0.0 0.0 0.0 0.0 0.0 0.0 0.0 0.0 0.0 0.0 0.0 0.0 0.0 342.61304873710424 345.9329458906445 2672.3322925958964 0.0 0.0 0.0 0.0 0.0 0.0 0.0 0.0 0.0 0.0 0.0 0.0 0.0 0.0 0.0 0.0 0.0 0.0
0.5282737771670437 1.0 1.0 1.0 0.0622439219381272 0.0604230038701569 -0.3050546101092202 0.0046682941453595 0.006997700755466 0.0457200914401828 0.0 0.0 0.0 0.0 0.0 0.0 0.0622439219381272 0.0604230038701569 -0.3050546101092202 0.7291390066669522 0.7293460720049126 0.569723139446279 0.0 0.0 0.0 0.0 0.0 0.0 0.0 0.0 0.0 0.0046682941453595 0.006997700755466 0.0457200914401828 0.0 0.0 0.0 0.006310048967122 0.0064264598774688 0.049022098044196 0.0 0.0 0.0 0.0 0.0 0.0 0.0 0.0 0.0 0.0 0.0 0.0 0.0 0.0 0.0 319.0696389567005 322.6441312140297 2533.726187452375 0.0 0.0 0.0 0.0 0.0 0.0 0.0 0.0 0.0 0.0 0.0 0.0 0.0 0.0 0.0 0.0 0.0 0.0
0.5440680443502757 1.0 1.0 1.0 0.0621417237287893 0.0605956471935853 -0.3063316250619937 0.0044887281460409 0.0067439862542955 0.0449661101008431 0.0 0.0 0.0 0.0 0.0 0.0 0.0621417237287893 0.0605956471935853 -0.3063316250619937 0.7374665847068747 0.737471363115693 0.5852206976359728 0.0 0.0 0.0 0.0 0.0 0.0 0.0 0.0 0.0 0.0044887281460409 0.0067439862542955 0.0449661101008431 0.0 0.0 0.0 0.0058896687776078 0.0059994272623138 0.046453959332121 0.0 0.0 0.0 0.0 0.0 0.0 0.0 0.0 0.0 0.0 0.0 0.0 0.0 0.0 0.0 297.43506354266435 301.0922966781214 2385.179533807241 0.0 0.0 0.0 0.0 0.0 0.0 0.0 0.0 0.0 0.0 0.0 0.0 0.0 0.0 0.0 0.0 0.0 0.0
0.5593080109070125 1.0 1.0 1.0 0.063125679308964 0.0613061878073887 -0.307628914527902 0.0043189748870201 0.0065052041633306 0.044148810925359 0.0 0.0 0.0 0.0 0.0 0.0 0.063125679308964 0.0613061878073887 -0.307628914527902 0.7454236027687203 0.7456536657897748 0.6011302095596892 0.0 0.0 0.0 0.0 0.0 0.0 0.0 0.0 0.0 0.0043189748870201 0.0065052041633306 0.044148810925359 0.0 0.0 0.0 0.0054916766775356 0.0055901864348621 0.0440310807628914 0.0 0.0 0.0 0.0 0.0 0.0 0.0 0.0 0.0 0.0 0.0 0.0 0.0 0.0 0.0 277.68156856015105 280.68180258492515 2238.47139157052 0.0 0.0 0.0 0.0 0.0 0.0 0.0 0.0 0.0 0.0 0.0 0.0 0.0 0.0 0.0 0.0 0.0 0.0
0.5740312677277188 1.0 1.0 1.0 0.0644010244309516 0.0631768692768043 -0.308478221903567 0.0041869298725216 0.0063162448626433 0.0432873274780426 0.0 0.0 0.0 0.0 0.0 0.0 0.0644010244309516 0.0631768692768043 -0.308478221903567 0.7517625392075048 0.7517196625567812 0.6165979566230507 0.0 0.0 0.0 0.0 0.0 0.0 0.0 0.0 0.0 0.0041869298725216 0.0063162448626433 0.0432873274780426 0.0 0.0 0.0 0.0051797070587896 0.005263537385536 0.0415845133536476 0.0 0.0 0.0 0.0 0.0 0.0 0.0 0.0 0.0 0.0 0.0 0.0 0.0 0.0 0.0 261.60655808465947 264.8025668757661 2100.348539164725 0.0 0.0 0.0 0.0 0.0 0.0 0.0 0.0 0.0 0.0 0.0 0.0 0.0 0.0 0.0 0.0 0.0 0.0
0.5882717068423291 1.0 1.0 1.0 0.0645760442313507 0.0636065384226272 -0.3078920790650699 0.0040459015449296 0.0060990591261869 0.0424181214831914 0.0 0.0 0.0 0.0 0.0 0.0 0.0645760442313507 0.0636065384226272 -0.3078920790650699 0.7592616589636157 0.758913731554682 0.6315106045303707 0.0 0.0 0.0 0.0 0.0 0.0 0.0 0.0 0.0 0.0040459015449296 0.0060990591261869 0.0424181214831914 0.0 0.0 0.0 0.0048378039825493 0.0049428393866254 0.0392439763381907 0.0 0.0 0.0 0.0 0.0 0.0 0.0 0.0 0.0 0.0 0.0 0.0 0.0 0.0 0.0 244.55970224468348 248.06385223511728 1968.008440340499 0.0 0.0 0.0 0.0 0.0 0.0 0.0 0.0 0.0 0.0 0.0 0.0 0.0 0.0 0.0 0.0 0.0 0.0
0.6020599913279624 1.0 1.0 1.0 0.0649254811170597 0.0641090724490536 -0.3077479214363177 0.0039068152221096 0.0059177605337587 0.0415110254247499 0.0 0.0 0.0 0.0 0.0 0.0 0.0649254811170597 0.0641090724490536 -0.3077479214363177 0.7656779047894661 0.7653636956994706 0.6462826846608025 0.0 0.0 0.0 0.0 0.0 0.0 0.0 0.0 0.0 0.0039068152221096 0.0059177605337587 0.0415110254247499 0.0 0.0 0.0 0.0045579510924612 0.0046558851258249 0.03705265694662 0.0 0.0 0.0 0.0 0.0 0.0 0.0 0.0 0.0 0.0 0.0 0.0 0.0 0.0 0.0 230.80999855303145 233.94288200739723 1840.6688757681648 0.0 0.0 0.0 0.0 0.0 0.0 0.0 0.0 0.0 0.0 0.0 0.0 0.0 0.0 0.0 0.0 0.0 0.0
0.6154239528859439 1.0 1.0 1.0 0.0654495399550822 0.0653011382633851 -0.306118198385837 0.0037817865681373 0.0057421971536146 0.0406144233272585 0.0 0.0 0.0 0.0 0.0 0.0 0.0654495399550822 0.0653011382633851 -0.306118198385837 0.7719336376150112 0.7712861067903298 0.6607654256703982 0.0 0.0 0.0 0.0 0.0 0.0 0.0 0.0 0.0 0.0037817865681373 0.0057421971536146 0.0406144233272585 0.0 0.0 0.0 0.0043034123016735 0.004390236811118 0.0348346784691486 0.0 0.0 0.0 0.0 0.0 0.0 0.0 0.0 0.0 0.0 0.0 0.0 0.0 0.0 0.0 217.46736216764472 220.58480280277368 1717.6119239781303 0.0 0.0 0.0 0.0 0.0 0.0 0.0 0.0 0.0 0.0 0.0 0.0 0.0 0.0 0.0 0.0 0.0 0.0
0.6283889300503115 1.0 1.0 1.0 0.0655784980966662 0.0638570893047665 -0.3040531193802739 0.0036480562925366 0.0055509097724847 0.0397012034859593 0.0 0.0 0.0 0.0 0.0 0.0 0.0655784980966662 0.0638570893047665 -0.3040531193802739 0.7783769754296921 0.7786412526312753 0.6746437958223821 0.0 0.0 0.0 0.0 0.0 0.0 0.0 0.0 0.0 0.0036480562925366 0.0055509097724847 0.0397012034859593 0.0 0.0 0.0 0.0040373745530049 0.0040946970789238 0.0326923963664868 0.0 0.0 0.0 0.0 0.0 0.0 0.0 0.0 0.0 0.0 0.0 0.0 0.0 0.0 0.0 203.98109643557504 206.0967011736209 1599.8813574952735 0.0 0.0 0.0 0.0 0.0 0.0 0.0 0.0 0.0 0.0 0.0 0.0 0.0 0.0 0.0 0.0 0.0 0.0
0.640978057358332 1.0 1.0 1.0 0.06675457153621 0.0659107428405291 -0.3030038638913125 0.003550004346944 0.005393225759558 0.0387635547800074 0.0 0.0 0.0 0.0 0.0 0.0 0.06675457153621 0.0659107428405291 -0.3030038638913125 0.783406265395427 0.7831225468818143 0.6891852590469069 0.0 0.0 0.0 0.0 0.0 0.0 0.0 0.0 0.0 0.003550004346944 0.005393225759558 0.0387635547800074 0.0 0.0 0.0 0.003825310806503 0.0038959151039395 0.0305787527525032 0.0 0.0 0.0 0.0 0.0 0.0 0.0 0.0 0.0 0.0 0.0 0.0 0.0 0.0 0.0 193.4626307705683 196.17913940979795 1481.502181228967 0.0 0.0 0.0 0.0 0.0 0.0 0.0 0.0 0.0 0.0 0.0 0.0 0.0 0.0 0.0 0.0 0.0 0.0
0.6532125137753437 1.0 1.0 1.0 0.0683463696897444 0.0672216320055884 -0.3005044714515019 0.0034602076124567 0.0052537365564012 0.0378353588626461 0.0 0.0 0.0 0.0 0.0 0.0 0.0683463696897444 0.0672216320055884 -0.3005044714515019 0.7880113983309586 0.7880604834601895 0.7022089734770312 0.0 0.0 0.0 0.0 0.0 0.0 0.0 0.0 0.0 0.0034602076124567 0.0052537365564012 0.0378353588626461 0.0 0.0 0.0 0.0036346718618243 0.0036965348623986 0.0286631506535198 0.0 0.0 0.0 0.0 0.0 0.0 0.0 0.0 0.0 0.0 0.0 0.0 0.0 0.0 0.0 183.7807420546073 185.94001135156373 1376.1842849499349 0.0 0.0 0.0 0.0 0.0 0.0 0.0 0.0 0.0 0.0 0.0 0.0 0.0 0.0 0.0 0.0 0.0 0.0
0.6651117370750514 1.0 1.0 1.0 0.0679490527170917 0.0671490004649 -0.2988465076781544 0.0033510314213595 0.0050993723849372 0.0369400608591041 0.0 0.0 0.0 0.0 0.0 0.0 0.0679490527170917 0.0671490004649 -0.2988465076781544 0.7936286883105579 0.7935117387261739 0.7153421555445474 0.0 0.0 0.0 0.0 0.0 0.0 0.0 0.0 0.0 0.0033510314213595 0.0050993723849372 0.0369400608591041 0.0 0.0 0.0 0.0034380711985377 0.0035012784751278 0.0267496992427995 0.0 0.0 0.0 0.0 0.0 0.0 0.0 0.0 0.0 0.0 0.0 0.0 0.0 0.0 0.0 173.66626048103984 175.7693659925616 1272.4391762791026 0.0 0.0 0.0 0.0 0.0 0.0 0.0 0.0 0.0 0.0 0.0 0.0 0.0 0.0 0.0 0.0 0.0 0.0
0.6766936096248666 1.0 1.0 1.0 0.066856000231837 0.0654799008451357 -0.296028880866426 0.0032457182600631 0.0049577432120957 0.0360348425131653 0.0 0.0 0.0 0.0 0.0 0.0 0.066856000231837 0.0654799008451357 -0.296028880866426 0.799171182658591 0.7992983778612123 0.7274202629748617 0.0 0.0 0.0 0.0 0.0 0.0 0.0 0.0 0.0 0.0032457182600631 0.0049577432120957 0.0360348425131653 0.0 0.0 0.0 0.0032457182600631 0.0033051621413971 0.0250389163051038 0.0 0.0 0.0 0.0 0.0 0.0 0.0 0.0 0.0 0.0 0.0 0.0 0.0 0.0 0.0 164.2722346190628 166.09645854775815 1178.966714139039 0.0 0.0 0.0 0.0 0.0 0.0 0.0 0.0 0.0 0.0 0.0 0.0 0.0 0.0 0.0 0.0 0.0 0.0
0.6879746200345557 1.0 1.0 1.0 0.0692555972601539 0.0682113690484886 -0.2922198160876251 0.0031692249273415 0.004850326520475 0.0351818723911747 0.0 0.0 0.0 0.0 0.0 0.0 0.0692555972601539 0.0682113690484886 -0.2922198160876251 0.8027486089001183 0.8028020862247804 0.7383799391143332 0.0 0.0 0.0 0.0 0.0 0.0 0.0 0.0 0.0 0.0031692249273415 0.004850326520475 0.0351818723911747 0.0 0.0 0.0 0.0031108060346716 0.0031556341217548 0.0234441201393465 0.0 0.0 0.0 0.0 0.0 0.0 0.0 0.0 0.0 0.0 0.0 0.0 0.0 0.0 0.0 157.20332695593754 159.00566845388536 1095.1649248344474 0.0 0.0 0.0 0.0 0.0 0.0 0.0 0.0 0.0 0.0 0.0 0.0 0.0 0.0 0.0 0.0 0.0 0.0
0.6989700043360189 1.0 1.0 1.0 0.0689379049282958 0.0686507531460068 -0.2875973636908328 0.0030865545606755 0.00472447833885 0.0343618933493109 0.0 0.0 0.0 0.0 0.0 0.0 0.0689379049282958 0.0686507531460068 -0.2875973636908328 0.8073669651306689 0.8070983828868896 0.7481126423007789 0.0 0.0 0.0 0.0 0.0 0.0 0.0 0.0 0.0 0.0030865545606755 0.00472447833885 0.0343618933493109 0.0 0.0 0.0 0.002955521584043 0.0030038349932194 0.0220491312162971 0.0 0.0 0.0 0.0 0.0 0.0 0.0 0.0 0.0 0.0 0.0 0.0 0.0 0.0 0.0 149.10604935575452 150.92859330115633 1020.9763331336128 0.0 0.0 0.0 0.0 0.0 0.0 0.0 0.0 0.0 0.0 0.0 0.0 0.0 0.0 0.0 0.0 0.0 0.0
0.7096938697277919 1.0 1.0 1.0 0.0675626483393275 0.0674577658268545 -0.2850967594182984 0.0029995486116166 0.0046033787338516 0.0335508988892705 0.0 0.0 0.0 0.0 0.0 0.0 0.0675626483393275 0.0674577658268545 -0.2850967594182984 0.8125136508583659 0.812065236452914 0.7583018435818162 0.0 0.0 0.0 0.0 0.0 0.0 0.0 0.0 0.0 0.0029995486116166 0.0046033787338516 0.0335508988892705 0.0 0.0 0.0 0.0027956957933514 0.0028643245455076 0.0206687278140387 0.0 0.0 0.0 0.0 0.0 0.0 0.0 0.0 0.0 0.0 0.0 0.0 0.0 0.0 0.0 141.71862486713164 143.7619249430058 948.2479674796748 0.0 0.0 0.0 0.0 0.0 0.0 0.0 0.0 0.0 0.0 0.0 0.0 0.0 0.0 0.0 0.0 0.0 0.0
0.7201593034059569 1.0 1.0 1.0 0.0706006476854769 0.0692137725164254 -0.2811563934155926 0.0029453570329557 0.0044923103937722 0.0327846327186787 0.0 0.0 0.0 0.0 0.0 0.0 0.0706006476854769 0.0692137725164254 -0.2811563934155926 0.8153217179784008 0.815581146929279 0.7673197944433757 0.0 0.0 0.0 0.0 0.0 0.0 0.0 0.0 0.0 0.0029453570329557 0.0044923103937722 0.0327846327186787 0.0 0.0 0.0 0.0026962472341485 0.0027363584483237 0.0194289483085547 0.0 0.0 0.0 0.0 0.0 0.0 0.0 0.0 0.0 0.0 0.0 0.0 0.0 0.0 0.0 136.1142095159943 137.4113902749528 883.6423369699635 0.0 0.0 0.0 0.0 0.0 0.0 0.0 0.0 0.0 0.0 0.0 0.0 0.0 0.0 0.0 0.0 0.0 0.0
0.730378468587643 1.0 1.0 1.0 0.068269188922577 0.0672595644667546 -0.2775790338394679 0.0028433406351094 0.0043669389353954 0.0320110236637782 0.0 0.0 0.0 0.0 0.0 0.0 0.068269188922577 0.0672595644667546 -0.2775790338394679 0.8206374305485037 0.8206943577988306 0.7758168375864538 0.0 0.0 0.0 0.0 0.0 0.0 0.0 0.0 0.0 0.0028433406351094 0.0043669389353954 0.0320110236637782 0.0 0.0 0.0 0.0025386969956334 0.0025824422940212 0.0183109415162837 0.0 0.0 0.0 0.0 0.0 0.0 0.0 0.0 0.0 0.0 0.0 0.0 0.0 0.0 0.0 128.62077669621226 129.99067128991544 825.1449240798157 0.0 0.0 0.0 0.0 0.0 0.0 0.0 0.0 0.0 0.0 0.0 0.0 0.0 0.0 0.0 0.0 0.0 0.0
0.7403626894942439 1.0 1.0 1.0 0.0707631463307455 0.0698867968795823 -0.2718698601973684 0.0027977149553244 0.0042817760572467 0.0313270970394736 0.0 0.0 0.0 0.0 0.0 0.0 0.0707631463307455 0.0698867968795823 -0.2718698601973684 0.8231726966456716 0.8231567833890551 0.782920435855263 0.0 0.0 0.0 0.0 0.0 0.0 0.0 0.0 0.0 0.0027977149553244 0.0042817760572467 0.0313270970394736 0.0 0.0 0.0 0.0024461696206239 0.0024928148278491 0.017321134868421 0.0 0.0 0.0 0.0 0.0 0.0 0.0 0.0 0.0 0.0 0.0 0.0 0.0 0.0 0.0 124.09743664860116 125.57214499384128 774.920255962171 0.0 0.0 0.0 0.0 0.0 0.0 0.0 0.0 0.0 0.0 0.0 0.0 0.0 0.0 0.0 0.0 0.0 0.0
0.7501225267834001 1.0 1.0 1.0 0.0702018724400233 0.0702338195411566 -0.2691414734004044 0.0027208894090111 0.0041926262552224 0.0306313503257857 0.0 0.0 0.0 0.0 0.0 0.0 0.0702018724400233 0.0702338195411566 -0.2691414734004044 0.8270626097132826 0.8267536465586747 0.7906732905609506 0.0 0.0 0.0 0.0 0.0 0.0 0.0 0.0 0.0 0.0027208894090111 0.0041926262552224 0.0306313503257857 0.0 0.0 0.0 0.0023405500292568 0.0023895037748295 0.0163516988291684 0.0 0.0 0.0 0.0 0.0 0.0 0.0 0.0 0.0 0.0 0.0 0.0 0.0 0.0 0.0 118.44217378583966 119.96418676244224 725.1746261577252 0.0 0.0 0.0 0.0 0.0 0.0 0.0 0.0 0.0 0.0 0.0 0.0 0.0 0.0 0.0 0.0 0.0 0.0
0.7596678446896304 1.0 1.0 1.0 0.0700931164028124 0.0694352985937339 -0.2630756839870158 0.0026458506921603 0.0040827077571447 0.0299953627998926 0.0 0.0 0.0 0.0 0.0 0.0 0.0700931164028124 0.0694352985937339 -0.2630756839870158 0.8309140610153634 0.8308237118983859 0.7966953847655774 0.0 0.0 0.0 0.0 0.0 0.0 0.0 0.0 0.0 0.0026458506921603 0.0040827077571447 0.0299953627998926 0.0 0.0 0.0 0.0022365478226549 0.0022828043373282 0.0155224172015717 0.0 0.0 0.0 0.0 0.0 0.0 0.0 0.0 0.0 0.0 0.0 0.0 0.0 0.0 0.0 113.05190837462906 114.42160176771002 684.5880457862495 0.0 0.0 0.0 0.0 0.0 0.0 0.0 0.0 0.0 0.0 0.0 0.0 0.0 0.0 0.0 0.0 0.0 0.0
0.7690078709437739 1.0 1.0 1.0 0.0721373653029122 0.0713487277540814 -0.2582923175690134 0.00260206106758 0.004000588321812 0.0293411322728677 0.0 0.0 0.0 0.0 0.0 0.0 0.0721373653029122 0.0713487277540814 -0.2582923175690134 0.8332328771150934 0.8331960582438594 0.8030054449913213 0.0 0.0 0.0 0.0 0.0 0.0 0.0 0.0 0.0 0.00260206106758 0.004000588321812 0.0293411322728677 0.0 0.0 0.0 0.0021610337679902 0.0021914987498161 0.0147181206457902 0.0 0.0 0.0 0.0 0.0 0.0 0.0 0.0 0.0 0.0 0.0 0.0 0.0 0.0 0.0 108.96113079399612 110.21769377849684 644.2041039541574 0.0 0.0 0.0 0.0 0.0 0.0 0.0 0.0 0.0 0.0 0.0 0.0 0.0 0.0 0.0 0.0 0.0 0.0
0.7781512503836436 1.0 1.0 1.0 0.0703930718705656 0.0695374893953134 -0.2554741150084395 0.0025307567401512 0.0039200772313723 0.0287405489144257 0.0 0.0 0.0 0.0 0.0 0.0 0.0703930718705656 0.0695374893953134 -0.2554741150084395 0.8373293933498149 0.8373314220518971 0.8092903882170686 0.0 0.0 0.0 0.0 0.0 0.0 0.0 0.0 0.0 0.0025307567401512 0.0039200772313723 0.0287405489144257 0.0 0.0 0.0 0.0020626398864816 0.0020916830003217 0.0139425189021711 0.0 0.0 0.0 0.0 0.0 0.0 0.0 0.0 0.0 0.0 0.0 0.0 0.0 0.0 0.0 104.05684694041749 105.19923646256912 605.9711438414761 0.0 0.0 0.0 0.0 0.0 0.0 0.0 0.0 0.0 0.0 0.0 0.0 0.0 0.0 0.0 0.0 0.0 0.0
0.7871060930365701 1.0 1.0 1.0 0.0717814887035055 0.071011216160667 -0.249954483386436 0.002492412802205 0.0038316988666392 0.0281747837960855 0.0 0.0 0.0 0.0 0.0 0.0 0.0717814887035055 0.071011216160667 -0.249954483386436 0.8398258243288811 0.8397733278524869 0.8142922166590805 0.0 0.0 0.0 0.0 0.0 0.0 0.0 0.0 0.0 0.002492412802205 0.0038316988666392 0.0281747837960855 0.0 0.0 0.0 0.0019792689899863 0.0020112748840213 0.0133136094674556 0.0 0.0 0.0 0.0 0.0 0.0 0.0 0.0 0.0 0.0 0.0 0.0 0.0 0.0 0.0 100.17628689137476 101.34679076868868 574.9691624943104 0.0 0.0 0.0 0.0 0.0 0.0 0.0 0.0 0.0 0.0 0.0 0.0 0.0 0.0 0.0 0.0 0.0 0.0
0.7958800173440752 1.0 1.0 1.0 0.0704686221806707 0.0694730687714682 -0.2463658590797955 0.0024249152740446 0.0037418694730687 0.0276061346965992 0.0 0.0 0.0 0.0 0.0 0.0 0.0704686221806707 0.0694730687714682 -0.2463658590797955 0.8436221806707958 0.8436746327559747 0.8196265836852635 0.0 0.0 0.0 0.0 0.0 0.0 0.0 0.0 0.0 0.0024249152740446 0.0037418694730687 0.0276061346965992 0.0 0.0 0.0 0.0018990300338903 0.001929401447051 0.0126694821071349 0.0 0.0 0.0 0.0 0.0 0.0 0.0 0.0 0.0 0.0 0.0 0.0 0.0 0.0 0.0 95.82249912352458 96.93330409997807 543.6866637030452 0.0 0.0 0.0 0.0 0.0 0.0 0.0 0.0 0.0 0.0 0.0 0.0 0.0 0.0 0.0 0.0 0.0 0.0
0.8044801891059927 1.0 1.0 1.0 0.0697708173069945 0.069111834457103 -0.2407844680571952 0.0023658504724443 0.0036764705882352 0.0270672088853907 0.0 0.0 0.0 0.0 0.0 0.0 0.0697708173069945 0.069111834457103 -0.2407844680571952 0.846945440294933 0.846852476168333 0.8240850059031877 0.0 0.0 0.0 0.0 0.0 0.0 0.0 0.0 0.0 0.0023658504724443 0.0036764705882352 0.0270672088853907 0.0 0.0 0.0 0.0018143025095432 0.0018455010462683 0.0120906029996939 0.0 0.0 0.0 0.0 0.0 0.0 0.0 0.0 0.0 0.0 0.0 0.0 0.0 0.0 0.0 91.59812473692614 92.72086433387584 516.8633958633958 0.0 0.0 0.0 0.0 0.0 0.0 0.0 0.0 0.0 0.0 0.0 0.0 0.0 0.0 0.0 0.0 0.0 0.0
0.8129133566428556 1.0 1.0 1.0 0.073274966612257 0.0725072388447546 -0.2369100930072339 0.002344561507642 0.0036231346053901 0.0265673441267654 0.0 0.0 0.0 0.0 0.0 0.0 0.073274966612257 0.0725072388447546 -0.2369100930072339 0.8476628579907998 0.8476650085381247 0.8286686186703411 0.0 0.0 0.0 0.0 0.0 0.0 0.0 0.0 0.0 0.002344561507642 0.0036231346053901 0.0265673441267654 0.0 0.0 0.0 0.0017806796260572 0.001811567302695 0.011561315880124 0.0 0.0 0.0 0.0 0.0 0.0 0.0 0.0 0.0 0.0 0.0 0.0 0.0 0.0 0.0 89.943166641935 90.95478506199422 491.1166035136066 0.0 0.0 0.0 0.0 0.0 0.0 0.0 0.0 0.0 0.0 0.0 0.0 0.0 0.0 0.0 0.0 0.0 0.0
0.8211858826088455 1.0 1.0 1.0 0.0697416597377211 0.0690597241701729 -0.2320127456186936 0.0022756115706096 0.0035355306217858 0.026064790228359 0.0 0.0 0.0 0.0 0.0 0.0 0.0697416597377211 0.0690597241701729 -0.2320127456186936 0.8522894694615845 0.8522235857877514 0.832777482740308 0.0 0.0 0.0 0.0 0.0 0.0 0.0 0.0 0.0 0.0022756115706096 0.0035355306217858 0.026064790228359 0.0 0.0 0.0 0.0016775341706416 0.0017093267882187 0.0110674455655868 0.0 0.0 0.0 0.0 0.0 0.0 0.0 0.0 0.0 0.0 0.0 0.0 0.0 0.0 0.0 85.1168439017986 86.14966105656849 468.0831014338822 0.0 0.0 0.0 0.0 0.0 0.0 0.0 0.0 0.0 0.0 0.0 0.0 0.0 0.0 0.0 0.0 0.0 0.0
0.829303772831025 1.0 1.0 1.0 0.0707875497964365 0.0696098293276588 -0.2280219207768123 0.0022326314407039 0.0034542566060835 0.0255672938676001 0.0 0.0 0.0 0.0 0.0 0.0 0.0707875497964365 0.0696098293276588 -0.2280219207768123 0.8547184403683113 0.8548629228549358 0.8370319434894044 0.0 0.0 0.0 0.0 0.0 0.0 0.0 0.0 0.0 0.0022326314407039 0.0034542566060835 0.0255672938676001 0.0 0.0 0.0 0.0016197522216871 0.0016469662299048 0.0105853180804734 0.0 0.0 0.0 0.0 0.0 0.0 0.0 0.0 0.0 0.0 0.0 0.0 0.0 0.0 0.0 82.02905339345386 82.82961915727797 445.110354024713 0.0 0.0 0.0 0.0 0.0 0.0 0.0 0.0 0.0 0.0 0.0 0.0 0.0 0.0 0.0 0.0 0.0 0.0
0.8372727025023002 1.0 1.0 1.0 0.0713660883510715 0.0714118473425427 -0.2251078676273251 0.0021869077124945 0.0033949894638258 0.0251037387229298 0.0 0.0 0.0 0.0 0.0 0.0 0.0713660883510715 0.0714118473425427 -0.2251078676273251 0.8569324974486076 0.8566202294544603 0.8409133136522223 0.0 0.0 0.0 0.0 0.0 0.0 0.0 0.0 0.0 0.0021869077124945 0.0033949894638258 0.0251037387229298 0.0 0.0 0.0 0.001559994168246 0.0015950597049871 0.010157104812238 0.0 0.0 0.0 0.0 0.0 0.0 0.0 0.0 0.0 0.0 0.0 0.0 0.0 0.0 0.0 79.0969383292025 80.23704928588154 425.0404013295072 0.0 0.0 0.0 0.0 0.0 0.0 0.0 0.0 0.0 0.0 0.0 0.0 0.0 0.0 0.0 0.0 0.0 0.0
0.8450980400142568 1.0 1.0 1.0 0.0739041569250224 0.0741522297317238 -0.218578342284209 0.0021615421941858 0.0033497624177316 0.0246676604521043 0.0 0.0 0.0 0.0 0.0 0.0 0.0739041569250224 0.0741522297317238 -0.218578342284209 0.8582204773038069 0.8579228521677537 0.8440097200383903 0.0 0.0 0.0 0.0 0.0 0.0 0.0 0.0 0.0 0.0021615421941858 0.0033497624177316 0.0246676604521043 0.0 0.0 0.0 0.0015292543414648 0.0015494495764837 0.0097608788875048 0.0 0.0 0.0 0.0 0.0 0.0 0.0 0.0 0.0 0.0 0.0 0.0 0.0 0.0 0.0 77.14988162983221 78.21007584924592 407.4438136856508 0.0 0.0 0.0 0.0 0.0 0.0 0.0 0.0 0.0 0.0 0.0 0.0 0.0 0.0 0.0 0.0 0.0 0.0
0.8527848686805478 1.0 1.0 1.0 0.0744653938302653 0.0732521894018108 -0.2146305161108652 0.0021280078572597 0.0032952352679234 0.0242165815197715 0.0 0.0 0.0 0.0 0.0 0.0 0.0744653938302653 0.0732521894018108 -0.2146305161108652 0.8602508965907231 0.8604868635891346 0.8476608069512049 0.0 0.0 0.0 0.0 0.0 0.0 0.0 0.0 0.0 0.0021280078572597 0.0032952352679234 0.0242165815197715 0.0 0.0 0.0 0.0014732362088721 0.001499183612884 0.0093728629470212 0.0 0.0 0.0 0.0 0.0 0.0 0.0 0.0 0.0 0.0 0.0 0.0 0.0 0.0 0.0 74.92836202919686 75.60188511206768 388.9861217265377 0.0 0.0 0.0 0.0 0.0 0.0 0.0 0.0 0.0 0.0 0.0 0.0 0.0 0.0 0.0 0.0 0.0 0.0
0.8603380065709937 1.0 1.0 1.0 0.0729802973705412 0.0726797539166311 -0.2103029095257074 0.0020801289093972 0.0032302112851836 0.0238142686329214 0.0 0.0 0.0 0.0 0.0 0.0 0.0729802973705412 0.0726797539166311 -0.2103029095257074 0.863356038965795 0.8632005520724743 0.8507174172977283 0.0 0.0 0.0 0.0 0.0 0.0 0.0 0.0 0.0 0.0020801289093972 0.0032302112851836 0.0238142686329214 0.0 0.0 0.0 0.0014209331282502 0.0014389122997636 0.0090275009964129 0.0 0.0 0.0 0.0 0.0 0.0 0.0 0.0 0.0 0.0 0.0 0.0 0.0 0.0 0.0 71.4634732293269 72.38672970472933 373.1303308090873 0.0 0.0 0.0 0.0 0.0 0.0 0.0 0.0 0.0 0.0 0.0 0.0 0.0 0.0 0.0 0.0 0.0 0.0
0.8677620246502006 1.0 1.0 1.0 0.0757569014878436 0.0749154252477891 -0.2072738024837374 0.0020470829068577 0.0031752626268621 0.023418095801301 0.0 0.0 0.0 0.0 0.0 0.0 0.0757569014878436 0.0749154252477891 -0.2072738024837374 0.8644030083218371 0.8645171820286071 0.8539917208752217 0.0 0.0 0.0 0.0 0.0 0.0 0.0 0.0 0.0 0.0020470829068577 0.0031752626268621 0.023418095801301 0.0 0.0 0.0 0.0013795558720128 0.0014095792035135 0.0086733688152966 0.0 0.0 0.0 0.0 0.0 0.0 0.0 0.0 0.0 0.0 0.0 0.0 0.0 0.0 0.0 69.85706021093854 70.57414386610482 357.39992115119253 0.0 0.0 0.0 0.0 0.0 0.0 0.0 0.0 0.0 0.0 0.0 0.0 0.0 0.0 0.0 0.0 0.0 0.0
0.8750612633917001 1.0 1.0 1.0 0.0735382938290882 0.0724530969281065 -0.2042304318159664 0.0020034471075232 0.0031219627131623 0.0230236865191539 0.0 0.0 0.0 0.0 0.0 0.0 0.0735382938290882 0.0724530969281065 -0.2042304318159664 0.867448403871367 0.8675522045180103 0.8572570425967443 0.0 0.0 0.0 0.0 0.0 0.0 0.0 0.0 0.0 0.0020034471075232 0.0031219627131623 0.0230236865191539 0.0 0.0 0.0 0.0013258105858609 0.0013548140075987 0.0083438931669753 0.0 0.0 0.0 0.0 0.0 0.0 0.0 0.0 0.0 0.0 0.0 0.0 0.0 0.0 0.0 67.14242151937894 67.82870438547404 342.1662930110147 0.0 0.0 0.0 0.0 0.0 0.0 0.0 0.0 0.0 0.0 0.0 0.0 0.0 0.0 0.0 0.0 0.0 0.0
0.8822398480188235 1.0 1.0 1.0 0.0739709801599052 0.0733784604446551 -0.1980381914214406 0.0019692034350014 0.0030660761631093 0.0226169056048909 0.0 0.0 0.0 0.0 0.0 0.0 0.0739709801599052 0.0733784604446551 -0.1980381914214406 0.8692922712466686 0.8693140580332676 0.8596939269061853 0.0 0.0 0.0 0.0 0.0 0.0 0.0 0.0 0.0 0.0019692034350014 0.0030660761631093 0.0226169056048909 0.0 0.0 0.0 0.0012881255552265 0.0013182646305156 0.0080484454505001 0.0 0.0 0.0 0.0 0.0 0.0 0.0 0.0 0.0 0.0 0.0 0.0 0.0 0.0 0.0 65.27517026946994 65.96043724912239 329.41472710739646 0.0 0.0 0.0 0.0 0.0 0.0 0.0 0.0 0.0 0.0 0.0 0.0 0.0 0.0 0.0 0.0 0.0 0.0
0.8893017025063102 1.0 1.0 1.0 0.0758222222222222 0.0751331069156272 -0.1953363400825256 0.0019407407407407 0.0030106633841042 0.0222819307168218 0.0 0.0 0.0 0.0 0.0 0.0 0.0758222222222222 0.0751331069156272 -0.1953363400825256 0.8707851851851851 0.87074910644104 0.8623740523942041 0.0 0.0 0.0 0.0 0.0 0.0 0.0 0.0 0.0 0.0019407407407407 0.0030106633841042 0.0222819307168218 0.0 0.0 0.0 0.0012444444444444 0.0012754534533643 0.0077919585452451 0.0 0.0 0.0 0.0 0.0 0.0 0.0 0.0 0.0 0.0 0.0 0.0 0.0 0.0 0.0 63.23574814814814 63.99040443739155 317.0965934171385 0.0 0.0 0.0 0.0 0.0 0.0 0.0 0.0 0.0 0.0 0.0 0.0 0.0 0.0 0.0 0.0 0.0 0.0
0.8962505624616381 1.0 1.0 1.0 0.0734442408841085 0.0730580763593835 -0.1932110438729198 0.0019059157260209 0.0029608136315859 0.0219175491679273 0.0 0.0 0.0 0.0 0.0 0.0 0.0734442408841085 0.0730580763593835 -0.1932110438729198 0.8736481295431713 0.8735584538631216 0.8654878971255672 0.0 0.0 0.0 0.0 0.0 0.0 0.0 0.0 0.0 0.0019059157260209 0.0029608136315859 0.0219175491679273 0.0 0.0 0.0 0.0012115123219667 0.0012287376571081 0.0074886535552193 0.0 0.0 0.0 0.0 0.0 0.0 0.0 0.0 0.0 0.0 0.0 0.0 0.0 0.0 0.0 60.92667395544 61.69197175383795 303.65 0.0 0.0 0.0 0.0 0.0 0.0 0.0 0.0 0.0 0.0 0.0 0.0 0.0 0.0 0.0 0.0 0.0 0.0
0.9030899869919436 1.0 1.0 1.0 0.074530672579453 0.0737122163919887 -0.1895955495414223 0.0018773096821877 0.0029266129628261 0.0215569087355284 0.0 0.0 0.0 0.0 0.0 0.0 0.074530672579453 0.0737122163919887 -0.1895955495414223 0.8751367331855138 0.8751903037469514 0.8679897759735379 0.0 0.0 0.0 0.0 0.0 0.0 0.0 0.0 0.0 0.0018773096821877 0.0029266129628261 0.0215569087355284 0.0 0.0 0.0 0.0011677753141167 0.0011972507575197 0.0072357540219515 0.0 0.0 0.0 0.0 0.0 0.0 0.0 0.0 0.0 0.0 0.0 0.0 0.0 0.0 0.0 59.20422764227642 59.84786046855368 292.56649376033675 0.0 0.0 0.0 0.0 0.0 0.0 0.0 0.0 0.0 0.0 0.0 0.0 0.0 0.0 0.0 0.0 0.0 0.0
0.909823369650912 1.0 1.0 1.0 0.0731271074622489 0.0729562702758246 -0.1855137145513714 0.0018325758686409 0.0028624693568985 0.0212366341236634 0.0 0.0 0.0 0.0 0.0 0.0 0.0731271074622489 0.0729562702758246 -0.1855137145513714 0.8775106289400382 0.8773982355445298 0.8703300790330079 0.0 0.0 0.0 0.0 0.0 0.0 0.0 0.0 0.0 0.0018325758686409 0.0028624693568985 0.0212366341236634 0.0 0.0 0.0 0.0011288667350828 0.0011449877427594 0.0069920966992096 0.0 0.0 0.0 0.0 0.0 0.0 0.0 0.0 0.0 0.0 0.0 0.0 0.0 0.0 0.0 56.95398035478669 57.64389413267179 281.7759367735936 0.0 0.0 0.0 0.0 0.0 0.0 0.0 0.0 0.0 0.0 0.0 0.0 0.0 0.0 0.0 0.0 0.0 0.0
0.9164539485499252 1.0 1.0 1.0 0.0736770811861362 0.0726432858655996 -0.1810701891861636 0.0018110073912659 0.0028245263034012 0.0208963021008246 0.0 0.0 0.0 0.0 0.0 0.0 0.0736770811861362 0.0726432858655996 -0.1810701891861636 0.8790011484437115 0.8791632340826174 0.8721594089331691 0.0 0.0 0.0 0.0 0.0 0.0 0.0 0.0 0.0 0.0018110073912659 0.0028245263034012 0.0208963021008246 0.0 0.0 0.0 0.0011042727995524 0.0011180416617629 0.006791298182768 0.0 0.0 0.0 0.0 0.0 0.0 0.0 0.0 0.0 0.0 0.0 0.0 0.0 0.0 0.0 55.47427780558909 56.01356361068612 273.3569536176723 0.0 0.0 0.0 0.0 0.0 0.0 0.0 0.0 0.0 0.0 0.0 0.0 0.0 0.0 0.0 0.0 0.0 0.0
0.9229848157088828 1.0 1.0 1.0 0.0741972342669635 0.0733404632491905 -0.1771103535166382 0.0017871791866869 0.0027835972867251 0.0206218038983176 0.0 0.0 0.0 0.0 0.0 0.0 0.0741972342669635 0.0733404632491905 -0.1771103535166382 0.8808303058713233 0.8809352886883396 0.8741754984065812 0.0 0.0 0.0 0.0 0.0 0.0 0.0 0.0 0.0 0.0017871791866869 0.0027835972867251 0.0206218038983176 0.0 0.0 0.0 0.0010547287003398 0.0010841378906192 0.0065774846216556 0.0 0.0 0.0 0.0 0.0 0.0 0.0 0.0 0.0 0.0 0.0 0.0 0.0 0.0 0.0 53.62428219852338 54.18147589258244 264.1312161861706 0.0 0.0 0.0 0.0 0.0 0.0 0.0 0.0 0.0 0.0 0.0 0.0 0.0 0.0 0.0 0.0 0.0 0.0
0.9294189257142929 1.0 1.0 1.0 0.074611321877557 0.0744373229989566 -0.1759643320481663 0.001755560514766 0.002742584587867 0.020282493102125 0.0 0.0 0.0 0.0 0.0 0.0 0.074611321877557 0.0744373229989566 -0.1759643320481663 0.8821096481440156 0.881934714562528 0.8769894202130577 0.0 0.0 0.0 0.0 0.0 0.0 0.0 0.0 0.0 0.001755560514766 0.002742584587867 0.020282493102125 0.0 0.0 0.0 0.0010414342036747 0.0010582799224921 0.0063405631589526 0.0 0.0 0.0 0.0 0.0 0.0 0.0 0.0 0.0 0.0 0.0 0.0 0.0 0.0 0.0 52.53529718068884 53.23177820837682 253.49328485025677 0.0 0.0 0.0 0.0 0.0 0.0 0.0 0.0 0.0 0.0 0.0 0.0 0.0 0.0 0.0 0.0 0.0 0.0
0.9357591037453116 1.0 1.0 1.0 0.077286784822172 0.0766748936929436 -0.171146969669468 0.0017396217437849 0.0027059977995182 0.0200025411576788 0.0 0.0 0.0 0.0 0.0 0.0 0.077286784822172 0.0766748936929436 -0.171146969669468 0.8830884976805045 0.8830771060691666 0.8787504764670648 0.0 0.0 0.0 0.0 0.0 0.0 0.0 0.0 0.0 0.0017396217437849 0.0027059977995182 0.0200025411576788 0.0 0.0 0.0 0.001011062210063 0.0010259002646525 0.0061532318080336 0.0 0.0 0.0 0.0 0.0 0.0 0.0 0.0 0.0 0.0 0.0 0.0 0.0 0.0 0.0 51.092705483525634 51.68619346397455 245.3804657579003 0.0 0.0 0.0 0.0 0.0 0.0 0.0 0.0 0.0 0.0 0.0 0.0 0.0 0.0 0.0 0.0 0.0 0.0
0.9420080530223132 1.0 1.0 1.0 0.0722680231538326 0.0719331860931123 -0.1665490345114646 0.0016956089574928 0.002647398674838 0.0196898130553595 0.0 0.0 0.0 0.0 0.0 0.0 0.0722680231538326 0.0719331860931123 -0.1665490345114646 0.8862626439805884 0.8862203630300283 0.880359049532186 0.0 0.0 0.0 0.0 0.0 0.0 0.0 0.0 0.0 0.0016956089574928 0.002647398674838 0.0196898130553595 0.0 0.0 0.0 0.000964743027539 0.0009799763050505 0.0059720940333351 0.0 0.0 0.0 0.0 0.0 0.0 0.0 0.0 0.0 0.0 0.0 0.0 0.0 0.0 0.0 48.93816874232592 49.5015869765537 238.20486092259804 0.0 0.0 0.0 0.0 0.0 0.0 0.0 0.0 0.0 0.0 0.0 0.0 0.0 0.0 0.0 0.0 0.0 0.0
0.9481683617271316 1.0 1.0 1.0 0.0726940423901188 0.0711198023878139 -0.160881955354207 0.0016655366565457 0.0026171852026113 0.0194366300098644 0.0 0.0 0.0 0.0 0.0 0.0 0.0726940423901188 0.0711198023878139 -0.160881955354207 0.8874952097397046 0.8877992119037816 0.8815717365094443 0.0 0.0 0.0 0.0 0.0 0.0 0.0 0.0 0.0 0.0016655366565457 0.0026171852026113 0.0194366300098644 0.0 0.0 0.0 0.0009433127966276 0.0009557136975827 0.0058273355010777 0.0 0.0 0.0 0.0 0.0 0.0 0.0 0.0 0.0 0.0 0.0 0.0 0.0 0.0 0.0 47.90301565309672 48.304269834735045 232.2865624200797 0.0 0.0 0.0 0.0 0.0 0.0 0.0 0.0 0.0 0.0 0.0 0.0 0.0 0.0 0.0 0.0 0.0 0.0
0.9542425094393248 1.0 1.0 1.0 0.0760338651904917 0.075828962574451 -0.1608795055906833 0.0016577365974956 0.0025928230657539 0.0191655056621298 0.0 0.0 0.0 0.0 0.0 0.0 0.0760338651904917 0.075828962574451 -0.1608795055906833 0.8880879784494243 0.8880048596912319 0.8842925016968528 0.0 0.0 0.0 0.0 0.0 0.0 0.0 0.0 0.0 0.0016577365974956 0.0025928230657539 0.0191655056621298 0.0 0.0 0.0 0.0009324768360912 0.0009482324354757 0.0056264066016504 0.0 0.0 0.0 0.0 0.0 0.0 0.0 0.0 0.0 0.0 0.0 0.0 0.0 0.0 0.0 46.883277582072765 47.442380063413054 222.61133140427964 0.0 0.0 0.0 0.0 0.0 0.0 0.0 0.0 0.0 0.0 0.0 0.0 0.0 0.0 0.0 0.0 0.0 0.0
0.9602328731285124 1.0 1.0 1.0 0.0786323764551173 0.078040984585972 -0.1575022301516503 0.0016437782991377 0.0025690046600549 0.0188938447814451 0.0 0.0 0.0 0.0 0.0 0.0 0.0786323764551173 0.078040984585972 -0.1575022301516503 0.8887909263437889 0.8888457402318078 0.8859589652096341 0.0 0.0 0.0 0.0 0.0 0.0 0.0 0.0 0.0 0.0016437782991377 0.0025690046600549 0.0188938447814451 0.0 0.0 0.0 0.0009115497840673 0.0009260365635081 0.0054772524531668 0.0 0.0 0.0 0.0 0.0 0.0 0.0 0.0 0.0 0.0 0.0 0.0 0.0 0.0 0.0 46.05656091692942 46.53627972278648 216.0408563782337 0.0 0.0 0.0 0.0 0.0 0.0 0.0 0.0 0.0 0.0 0.0 0.0 0.0 0.0 0.0 0.0 0.0 0.0
0.9661417327390326 1.0 1.0 1.0 0.0774941235978458 0.0764123055898037 -0.1559333463470036 0.0016067124877265 0.002525290036988 0.018650955617469 0.0 0.0 0.0 0.0 0.0 0.0 0.0774941235978458 0.0764123055898037 -0.1559333463470036 0.8907584278020768 0.8909371796966681 0.8877748398431261 0.0 0.0 0.0 0.0 0.0 0.0 0.0 0.0 0.0 0.0016067124877265 0.002525290036988 0.018650955617469 0.0 0.0 0.0 0.0008777410812579 0.000891278836584 0.0053060282869869 0.0 0.0 0.0 0.0 0.0 0.0 0.0 0.0 0.0 0.0 0.0 0.0 0.0 0.0 0.0 44.494212859650695 44.8936258708537 209.3500026618871 0.0 0.0 0.0 0.0 0.0 0.0 0.0 0.0 0.0 0.0 0.0 0.0 0.0 0.0 0.0 0.0 0.0 0.0
0.9719712763997564 1.0 1.0 1.0 0.0774135876042908 0.0774452052746464 -0.148706319304323 0.0015941597139451 0.0024967855754567 0.0183740156777315 0.0 0.0 0.0 0.0 0.0 0.0 0.0774135876042908 0.0774452052746464 -0.148706319304323 0.892103694874851 0.8919205812875639 0.8886666785707908 0.0 0.0 0.0 0.0 0.0 0.0 0.0 0.0 0.0 0.0015941597139451 0.0024967855754567 0.0183740156777315 0.0 0.0 0.0 0.0008641239570917 0.0008820978979158 0.0051782940199632 0.0 0.0 0.0 0.0 0.0 0.0 0.0 0.0 0.0 0.0 0.0 0.0 0.0 0.0 0.0 43.42339094159714 44.01453218909787 204.67016052711463 0.0 0.0 0.0 0.0 0.0 0.0 0.0 0.0 0.0 0.0 0.0 0.0 0.0 0.0 0.0 0.0 0.0 0.0
0.9777236052888476 1.0 1.0 1.0 0.0752516044881201 0.075046375306077 -0.1440402352982992 0.0015563164213615 0.0024486161608666 0.0181272103644991 0.0 0.0 0.0 0.0 0.0 0.0 0.0752516044881201 0.075046375306077 -0.1440402352982992 0.8940815509804793 0.8940268605772799 0.88995717002257 0.0 0.0 0.0 0.0 0.0 0.0 0.0 0.0 0.0 0.0015563164213615 0.0024486161608666 0.0181272103644991 0.0 0.0 0.0 0.0008300354247261 0.0008458855828448 0.0050471840622722 0.0 0.0 0.0 0.0 0.0 0.0 0.0 0.0 0.0 0.0 0.0 0.0 0.0 0.0 0.0 42.02605718351194 42.51585664465386 198.98428975101743 0.0 0.0 0.0 0.0 0.0 0.0 0.0 0.0 0.0 0.0 0.0 0.0 0.0 0.0 0.0 0.0 0.0 0.0
0.9834007381805384 1.0 1.0 1.0 0.0781198869552283 0.0777161928601227 -0.1441333073888662 0.0015469284545589 0.0024286310268788 0.0179193716721798 0.0 0.0 0.0 0.0 0.0 0.0 0.0781198869552283 0.0777161928601227 -0.1441333073888662 0.8947642421538005 0.8946748912330891 0.8920415347331552 0.0 0.0 0.0 0.0 0.0 0.0 0.0 0.0 0.0 0.0015469284545589 0.0024286310268788 0.0179193716721798 0.0 0.0 0.0 0.0008180871634686 0.0008343763037129 0.0048999663901222 0.0 0.0 0.0 0.0 0.0 0.0 0.0 0.0 0.0 0.0 0.0 0.0 0.0 0.0 0.0 41.11932173136992 41.62895583765422 192.40411455661493 0.0 0.0 0.0 0.0 0.0 0.0 0.0 0.0 0.0 0.0 0.0 0.0 0.0 0.0 0.0 0.0 0.0 0.0
0.9890046156985368 1.0 1.0 1.0 0.0789698413411838 0.0789327404113396 -0.1403107056046782 0.0015281585689244 0.0023887144509712 0.0176841511959699 0.0 0.0 0.0 0.0 0.0 0.0 0.0789698413411838 0.0789327404113396 -0.1403107056046782 0.895455975549463 0.8953472649970704 0.8932609997534082 0.0 0.0 0.0 0.0 0.0 0.0 0.0 0.0 0.0 0.0015281585689244 0.0023887144509712 0.0176841511959699 0.0 0.0 0.0 0.0007940431779705 0.0008112615116506 0.004773311727199 0.0 0.0 0.0 0.0 0.0 0.0 0.0 0.0 0.0 0.0 0.0 0.0 0.0 0.0 0.0 40.38758296253015 40.913735859261145 187.4094127593617 0.0 0.0 0.0 0.0 0.0 0.0 0.0 0.0 0.0 0.0 0.0 0.0 0.0 0.0 0.0 0.0 0.0 0.0
0.9945371042984978 1.0 1.0 1.0 0.0771518622097926 0.0769048465457992 -0.1421744324970131 0.0014945028928249 0.0023551368645574 0.0174536387720118 0.0 0.0 0.0 0.0 0.0 0.0 0.0771518622097926 0.0769048465457992 -0.1421744324970131 0.89773752977908 0.8977070742979025 0.8957456755493222 0.0 0.0 0.0 0.0 0.0 0.0 0.0 0.0 0.0 0.0014945028928249 0.0023551368645574 0.0174536387720118 0.0 0.0 0.0 0.0007694470339296 0.0007850456215191 0.0046231364604436 0.0 0.0 0.0 0.0 0.0 0.0 0.0 0.0 0.0 0.0 0.0 0.0 0.0 0.0 0.0 38.8780574421805 39.32680116127504 180.09481758523367 0.0 0.0 0.0 0.0 0.0 0.0 0.0 0.0 0.0 0.0 0.0 0.0 0.0 0.0 0.0 0.0 0.0 0.0
3.0 1.0 1.0 1.0 0.0771518622097926 0.0769048465457992 -0.1421744324970131 0.0014945028928249 0.0023551368645574 0.0174536387720118 0.0 0.0 0.0 0.0 0.0 0.0 0.0771518622097926 0.0769048465457992 -0.1421744324970131 0.89773752977908 0.8977070742979025 0.8957456755493222 0.0 0.0 0.0 0.0 0.0 0.0 0.0 0.0 0.0 0.0014945028928249 0.0023551368645574 0.0174536387720118 0.0 0.0 0.0 0.0007694470339296 0.0007850456215191 0.0046231364604436 0.0 0.0 0.0 0.0 0.0 0.0 0.0 0.0 0.0 0.0 0.0 0.0 0.0 0.0 0.0 38.8780574421805 39.32680116127504 180.09481758523367 0.0 0.0 0.0 0.0 0.0 0.0 0.0 0.0 0.0 0.0 0.0 0.0 0.0 0.0 0.0 0.0 0.0 0.0
