0.125 2.55476539264e-15 2.07704503466667e-11 0 8.4394407872e-15 6.86133397333333e-11 0
0.25 2.57128207442286e-15 2.0904732312381e-11 0 1.06512823597714e-14 8.65957915428572e-11 0
0.375 2.84847153444571e-15 2.31583051580952e-11 0 1.48541019104914e-14 1.20765056182857e-10 0
0.5 2.32915258500571e-15 1.89361998780952e-11 0 2.10748115882057e-14 1.71339931611429e-10 0
0.625 2.31715545458286e-15 1.8838662232381e-11 0 2.59486309837714e-14 2.10964479542857e-10 0
0.75 2.28089737307429e-15 1.85438810819048e-11 0 2.93690834964114e-14 2.3877303655619e-10 0
0.875 2.47964157901714e-15 2.01596876342857e-11 0 3.51504343139657e-14 2.85775888731429e-10 0
1 2.83926840736e-15 2.30834829866667e-11 0 4.07393762174629e-14 3.31214440792381e-10 0
1.125 2.95813332073143e-15 2.40498643961905e-11 0 4.44989257816686e-14 3.61779884403809e-10 0
1.25 3.09401048827429e-15 2.51545568152381e-11 0 4.682845574848e-14 3.80719152426667e-10 0
1.375 3.21651491401143e-15 2.61505277561905e-11 0 4.77383808526172e-14 3.88116917500952e-10 0
1.5 3.15747853138286e-15 2.56705571657143e-11 0 5.04726541358629e-14 4.10346781592381e-10 0
1.625 2.91408334244571e-15 2.36917344914286e-11 0 5.31355935930057e-14 4.31996695878095e-10 0
1.75 2.77683279954286e-15 2.25758764190476e-11 0 5.53166219534171e-14 4.49728633767619e-10 0
1.875 2.85294620041143e-15 2.31946845561905e-11 0 5.61584384104686e-14 4.5657267000381e-10 0
2 2.56816584763429e-15 2.08793971352381e-11 0 5.61099702215771e-14 4.56178619687619e-10 0
2.125 2.5947393824e-15 2.10954421333333e-11 0 5.60107093227886e-14 4.55371620510476e-10 0
2.25 2.46234261536e-15 2.00190456533333e-11 0 5.532796270336e-14 4.49820834986667e-10 0
2.375 2.30779133947429e-15 1.87625312152381e-11 0 5.40680947440914e-14 4.39578006049524e-10 0
2.5 2.36521384964571e-15 1.92293808914286e-11 0 5.25842395583086e-14 4.27514142750476e-10 0
2.625 2.21012934509714e-15 1.79685312609524e-11 0 4.89912752132571e-14 3.98303050514286e-10 0
2.75 2.25196716205714e-15 1.83086761142857e-11 0 4.56034800656e-14 3.70760000533333e-10 0
2.875 2.13654225270857e-15 1.73702622171429e-11 0 4.11813303429486e-14 3.3480756376381e-10 0
3 2.07590721869714e-15 1.68772944609524e-11 0 3.70330737084343e-14 3.01081900068571e-10 0
3.125 1.96197926386286e-15 1.59510509257143e-11 0 3.29781148389943e-14 2.68114754788571e-10 0
3.25 1.86656553705143e-15 1.51753295695238e-11 0 2.93622205799771e-14 2.38717240487619e-10 0
3.375 1.86604717897143e-15 1.51711152761905e-11 0 2.54253665598171e-14 2.06710297234286e-10 0
3.5 1.86777355542857e-15 1.51851508571429e-11 0 2.19562225690057e-14 1.78505874544762e-10 0
3.625 1.79779699332571e-15 1.46162357180952e-11 0 1.92286215610971e-14 1.56330256594286e-10 0
3.75 1.67430571492571e-15 1.36122415847619e-11 0 1.63583121221486e-14 1.32994407497143e-10 0
3.875 1.58877788749714e-15 1.29168933942857e-11 0 1.35670127195429e-14 1.10300916419048e-10 0
4 1.56450039958857e-15 1.27195154438095e-11 0 1.11632581782857e-14 9.07581965714286e-11 0
4.125 1.48159194454857e-15 1.20454629638095e-11 0 9.63057589476571e-15 7.82973649980952e-11 0
4.25 1.47112258377143e-15 1.19603462095238e-11 0 8.18085620502857e-15 6.65110260571429e-11 0
4.375 1.39143820941714e-15 1.1312505767619e-11 0 6.87771671268571e-15 5.59163960380952e-11 0
4.5 1.30739381165714e-15 1.06292179809524e-11 0 5.65988664662857e-15 4.60153385904762e-11 0
4.625 1.30814252694857e-15 1.06353050971429e-11 0 4.86833208114286e-15 3.95799356190476e-11 0
4.75 1.25422784557714e-15 1.01969743542857e-11 0 4.0492235008e-15 3.29205162666667e-11 0
4.875 1.26639247716571e-15 1.02958737980952e-11 0 3.46036826834286e-15 2.8133075352381e-11 0
5 1.22083035702857e-15 9.92545005714286e-12 0 3.03581809088e-15 2.46814478933333e-11 0
5.125 1.1989074368e-15 9.74721493333333e-12 0 2.66770376397714e-15 2.16886484876191e-11 0
5.25 1.12701663108571e-15 9.16273683809524e-12 0 2.36009888644571e-15 1.91877958247619e-11 0
5.375 1.08372753595429e-15 8.8107929752381e-12 0 2.06089162048e-15 1.67552164266667e-11 0
5.5 1.00926749124571e-15 8.20542675809524e-12 0 1.82447826578286e-15 1.4833156632381e-11 0
5.625 9.90359524525714e-16 8.05170345142857e-12 0 1.59695593024e-15 1.29833815466667e-11 0
5.75 9.32037915748571e-16 7.57754403047619e-12 0 1.48541265536e-15 1.20765256533333e-11 0
5.875 9.33513587748572e-16 7.58954136380953e-12 0 1.27276712155429e-15 1.03477001752381e-11 0
6 8.43253917988571e-16 6.85572291047619e-12 0 1.16950878930286e-15 9.50820153904762e-12 0
6.125 8.58393845074286e-16 6.97881174857143e-12 0 1.03455272260571e-15 8.41099774476191e-12 0
6.25 8.13296163565714e-16 6.61216393142857e-12 0 9.8740889088e-16 8.02771456e-12 0
6.375 8.01633184548571e-16 6.51734296380952e-12 0 8.81607106057143e-16 7.16753744761905e-12 0
6.5 7.54956769691429e-16 6.13785991619048e-12 0 8.49696447131429e-16 6.90810119619048e-12 0
6.625 7.78113961417143e-16 6.32612976761905e-12 0 8.05292629942857e-16 6.54709455238095e-12 0
6.75 7.52438597485714e-16 6.11738697142857e-12 0 7.60134645165714e-16 6.1799564647619e-12 0
6.875 7.23861588114286e-16 5.88505356190476e-12 0 6.96078749211428e-16 5.65917682285714e-12 0
7 6.81917821531429e-16 5.54404732952381e-12 0 6.8786563296e-16 5.59240352e-12 0
7.125 6.59235307657143e-16 5.35963664761905e-12 0 6.46010407634286e-16 5.2521171352381e-12 0
7.25 6.34753790628572e-16 5.16059992380953e-12 0 6.0318849696e-16 4.90397152e-12 0
7.375 6.04010418102857e-16 4.91065380571428e-12 0 5.70233905874286e-16 4.6360480152381e-12 0
7.5 6.0289422848e-16 4.90157909333333e-12 0 5.19965038217143e-16 4.22735803428571e-12 0
7.625 5.72853321371429e-16 4.65734407619048e-12 0 5.1130121248e-16 4.15692042666667e-12 0
7.75 5.81769336e-16 4.729832e-12 0 4.81241251382857e-16 3.91253049904762e-12 0
7.875 5.6798367968e-16 4.61775349333333e-12 0 4.60036086994286e-16 3.74013078857143e-12 0
8 4.80241194845714e-16 3.90439995809524e-12 0 3.83754356525714e-16 3.11995411809524e-12 0
8.125 4.66932033643571e-16 3.79619539547619e-12 0 3.71199131145e-16 3.017879115e-12 0
8.25 4.53622872441429e-16 3.68799083285714e-12 0 3.58643905764286e-16 2.91580411190476e-12 0
8.375 4.40313711239286e-16 3.57978627023809e-12 0 3.46088680383571e-16 2.81372910880952e-12 0
8.5 4.27004550037143e-16 3.47158170761905e-12 0 3.33533455002857e-16 2.71165410571429e-12 0
8.625 4.13695388835e-16 3.363377145e-12 0 3.20978229622143e-16 2.60957910261905e-12 0
8.75 4.00386227632857e-16 3.25517258238095e-12 0 3.08423004241429e-16 2.50750409952381e-12 0
8.875 3.87077066430714e-16 3.1469680197619e-12 0 2.95867778860714e-16 2.40542909642857e-12 0
9 3.73767905228571e-16 3.03876345714286e-12 0 2.8331255348e-16 2.30335409333333e-12 0
9.125 3.60503943056071e-16 2.93092636630952e-12 0 2.71738028067857e-16 2.20925226071429e-12 0
9.25 3.47239980883571e-16 2.82308927547619e-12 0 2.60163502655714e-16 2.11515042809524e-12 0
9.375 3.33976018711071e-16 2.71525218464286e-12 0 2.48588977243571e-16 2.02104859547619e-12 0
9.5 3.20712056538571e-16 2.60741509380952e-12 0 2.37014451831429e-16 1.92694676285714e-12 0
9.625 3.07448094366071e-16 2.49957800297619e-12 0 2.25439926419286e-16 1.8328449302381e-12 0
9.75 2.94184132193571e-16 2.39174091214286e-12 0 2.13865401007143e-16 1.73874309761905e-12 0
9.875 2.80920170021071e-16 2.28390382130952e-12 0 2.02290875595e-16 1.644641265e-12 0
10 2.67656207848571e-16 2.17606673047619e-12 0 1.90716350182857e-16 1.55053943238095e-12 0
11 2.18623061155714e-16 1.77742326142857e-12 0 1.50839167982857e-16 1.22633469904762e-12 0
12 1.69589914462857e-16 1.37877979238095e-12 0 1.10961985782857e-16 9.02129965714286e-13 0
13 1.32352729408571e-16 1.07603845047619e-12 0 8.82518094428571e-17 7.17494385714286e-13 0
14 9.51155443542857e-17 7.73297108571428e-13 0 6.55416331028571e-17 5.32858805714286e-13 0
15 7.51222000971428e-17 6.10749594285714e-13 0 5.178986586e-17 4.2105582e-13 0
16 5.512885584e-17 4.4820208e-13 0 3.80380986171429e-17 3.09252834285714e-13 0
17 4.43608668771429e-17 3.60657454285714e-13 0 3.16138413e-17 2.570231e-13 0
18 3.35928779142857e-17 2.73112828571429e-13 0 2.51895839828571e-17 2.04793365714286e-13 0
19 2.14486973365714e-17 1.74379653142857e-13 0 1.61083431497143e-17 1.30962139428571e-13 0
20 9.30451675885714e-18 7.56464777142857e-14 0 7.02710231657143e-18 5.71309131428571e-14 0
30 9.09341952e-19 7.393024e-15 0 3.89717979428571e-19 3.16843885714286e-15 0
40 4.05956228571429e-20 3.30045714285714e-16 0 0 0 0
50 0 0 0 0 0 0
60 0 0 0 0 0 0
70 0 0 0 0 0 0
80 0 0 0 0 0 0
90 0 0 0 0 0 0
100 0 0 0 0 0 0
110 0 0 0 0 0 0
