0.125 5.84297853325714e-09 4.75038905142857e-05 0 1.83449704265143e-09 1.49146101028571e-05 0
0.25 7.14252145124572e-09 5.80692800914286e-05 0 1.67118756886857e-09 1.35868908038095e-05 0
0.375 1.02296721775086e-08 8.31680664838095e-05 0 1.73589378011429e-09 1.41129575619048e-05 0
0.5 1.45290134746514e-08 0.000118122060769524 0 1.77352675890286e-09 1.44189167390476e-05 0
0.625 1.81969429075657e-08 0.000147942625264762 0 1.43672091104e-09 1.16806578133333e-05 0
0.75 2.16922331541029e-08 0.000176359619139048 0 1.37385876827429e-09 1.11695834819048e-05 0
0.875 2.52517272583314e-08 0.00020529859559619 0 1.6091594064e-09 1.30825968e-05 0
1 2.90443128400914e-08 0.00023613262471619 0 1.90039982226286e-09 1.54504050590476e-05 0
1.125 3.21168071300114e-08 0.000261112253089524 0 1.77345597088e-09 1.44183412266667e-05 0
1.25 3.359114422624e-08 0.000273098733546667 0 1.98969150217143e-09 1.61763536761905e-05 0
1.375 3.42867521530057e-08 0.000278754082544762 0 2.04662916836571e-09 1.66392615314286e-05 0
1.5 3.54690989597714e-08 0.000288366658209524 0 1.87552683254857e-09 1.52481856304762e-05 0
1.625 3.79390522247314e-08 0.000308447579062857 0 2.00680689078857e-09 1.63155031771429e-05 0
1.75 3.98726235697829e-08 0.000324167671299048 0 1.88044747917714e-09 1.5288190887619e-05 0
1.875 4.04711465909943e-08 0.000329033712121905 0 1.88710487081143e-09 1.53423160228571e-05 0
2 4.13753494577371e-08 0.000336384954940952 0 1.81651026299429e-09 1.47683761219048e-05 0
2.125 4.19355722263314e-08 0.00034093961159619 0 1.70701118907429e-09 1.38781397485714e-05 0
2.25 4.12418692373486e-08 0.000335299749897143 0 1.66014790980571e-09 1.34971374780952e-05 0
2.375 3.99982878369372e-08 0.000325189332007619 0 1.59355196498286e-09 1.2955707032381e-05 0
2.5 3.86516453934629e-08 0.000314241019459048 0 1.47448982614857e-09 1.19877221638095e-05 0
2.625 3.69961314301714e-08 0.000300781556342857 0 1.50828083410286e-09 1.22624458057143e-05 0
2.75 3.449050474464e-08 0.00028041060768 0 1.43604318432e-09 1.167514784e-05 0
2.875 3.13694481167086e-08 0.000255036163550476 0 1.34576901133714e-09 1.09412114742857e-05 0
3 2.89926911711086e-08 0.000235712936350476 0 1.32287295821714e-09 1.07550647009524e-05 0
3.125 2.56246826122057e-08 0.000208330752944762 0 1.21029301778286e-09 9.83978063238095e-06 0
3.25 2.28470638028343e-08 0.000185748486201905 0 1.19164346445714e-09 9.68815824761905e-06 0
3.375 2.010552321664e-08 0.000163459538346667 0 1.19126479501714e-09 9.68507963428572e-06 0
3.5 1.73018025008914e-08 0.000140665060982857 0 1.14027887625143e-09 9.27055996952381e-06 0
3.625 1.49756412140343e-08 0.000121753180601905 0 1.11791179341714e-09 9.08871376761905e-06 0
3.75 1.27976298332343e-08 0.000104045771001905 0 1.07907612297143e-09 8.77297660952381e-06 0
3.875 1.09578811432229e-08 8.90884645790476e-05 0 1.00996012978286e-09 8.21105796571429e-06 0
4 9.22094188278857e-09 7.49670071771429e-05 0 9.7616905248e-10 7.93633376e-06 0
4.125 7.71288947725714e-09 6.27064185142857e-05 0 9.08686386834286e-10 7.38769420190476e-06 0
4.25 6.46624714336e-09 5.25711149866667e-05 0 9.28024447771429e-10 7.54491420952381e-06 0
4.375 5.60629268365714e-09 4.55796153142857e-05 0 8.14620415771429e-10 6.62293020952381e-06 0
4.5 4.71529508192e-09 3.83357323733333e-05 0 8.02942725485714e-10 6.52798963809524e-06 0
4.625 4.02229107030857e-09 3.27015534171429e-05 0 7.2617801408e-10 5.90388629333333e-06 0
4.75 3.48087706249143e-09 2.82998135161905e-05 0 7.18177829805714e-10 5.83884414476191e-06 0
4.875 2.98775093353143e-09 2.42906579961905e-05 0 6.7268415296e-10 5.46897685333333e-06 0
5 2.53198144804571e-09 2.05852150247619e-05 0 6.48191362102857e-10 5.26984847238095e-06 0
5.125 2.227651688e-09 1.81109893333333e-05 0 6.1722792032e-10 5.01811317333333e-06 0
5.25 1.92317547126857e-09 1.56355729371429e-05 0 5.92125774811429e-10 4.81403068952381e-06 0
5.375 1.74617127963429e-09 1.41965144685714e-05 0 5.83548559817143e-10 4.74429723428571e-06 0
5.5 1.55601705632e-09 1.26505451733333e-05 0 5.52468228205714e-10 4.49161161142857e-06 0
5.625 1.39373553453714e-09 1.1331183207619e-05 0 4.9085366624e-10 3.99068021333333e-06 0
5.75 1.27662315140571e-09 1.03790500114286e-05 0 4.9465707552e-10 4.02160224e-06 0
5.875 1.12998129563429e-09 9.18683980190476e-06 0 4.67608593005714e-10 3.80169587809524e-06 0
6 1.05400495753143e-09 8.56914599619048e-06 0 4.64180550674286e-10 3.7738256152381e-06 0
6.125 9.78985517257143e-10 7.95923184761905e-06 0 4.41057399725714e-10 3.58583251809524e-06 0
6.25 9.02376765165714e-10 7.3363964647619e-06 0 4.30412362148571e-10 3.49928749714286e-06 0
6.375 8.87023010194286e-10 7.21156918857143e-06 0 4.05837269531429e-10 3.29948999619048e-06 0
6.5 7.91522110354286e-10 6.43513910857143e-06 0 4.1646249216e-10 3.38587392e-06 0
6.625 7.33784309714286e-10 5.96572609523809e-06 0 3.96508763977143e-10 3.22364848761905e-06 0
6.75 7.14327975725714e-10 5.80754451809524e-06 0 3.6662583104e-10 2.98069781333333e-06 0
6.875 6.57241384411429e-10 5.34342588952381e-06 0 3.64374180388571e-10 2.96239171047619e-06 0
7 6.44166882697143e-10 5.23712912761905e-06 0 3.52472574811429e-10 2.86563068952381e-06 0
7.125 6.04438180708571e-10 4.91413155047619e-06 0 3.4140495328e-10 2.77565002666667e-06 0
7.25 5.78930014308571e-10 4.70674808380952e-06 0 2.92707919725714e-10 2.3797391847619e-06 0
7.375 5.62860762011429e-10 4.57610375619048e-06 0 3.08129505097143e-10 2.50511792761905e-06 0
7.5 5.45865610697143e-10 4.43793179428571e-06 0 2.89039249097143e-10 2.34991259428571e-06 0
7.625 5.2542014304e-10 4.27170848e-06 0 2.7609424928e-10 2.24466869333333e-06 0
7.75 5.14423495085714e-10 4.18230483809524e-06 0 2.79632563337143e-10 2.27343547428571e-06 0
7.875 4.79216404297143e-10 3.89606832761905e-06 0 2.69535714971429e-10 2.19134727619048e-06 0
8 4.0064799512e-10 3.25730077333333e-06 0 2.21508208605714e-10 1.8008797447619e-06 0
8.125 3.87313921292857e-10 3.14889366904762e-06 0 2.15629542125e-10 1.75308570833333e-06 0
8.25 3.73979847465714e-10 3.0404865647619e-06 0 2.09750875644286e-10 1.70529167190476e-06 0
8.375 3.60645773638571e-10 2.93207946047619e-06 0 2.03872209163571e-10 1.65749763547619e-06 0
8.5 3.47311699811429e-10 2.82367235619048e-06 0 1.97993542682857e-10 1.60970359904762e-06 0
8.625 3.33977625984286e-10 2.71526525190476e-06 0 1.92114876202143e-10 1.56190956261905e-06 0
8.75 3.20643552157143e-10 2.60685814761905e-06 0 1.86236209721429e-10 1.51411552619048e-06 0
8.875 3.0730947833e-10 2.49845104333333e-06 0 1.80357543240714e-10 1.46632148976191e-06 0
9 2.93975404502857e-10 2.39004393904762e-06 0 1.7447887676e-10 1.41852745333333e-06 0
9.125 2.822742759375e-10 2.2949128125e-06 0 1.67169021932143e-10 1.35909773928571e-06 0
9.25 2.70573147372143e-10 2.19978168595238e-06 0 1.59859167104286e-10 1.2996680252381e-06 0
9.375 2.58872018806786e-10 2.10465055940476e-06 0 1.52549312276429e-10 1.24023831119048e-06 0
9.5 2.47170890241429e-10 2.00951943285714e-06 0 1.45239457448571e-10 1.18080859714286e-06 0
9.625 2.35469761676071e-10 1.91438830630952e-06 0 1.37929602620714e-10 1.12137888309524e-06 0
9.75 2.23768633110714e-10 1.8192571797619e-06 0 1.30619747792857e-10 1.06194916904762e-06 0
9.875 2.12067504545357e-10 1.72412605321429e-06 0 1.23309892965e-10 1.002519455e-06 0
10 2.0036637598e-10 1.62899492666667e-06 0 1.16000038137143e-10 9.43089740952381e-07 0
11 1.56124439501429e-10 1.26930438619048e-06 0 9.28412239828571e-11 7.54806699047619e-07 0
12 1.11882503022857e-10 9.09613845714286e-07 0 6.96824098285714e-11 5.66523657142857e-07 0
13 8.85069657971429e-11 7.19568827619048e-07 0 5.46442049142857e-11 4.44261828571429e-07 0
14 6.51314285714286e-11 5.2952380952381e-07 0 3.9606e-11 3.22e-07 0
15 5.29251428571429e-11 4.30285714285714e-07 0 3.22142857142857e-11 2.61904761904762e-07 0
16 4.07188571428571e-11 3.31047619047619e-07 0 2.48225714285714e-11 2.01809523809524e-07 0
17 3.2923e-11 2.67666666666667e-07 0 1.93051428571429e-11 1.56952380952381e-07 0
18 2.51271428571429e-11 2.04285714285714e-07 0 1.37877142857143e-11 1.12095238095238e-07 0
19 1.64105428571429e-11 1.33419047619048e-07 0 8.85482857142857e-12 7.19904761904762e-08 0
20 7.69394285714286e-12 6.25523809523809e-08 0 3.92194285714286e-12 3.18857142857143e-08 0
30 3.58457142857143e-13 2.91428571428571e-09 0 2.97542857142857e-13 2.41904761904762e-09 0
40 1.17142857142857e-14 9.52380952380952e-11 0 0 0 0
50 0 0 0 0 0 0
60 0 0 0 0 0 0
70 0 0 0 0 0 0
80 0 0 0 0 0 0
90 0 0 0 0 0 0
100 0 0 0 0 0 0
110 0 0 0 0 0 0
