0.125 4.07231923809524e-17 3.31861447619048e-17 0 5.74386323809524e-17 4.77275771428572e-17 0
0.25 1.671544e-17 2.38277980952381e-17 0 4.97360038095238e-17 4.80875123809524e-17 0
0.375 3.26102476190476e-17 2.69232533333333e-17 0 3.94922438095238e-17 4.30484114285714e-17 0
0.5 1.63051238095238e-17 2.908288e-17 0 4.12127428571429e-17 3.91610971428571e-17 0
0.625 2.01564380952381e-17 3.44099352380952e-17 0 5.4897500952381e-17 5.00311809523809e-17 0
0.75 1.89254895238095e-17 3.74333942857143e-17 0 6.00589980952381e-17 3.64255695238095e-17 3.82971428571429e-18
0.875 3.90026933333333e-17 2.60593980952381e-17 7.65942857142857e-18 4.12127428571429e-17 4.23285257142857e-17 1.91485714285714e-17
1 3.343088e-17 3.77213333333333e-17 1.53188571428571e-17 3.77717447619048e-17 5.09670019047619e-17 1.53188571428571e-17
1.125 3.30205638095238e-17 3.24662742857143e-17 1.91485714285714e-17 5.35873180952381e-17 4.808752e-17 4.21268571428571e-17
1.25 3.47410628571429e-17 2.52675466666667e-17 3.44674285714286e-17 7.89052533333333e-17 4.5064060952381e-17 6.12754285714286e-17
1.375 2.35974361904762e-17 4.28324457142857e-17 3.82971428571429e-17 5.70283161904762e-17 4.03848647619048e-17 6.89348571428571e-17
1.5 5.014632e-17 2.77151123809524e-17 7.27645714285714e-17 5.23563695238095e-17 4.65038019047619e-17 6.89348571428571e-17
1.625 3.00691161904762e-17 2.35398514285714e-17 4.21268571428571e-17 5.44871847619048e-17 4.85194514285714e-17 5.74457142857143e-17
1.75 2.57282514285714e-17 2.43317104761905e-17 4.21268571428571e-17 3.68718780952381e-17 5.91015733333333e-17 8.42537142857143e-17
1.875 3.51513790476191e-17 3.8225260952381e-17 6.89348571428571e-17 3.26102476190476e-17 4.18966171428571e-17 5.74457142857143e-17
2 1.54844914285714e-17 3.268224e-17 8.42537142857143e-17 5.22771352380952e-17 4.06728419047619e-17 6.51051428571429e-17
2.125 2.87589333333333e-17 3.07385866666667e-17 8.80834285714286e-17 3.85923771428571e-17 4.35523238095238e-17 8.80834285714286e-17
2.25 3.26102476190476e-17 2.56994552380952e-17 5.74457142857143e-17 7.1612940952381e-17 5.67979923809524e-17 1.07232e-16
2.375 3.51513790476191e-17 2.807504e-17 6.12754285714286e-17 4.37538742857143e-17 3.41219733333333e-17 1.11061714285714e-16
2.5 4.11335085714286e-17 3.43379466666667e-17 9.19131428571429e-17 4.67845561904762e-17 5.1614899047619e-17 1.11061714285714e-16
2.625 5.82592647619048e-17 2.64913295238095e-17 1.07232e-16 5.39976342857143e-17 3.25382628571429e-17 1.30210285714286e-16
2.75 4.54743733333333e-17 2.38277904761905e-17 9.19131428571429e-17 4.80155047619048e-17 4.95272609523809e-17 1.03402285714286e-16
2.875 2.10563047619048e-17 2.7283180952381e-17 1.07232e-16 4.58846895238095e-17 2.71392038095238e-17 1.22550857142857e-16
3 2.57282514285714e-17 3.33301219047619e-17 6.51051428571429e-17 6.73513104761905e-17 4.37682819047619e-17 1.30210285714286e-16
3.125 2.57282514285714e-17 3.54177523809524e-17 9.95725714285714e-17 5.87488152380952e-17 5.03191352380952e-17 1.45529142857143e-16
3.25 5.014632e-17 1.87886819047619e-17 5.74457142857143e-17 4.07231923809524e-17 5.97494628571429e-17 1.30210285714286e-16
3.375 3.43307466666667e-17 4.28324457142857e-17 9.57428571428571e-17 4.67845561904762e-17 5.18308571428571e-17 1.22550857142857e-16
3.5 3.26102476190476e-17 2.82190247619048e-17 8.80834285714286e-17 7.58745714285714e-17 4.5423980952381e-17 1.68507428571429e-16
3.625 3.90026933333333e-17 3.57776876190476e-17 8.42537142857143e-17 5.79281828571429e-17 3.78653257142857e-17 1.45529142857143e-16
3.75 2.18769371428571e-17 2.99467047619048e-17 9.19131428571429e-17 8.61183314285714e-17 6.02533828571429e-17 1.49358857142857e-16
3.875 5.22771352380952e-17 2.51955580952381e-17 8.42537142857143e-17 6.21898133333333e-17 3.01626780952381e-17 1.18721142857143e-16
4 5.35873180952381e-17 3.24662819047619e-17 1.14891428571429e-16 6.308968e-17 5.67260038095238e-17 1.68507428571429e-16
4.125 4.637424e-17 2.82190247619048e-17 7.65942857142857e-17 5.44871847619048e-17 4.95992571428571e-17 1.45529142857143e-16
4.25 4.37538742857143e-17 3.41939695238095e-17 1.11061714285714e-16 3.76925104761905e-17 4.21845409523809e-17 1.37869714285714e-16
4.375 4.97360038095238e-17 2.98027276190476e-17 9.95725714285714e-17 4.85050552380952e-17 4.03848723809524e-17 1.18721142857143e-16
4.5 6.21898133333333e-17 5.10390057142857e-17 1.22550857142857e-16 7.03027580952381e-17 3.28981904761905e-17 1.76166857142857e-16
4.625 3.1710380952381e-17 3.44099276190476e-17 9.19131428571429e-17 4.03128761904762e-17 5.87416380952381e-17 1.3404e-16
4.75 5.10461866666667e-17 1.79248342857143e-17 7.27645714285714e-17 3.60512457142857e-17 5.42784304761905e-17 1.53188571428571e-16
4.875 2.91692495238095e-17 3.92330857142857e-17 1.11061714285714e-16 7.97258857142857e-17 3.26822323809524e-17 1.22550857142857e-16
5 5.53078171428571e-17 3.44099276190476e-17 1.07232e-16 4.1623059047619e-17 3.2970179047619e-17 1.30210285714286e-16
5.125 3.72821942857143e-17 3.59216647619048e-17 1.26380571428571e-16 6.56308114285714e-17 4.21845561904762e-17 1.03402285714286e-16
5.25 3.08897485714286e-17 2.72111923809524e-17 1.18721142857143e-16 5.39976342857143e-17 4.75836152380952e-17 1.53188571428571e-16
5.375 6.39103123809524e-17 3.23942780952381e-17 8.0424e-17 4.97360038095238e-17 5.69419695238095e-17 1.30210285714286e-16
5.5 4.58846895238095e-17 3.52017942857143e-17 5.74457142857143e-17 8.44770666666667e-17 4.65757828571429e-17 1.30210285714286e-16
5.625 2.18769371428571e-17 3.69294895238095e-17 9.95725714285714e-17 8.27565676190476e-17 4.36962857142857e-17 1.37869714285714e-16
5.75 3.60512457142857e-17 3.60656419047619e-17 5.74457142857143e-17 4.25229257142857e-17 5.13269523809524e-17 1.53188571428571e-16
5.875 4.07231923809524e-17 2.58434476190476e-17 8.42537142857143e-17 5.05566361904762e-17 4.12487276190476e-17 8.42537142857143e-17
6 2.53179352380952e-17 2.63473523809524e-17 5.74457142857143e-17 5.87488152380952e-17 5.989344e-17 1.18721142857143e-16
6.125 3.38411961904762e-17 2.77151123809524e-17 6.51051428571429e-17 5.10461866666667e-17 4.34083466666667e-17 9.95725714285714e-17
6.25 3.08897485714286e-17 3.10265257142857e-17 9.57428571428571e-17 5.74386323809524e-17 5.802176e-17 1.3404e-16
6.375 3.68718780952381e-17 3.46978742857143e-17 6.51051428571429e-17 5.014632e-17 4.98872114285714e-17 1.45529142857143e-16
6.5 6.85822590476191e-17 2.16681714285714e-17 3.82971428571429e-17 5.44871847619048e-17 5.39904914285714e-17 1.07232e-16
6.625 4.41641904761905e-17 3.59216647619048e-17 6.12754285714286e-17 7.80053866666667e-17 5.06790628571429e-17 8.0424e-17
6.75 4.97360038095238e-17 3.29701866666667e-17 3.82971428571429e-17 5.39976342857143e-17 4.35523238095238e-17 9.57428571428571e-17
6.875 3.68718780952381e-17 2.20281142857143e-17 8.0424e-17 5.70283161904762e-17 3.97369980952381e-17 8.0424e-17
7 2.70384342857143e-17 3.29701866666667e-17 5.3616e-17 5.57181333333333e-17 3.21783123809524e-17 1.03402285714286e-16
7.125 4.24436914285714e-17 2.56994704761905e-17 5.3616e-17 5.40768685714286e-17 3.53457638095238e-17 9.19131428571429e-17
7.25 2.99898819047619e-17 2.2316060952381e-17 6.89348571428571e-17 2.74487504761905e-17 4.93832914285714e-17 1.03402285714286e-16
7.375 3.90026933333333e-17 3.57776876190476e-17 8.42537142857143e-17 4.62950057142857e-17 4.78715542857143e-17 9.19131428571429e-17
7.5 2.99898819047619e-17 2.65633104761905e-17 7.27645714285714e-17 5.53078171428571e-17 4.12487276190476e-17 9.57428571428571e-17
7.625 3.30205638095238e-17 2.56994628571429e-17 5.74457142857143e-17 8.40667504761905e-17 5.9965420952381e-17 6.12754285714286e-17
7.75 5.10461866666667e-17 3.23222971428571e-17 5.74457142857143e-17 3.8182060952381e-17 4.00969333333333e-17 8.42537142857143e-17
7.875 6.17002628571429e-17 2.28919542857143e-17 4.21268571428571e-17 5.87488152380952e-17 4.9023340952381e-17 5.74457142857143e-17
8 4.66738409523809e-17 2.77780995238095e-17 2.10634285714286e-17 5.10677633333333e-17 4.6053879047619e-17 5.07437142857143e-17
8.125 4.61694789880952e-17 2.76701186904762e-17 2.02256785714286e-17 5.22762511904762e-17 4.5468981547619e-17 4.8170625e-17
8.25 4.56651170238095e-17 2.75621378571429e-17 1.93879285714286e-17 5.3484739047619e-17 4.4884084047619e-17 4.55975357142857e-17
8.375 4.51607550595238e-17 2.74541570238095e-17 1.85501785714286e-17 5.46932269047619e-17 4.4299186547619e-17 4.30244464285714e-17
8.5 4.46563930952381e-17 2.73461761904762e-17 1.77124285714286e-17 5.59017147619048e-17 4.3714289047619e-17 4.04513571428571e-17
8.625 4.41520311309524e-17 2.72381953571429e-17 1.68746785714286e-17 5.71102026190476e-17 4.3129391547619e-17 3.78782678571429e-17
8.75 4.36476691666667e-17 2.71302145238095e-17 1.60369285714286e-17 5.83186904761905e-17 4.25444940476191e-17 3.53051785714286e-17
8.875 4.3143307202381e-17 2.70222336904762e-17 1.51991785714286e-17 5.95271783333333e-17 4.19595965476191e-17 3.27320892857143e-17
9 4.26389452380952e-17 2.69142528571429e-17 1.43614285714286e-17 6.07356661904762e-17 4.13746990476191e-17 3.0159e-17
9.125 4.19667647916667e-17 2.6652174047619e-17 1.32843214285714e-17 5.9445910922619e-17 4.06087094047619e-17 2.83039821428572e-17
9.25 4.12945843452381e-17 2.63900952380952e-17 1.22072142857143e-17 5.81561556547619e-17 3.98427197619048e-17 2.64489642857143e-17
9.375 4.06224038988095e-17 2.61280164285714e-17 1.11301071428571e-17 5.68664003869048e-17 3.90767301190476e-17 2.45939464285714e-17
9.5 3.9950223452381e-17 2.58659376190476e-17 1.0053e-17 5.55766451190476e-17 3.83107404761905e-17 2.27389285714286e-17
9.625 3.92780430059524e-17 2.56038588095238e-17 8.97589285714286e-18 5.42868898511905e-17 3.75447508333333e-17 2.08839107142857e-17
9.75 3.86058625595238e-17 2.534178e-17 7.89878571428571e-18 5.29971345833333e-17 3.67787611904762e-17 1.90288928571429e-17
9.875 3.79336821130952e-17 2.50797011904762e-17 6.82167857142857e-18 5.17073793154762e-17 3.60127715476191e-17 1.7173875e-17
10 3.72615016666667e-17 2.48176223809524e-17 5.74457142857143e-18 5.0417624047619e-17 3.52467819047619e-17 1.53188571428571e-17
11 3.35768783333333e-17 2.36298326190476e-17 3.47067857142857e-18 4.91169034523809e-17 3.48508519047619e-17 1.089075e-17
12 2.9892255e-17 2.24420428571429e-17 1.19678571428571e-18 4.78161828571429e-17 3.44549219047619e-17 6.46264285714286e-18
13 3.03199036904762e-17 2.13059927380952e-17 5.98392857142857e-19 4.36886123809524e-17 3.28284598809524e-17 4.18875e-18
14 3.07475523809524e-17 2.01699426190476e-17 0 3.95610419047619e-17 3.12019978571429e-17 1.91485714285714e-18
15 2.73574017857143e-17 1.89124144047619e-17 0 3.72077360714286e-17 2.90333797619048e-17 9.57428571428572e-19
16 2.39672511904762e-17 1.76548861904762e-17 0 3.48544302380952e-17 2.68647616666667e-17 0
17 2.45305519047619e-17 1.58214589285714e-17 0 3.48213572619048e-17 2.50965742857143e-17 0
18 2.50938526190476e-17 1.39880316666667e-17 0 3.47882842857143e-17 2.33283869047619e-17 0
19 1.96562056666667e-17 1.0852984952381e-17 0 2.81763896904762e-17 1.77259740952381e-17 0
20 1.42185587142857e-17 7.71793823809524e-18 0 2.15644950952381e-17 1.21235612857143e-17 0
30 5.03730547619048e-18 1.95085571428571e-18 0 7.6399139047619e-18 3.94220414285714e-18 0
40 8.77794047619048e-19 3.20343428571429e-19 0 2.48283847619048e-18 8.52149571428571e-19 0
50 1.44424285714286e-19 1.51173333333333e-19 0 7.70262857142857e-19 2.04263952380952e-19 0
60 0 0 0 2.88848571428571e-19 2.15961904761905e-20 0
70 0 0 0 0 2.15961904761905e-20 0
80 0 0 0 0 0 0
90 0 0 0 0 0 0
100 0 0 0 0 0 0
110 0 0 0 0 0 0
