0.125 2.11121415268571e-09 1.71643427047619e-05 0 5.41506952333714e-09 4.40249554742857e-05 0
0.25 1.80202217312e-09 1.46505867733333e-05 0 7.34665844950857e-09 5.97289304838095e-05 0
0.375 1.68716426706286e-09 1.37167826590476e-05 0 9.66691760877714e-09 7.8592826087619e-05 0
0.5 1.55093859296e-09 1.26092568533333e-05 0 1.37154424583314e-08 0.000111507662262857 0
0.625 1.56360874377143e-09 1.27122662095238e-05 0 1.78400988405943e-08 0.000145041453988571 0
0.75 1.67637326198857e-09 1.36290509104762e-05 0 2.11611434017371e-08 0.000172041816274286 0
0.875 1.75196889142857e-09 1.42436495238095e-05 0 2.34949507059657e-08 0.000191015859398095 0
1 1.80866976036571e-09 1.47046321980952e-05 0 2.79597136057143e-08 0.000227314744761905 0
1.125 1.86844698628571e-09 1.51906259047619e-05 0 3.064858107488e-08 0.000249175455893333 0
1.25 2.25224787757714e-09 1.83109583542857e-05 0 3.14467536701257e-08 0.000255664663984762 0
1.375 2.22912225819429e-09 1.81229451885714e-05 0 3.208926894912e-08 0.00026088836544 0
1.5 2.05321526779429e-09 1.66928070552381e-05 0 3.45056330192914e-08 0.000280533601782857 0
1.625 2.11648284105143e-09 1.72071775695238e-05 0 3.575750956032e-08 0.00029071145984 0
1.75 2.04808867652571e-09 1.66511274514286e-05 0 3.699939097984e-08 0.000300808056746667 0
1.875 1.90189961069714e-09 1.54625984609524e-05 0 3.76614097461029e-08 0.000306190323139048 0
2 1.80516869773714e-09 1.46761682742857e-05 0 3.83231293482514e-08 0.000311570157302857 0
2.125 1.74386507977143e-09 1.41777648761905e-05 0 3.76962903869257e-08 0.000306473905584762 0
2.25 1.76428198331429e-09 1.43437559619048e-05 0 3.74429669135086e-08 0.000304414365150476 0
2.375 1.63857965691429e-09 1.33217858285714e-05 0 3.68943207137371e-08 0.000299953826940952 0
2.5 1.63749327405714e-09 1.3312953447619e-05 0 3.55810034732343e-08 0.000289276451001905 0
2.625 1.53550450985143e-09 1.24837765028571e-05 0 3.33612705636572e-08 0.000271229841980952 0
2.75 1.48823697714286e-09 1.20994876190476e-05 0 3.07262125890743e-08 0.000249806606415238 0
2.875 1.44260975181714e-09 1.1728534567619e-05 0 2.80849026327314e-08 0.000228332541729524 0
3 1.45893541389714e-09 1.1861263527619e-05 0 2.51487225488e-08 0.000204461158933333 0
3.125 1.3982893216e-09 1.13682058666667e-05 0 2.24177529302857e-08 0.000182258153904762 0
3.25 1.31415824187429e-09 1.06842133485714e-05 0 1.98516214267429e-08 0.000161395296152381 0
3.375 1.26515377860571e-09 1.02858030780952e-05 0 1.73006350832914e-08 0.000140655569782857 0
3.5 1.25102259771429e-09 1.01709154285714e-05 0 1.51043521532343e-08 0.000122799611001905 0
3.625 1.20634482742857e-09 9.80768152380952e-06 0 1.29806246656e-08 0.000105533533866667 0
3.75 1.17482277165714e-09 9.55140464761905e-06 0 1.09353611936457e-08 8.89053755580952e-05 0
3.875 1.08549864224e-09 8.82519221333333e-06 0 9.08758621056e-09 7.388281472e-05 0
4 1.02654154002286e-09 8.34586617904762e-06 0 7.69323106902857e-09 6.25465940571429e-05 0
4.125 9.92843766537143e-10 8.07190054095238e-06 0 6.45856388768e-09 5.25086494933333e-05 0
4.25 9.14267136274286e-10 7.43306614857143e-06 0 5.54726632096e-09 4.50997261866667e-05 0
4.375 9.19861837897143e-10 7.47855152761905e-06 0 4.63580652169143e-09 3.76894839161905e-05 0
4.5 9.12305186468572e-10 7.41711533714286e-06 0 3.83447138418286e-09 3.11745640990476e-05 0
4.625 8.95902131382857e-10 7.28375716571429e-06 0 3.28295148832e-09 2.66906625066667e-05 0
4.75 8.6811954176e-10 7.05788245333333e-06 0 2.835765984e-09 2.3055008e-05 0
4.875 8.286755344e-10 6.73719946666667e-06 0 2.41996647168e-09 1.967452416e-05 0
5 8.06119949028572e-10 6.55382072380952e-06 0 2.04957611529143e-09 1.66632204495238e-05 0
5.125 7.72971875428572e-10 6.28432419047619e-06 0 1.81547933650286e-09 1.47599946057143e-05 0
5.25 7.2978916288e-10 5.93324522666667e-06 0 1.63066244539429e-09 1.32574182552381e-05 0
5.375 7.02835571702857e-10 5.71411033904762e-06 0 1.39905207154286e-09 1.13744070857143e-05 0
5.5 6.76809712594286e-10 5.50251798857143e-06 0 1.21247079721143e-09 9.85748615619048e-06 0
5.625 6.78375318445714e-10 5.51524649142857e-06 0 1.10453030619429e-09 8.97992118857143e-06 0
5.75 6.44218493028572e-10 5.23754872380952e-06 0 9.61600820022857e-10 7.81789284571429e-06 0
5.875 6.32211854354286e-10 5.13993377523809e-06 0 8.88597951862857e-10 7.22437359238095e-06 0
6 5.88330216914286e-10 4.7831724952381e-06 0 7.92479276205714e-10 6.4429209447619e-06 0
6.125 5.98127250788571e-10 4.86282317714286e-06 0 7.37804881234286e-10 5.99841366857143e-06 0
6.25 5.46054182582857e-10 4.43946489904762e-06 0 6.95106750262857e-10 5.65127439238095e-06 0
6.375 5.49948445988571e-10 4.47112557714286e-06 0 6.182608448e-10 5.02651093333333e-06 0
6.5 5.2433183904e-10 4.26286048e-06 0 5.6111210592e-10 4.56188704e-06 0
6.625 4.99789177188571e-10 4.06332664380952e-06 0 5.26218092068571e-10 4.27819587047619e-06 0
6.75 4.86470765302857e-10 3.95504687238095e-06 0 4.97654030262857e-10 4.04596772571429e-06 0
6.875 4.74082700114286e-10 3.8543308952381e-06 0 4.77401081737143e-10 3.88130960761905e-06 0
7 4.6255036256e-10 3.76057205333333e-06 0 4.60005093805714e-10 3.73987881142857e-06 0
7.125 4.32734090468571e-10 3.51816333714286e-06 0 4.36991995291429e-10 3.55278044952381e-06 0
7.25 4.32127288594286e-10 3.51322998857143e-06 0 4.15016999908571e-10 3.37412195047619e-06 0
7.375 4.17085750262857e-10 3.39094105904762e-06 0 3.7267852e-10 3.02990666666667e-06 0
7.5 4.27308976091429e-10 3.47405671619048e-06 0 3.56192816411429e-10 2.89587655619048e-06 0
7.625 3.98332037257143e-10 3.23847184761905e-06 0 3.36843985828571e-10 2.73856899047619e-06 0
7.75 3.86025750902857e-10 3.13842073904762e-06 0 3.36472995337143e-10 2.73555280761905e-06 0
7.875 3.71669865645714e-10 3.02170622476191e-06 0 3.20292101211429e-10 2.60400082285714e-06 0
8 3.24044264474286e-10 2.6345062152381e-06 0 2.61165432365714e-10 2.12329619809524e-06 0
8.125 3.15708774e-10 2.566738e-06 0 2.52825851497143e-10 2.05549472761905e-06 0
8.25 3.07373283525714e-10 2.49896978476191e-06 0 2.44486270628571e-10 1.98769325714286e-06 0
8.375 2.99037793051429e-10 2.43120156952381e-06 0 2.3614668976e-10 1.91989178666667e-06 0
8.5 2.90702302577143e-10 2.36343335428571e-06 0 2.27807108891429e-10 1.85209031619048e-06 0
8.625 2.82366812102857e-10 2.29566513904762e-06 0 2.19467528022857e-10 1.78428884571429e-06 0
8.75 2.74031321628572e-10 2.22789692380952e-06 0 2.11127947154286e-10 1.7164873752381e-06 0
8.875 2.65695831154286e-10 2.16012870857143e-06 0 2.02788366285714e-10 1.6486859047619e-06 0
9 2.5736034068e-10 2.09236049333333e-06 0 1.94448785417143e-10 1.58088443428571e-06 0
9.125 2.481111114225e-10 2.0171635075e-06 0 1.86419340189643e-10 1.51560439178571e-06 0
9.25 2.38861882165e-10 1.94196652166667e-06 0 1.78389894962143e-10 1.45032434928571e-06 0
9.375 2.296126529075e-10 1.86676953583333e-06 0 1.70360449734643e-10 1.38504430678571e-06 0
9.5 2.2036342365e-10 1.79157255e-06 0 1.62331004507143e-10 1.31976426428571e-06 0
9.625 2.111141943925e-10 1.71637556416667e-06 0 1.54301559279643e-10 1.25448422178571e-06 0
9.75 2.01864965135e-10 1.64117857833333e-06 0 1.46272114052143e-10 1.18920417928571e-06 0
9.875 1.926157358775e-10 1.5659815925e-06 0 1.38242668824643e-10 1.12392413678571e-06 0
10 1.8336650662e-10 1.49078460666667e-06 0 1.30213223597143e-10 1.05864409428571e-06 0
11 1.48556815242857e-10 1.20777898571429e-06 0 1.03913672444286e-10 8.44826605238095e-07 0
12 1.13747123865714e-10 9.24773364761905e-07 0 7.76141212914286e-11 6.31009116190476e-07 0
13 8.98609905042857e-11 7.30577158571429e-07 0 6.05780606457143e-11 4.92504558095238e-07 0
14 6.59748571428572e-11 5.36380952380952e-07 0 4.3542e-11 3.54e-07 0
15 5.20465714285714e-11 4.23142857142857e-07 0 3.53478571428571e-11 2.87380952380952e-07 0
16 3.81182857142857e-11 3.09904761904762e-07 0 2.71537142857143e-11 2.20761904761905e-07 0
17 3.01935714285714e-11 2.45476190476191e-07 0 2.20638571428571e-11 1.79380952380952e-07 0
18 2.22688571428571e-11 1.81047619047619e-07 0 1.6974e-11 1.38e-07 0
19 1.44976e-11 1.17866666666667e-07 0 1.09177142857143e-11 8.87619047619048e-08 0
20 6.72634285714286e-12 5.46857142857143e-08 0 4.86142857142857e-12 3.95238095238095e-08 0
30 6.09142857142857e-13 4.95238095238095e-09 0 2.69428571428571e-13 2.19047619047619e-09 0
40 1.64e-14 1.33333333333333e-10 0 0 0 0
50 0 0 0 0 0 0
60 0 0 0 0 0 0
70 0 0 0 0 0 0
80 0 0 0 0 0 0
90 0 0 0 0 0 0
100 0 0 0 0 0 0
110 0 0 0 0 0 0
