0.125 1.38513877727543e-12 1.00581745767619e-12 0 1.03280984624762e-13 7.16895723580952e-13 0
0.25 9.54067205321143e-13 1.68547246171429e-12 0 9.94737425020952e-14 1.20979109729524e-12 0
0.375 1.22048447779352e-12 1.59486102598095e-12 0 9.09102059032381e-14 6.10709685638095e-13 0
0.5 1.18407303551695e-12 1.3998864288e-12 0 1.18226432987429e-13 1.1845301447619e-12 0
0.625 1.23053027396419e-12 1.56091464137143e-12 0 1.01790879008e-13 9.620600256e-13 0
0.75 1.0571919685699e-12 1.46828013729524e-12 0 8.38584902826667e-14 8.78440572495238e-13 0
0.875 9.55942176117333e-13 1.7221356832e-12 0 1.03963736030476e-13 8.72412139733333e-13 0
1 8.49270606660572e-13 2.47892596510476e-12 0 8.88297409005714e-14 9.92277137066667e-13 0
1.125 1.14205315893638e-12 2.08847337584762e-12 0 8.04979893714286e-14 1.24815236906667e-12 0
1.25 9.30574333351619e-13 1.61952219702857e-12 0 8.79129436594286e-14 1.18396169081905e-12 0
1.375 8.53247348411429e-13 2.28652537706667e-12 0 7.57586172358095e-14 9.33571658514286e-13 0
1.5 1.20559640523276e-12 1.7208079303619e-12 0 8.11771846582857e-14 8.68120813104762e-13 0
1.625 1.04850704951162e-12 1.81564795900952e-12 0 5.56367429607619e-14 8.3579324647619e-13 0
1.75 8.71776060760381e-13 2.2598035104e-12 0 7.27485628586667e-14 7.73809838171429e-13 0
1.875 9.80938142496e-13 2.07177904289524e-12 0 7.83247128609524e-14 8.90943636571428e-13 0
2 9.72428284976762e-13 2.31473059855238e-12 0 6.05566556312381e-14 6.59799515580952e-13 0
2.125 9.97398239098667e-13 2.58712540845714e-12 0 7.48471355204572e-14 8.98841635504762e-13 0
2.25 9.39395912931048e-13 2.74058005592381e-12 0 7.26589838105905e-14 5.95742780342857e-13 0
2.375 8.59891561485714e-13 2.06473537935238e-12 0 6.49683650433524e-14 6.02331697371429e-13 0
2.5 8.45969493550476e-13 2.30554045714286e-12 0 7.62189822640762e-14 7.01401155504762e-13 0
2.625 8.22164886075429e-13 2.64863446064762e-12 0 5.63280969856e-14 7.60255097752381e-13 0
2.75 9.20422934569143e-13 3.13912057401905e-12 0 6.58366945696e-14 6.65251552304762e-13 0
2.875 7.93786930471619e-13 2.82543605607619e-12 0 5.81443479192381e-14 6.74947193447619e-13 0
3 8.81655332572952e-13 2.27059064335238e-12 0 6.35388804672e-14 8.08682799847619e-13 0
3.125 9.07537062668191e-13 2.54360111253333e-12 0 5.9021789099581e-14 1.0301625159619e-12 0
3.25 8.58725995820191e-13 3.33980250681905e-12 0 5.51056453837714e-14 5.27381731352381e-13 0
3.375 7.93944704037943e-13 2.74970185340952e-12 0 6.95828040879238e-14 5.79416280228571e-13 0
3.5 7.62518915877333e-13 3.13583027641905e-12 0 5.98242738049524e-14 7.16160974780952e-13 0
3.625 8.53750529062857e-13 2.94014983085714e-12 0 5.64597484914286e-14 6.07457324038095e-13 0
3.75 6.93765329058438e-13 3.09237447619048e-12 0 5.34741460001524e-14 6.05204999771428e-13 0
3.875 8.17597088566095e-13 3.00361695116191e-12 0 5.40149859300571e-14 7.75624088990476e-13 0
4 8.28322697797029e-13 3.05490151085714e-12 0 6.07636837840762e-14 6.92755136e-13 0
4.125 6.99646813820495e-13 3.14153964205714e-12 0 5.59224208577524e-14 5.8031412632381e-13 0
4.25 7.54530830454857e-13 3.51483184045714e-12 0 4.73156697472e-14 6.21465847009524e-13 0
4.375 8.21229272034286e-13 3.06896519558095e-12 0 4.85892676284952e-14 6.09900740571429e-13 0
4.5 7.08950632132572e-13 3.59295683992381e-12 0 4.38037974826667e-14 6.29257104e-13 0
4.625 7.08033999095771e-13 3.56328729691429e-12 0 5.26928974895238e-14 6.68105692495238e-13 0
4.75 7.95503254790095e-13 3.37846121386667e-12 0 6.26644070994286e-14 7.26868250666667e-13 0
4.875 7.18404005220419e-13 3.48748258788571e-12 0 5.61891331350857e-14 5.95957157638095e-13 0
5 7.65237162509562e-13 3.46348458194286e-12 0 5.30557535754667e-14 6.44687133866667e-13 0
5.125 6.90940519381333e-13 2.97703645592381e-12 0 5.24707158323809e-14 5.4605117912381e-13 0
5.25 6.33506435642057e-13 3.10834782872381e-12 0 4.54713779241143e-14 5.79679544838095e-13 0
5.375 6.39066712981333e-13 3.71197481081905e-12 0 5.33199776316952e-14 6.77272361142857e-13 0
5.5 6.56196673336381e-13 3.49621610864762e-12 0 5.16546374477714e-14 7.86768378209524e-13 0
5.625 6.56352122158476e-13 3.66730848990476e-12 0 5.50344615693714e-14 6.3430414872381e-13 0
5.75 6.19299448894324e-13 3.59429424746667e-12 0 4.90543043006476e-14 6.02304725485714e-13 0
5.875 6.60386377600762e-13 3.54909233645714e-12 0 5.20198002317714e-14 6.35786464152381e-13 0
6 6.47936921797943e-13 3.87928935329524e-12 0 5.03505657065143e-14 8.29003761219048e-13 0
6.125 6.44170411492267e-13 3.62016871512381e-12 0 4.62858306075429e-14 6.20459245866667e-13 0
6.25 5.69183526632381e-13 3.84177385737143e-12 0 3.97598893772191e-14 5.32147093485714e-13 0
6.375 6.05955600635276e-13 3.55742571154286e-12 0 3.73947608618667e-14 6.07695062704762e-13 0
6.5 7.10958493201371e-13 4.11532745630476e-12 0 4.42345219059809e-14 5.60314441295238e-13 0
6.625 5.59629360382781e-13 3.84419163489524e-12 0 3.99660793488762e-14 6.25492902095238e-13 0
6.75 6.00230413390933e-13 3.88386101013333e-12 0 4.60735772039619e-14 8.70052538057143e-13 0
6.875 6.74106515055848e-13 3.95195710659048e-12 0 4.75090946454857e-14 6.34007803733333e-13 0
7 6.2601273856e-13 3.88731266331429e-12 0 4.25161432827429e-14 5.91674820114286e-13 0
7.125 5.57910422868571e-13 3.81749320335238e-12 0 4.47417688606476e-14 6.28065418971428e-13 0
7.25 5.87037536564419e-13 3.85491748647619e-12 0 4.99198079725714e-14 6.77540700495238e-13 0
7.375 5.71367345896381e-13 3.7345570624e-12 0 4.67592768690286e-14 6.24933745066667e-13 0
7.5 5.48038199875048e-13 3.81358084327619e-12 0 3.91476908772571e-14 4.86297690057143e-13 0
7.625 5.18751464702781e-13 3.93344630735238e-12 0 4.1337249668419e-14 6.21498810361905e-13 0
7.75 5.71543640982857e-13 3.84173861028571e-12 0 4.22533365040762e-14 7.44632660419048e-13 0
7.875 5.28922795032381e-13 3.94758350247619e-12 0 4.08921501113905e-14 5.77121647695238e-13 0
8 5.08498343107371e-13 4.11505828057143e-12 0 3.96706192019809e-14 6.17242664190476e-13 0
8.125 5.00733397523172e-13 4.12203922447619e-12 0 3.93716518642309e-14 6.15673266945238e-13 0
8.25 4.92968451938972e-13 4.12902016838095e-12 0 3.90726845264809e-14 6.141038697e-13 0
8.375 4.85203506354772e-13 4.13600111228571e-12 0 3.87737171887309e-14 6.12534472454762e-13 0
8.5 4.77438560770572e-13 4.14298205619048e-12 0 3.84747498509809e-14 6.10965075209524e-13 0
8.625 4.69673615186371e-13 4.14996300009524e-12 0 3.81757825132309e-14 6.09395677964286e-13 0
8.75 4.61908669602171e-13 4.156943944e-12 0 3.78768151754809e-14 6.07826280719048e-13 0
8.875 4.54143724017971e-13 4.16392488790476e-12 0 3.75778478377309e-14 6.0625688347381e-13 0
9 4.46378778433771e-13 4.17090583180952e-12 0 3.72788804999809e-14 6.04687486228571e-13 0
9.125 4.35708848688304e-13 4.17133041481309e-12 0 3.68387001563024e-14 6.09779359786905e-13 0
9.25 4.25038918942836e-13 4.17175499781667e-12 0 3.63985198126238e-14 6.14871233345238e-13 0
9.375 4.14368989197368e-13 4.17217958082024e-12 0 3.59583394689452e-14 6.19963106903571e-13 0
9.5 4.036990594519e-13 4.17260416382381e-12 0 3.55181591252667e-14 6.25054980461905e-13 0
9.625 3.93029129706432e-13 4.17302874682738e-12 0 3.50779787815881e-14 6.30146854020238e-13 0
9.75 3.82359199960964e-13 4.17345332983095e-12 0 3.46377984379095e-14 6.35238727578571e-13 0
9.875 3.71689270215496e-13 4.17387791283452e-12 0 3.4197618094231e-14 6.40330601136905e-13 0
10 3.61019340470029e-13 4.17430249583809e-12 0 3.37574377505524e-14 6.45422474695238e-13 0
11 3.119009279412e-13 3.80823918392857e-12 0 2.97657082699905e-14 6.17796973652381e-13 0
12 2.62782515412371e-13 3.44217587201905e-12 0 2.57739787894286e-14 5.90171472609524e-13 0
13 2.2631656307911e-13 2.94700629560952e-12 0 2.2952158788681e-14 5.47970050861905e-13 0
14 1.89850610745848e-13 2.4518367192e-12 0 2.01303387879333e-14 5.05768629114286e-13 0
15 1.63272924449248e-13 2.04673441395714e-12 0 1.77436568394476e-14 4.66842261528571e-13 0
16 1.36695238152648e-13 1.64163210871429e-12 0 1.53569748909619e-14 4.27915893942857e-13 0
17 1.19927417974762e-13 1.43245621837143e-12 0 1.38736781305429e-14 3.827583723e-13 0
18 1.03159597796876e-13 1.22328032802857e-12 0 1.23903813701238e-14 3.37600850657143e-13 0
19 7.58850968780448e-14 9.34282289158095e-13 0 9.0030835603781e-15 2.71647005339048e-13 0
20 4.86105959592133e-14 6.45284250287619e-13 0 5.61578575063238e-15 2.05693160020952e-13 0
30 1.38074456742781e-14 2.46933265752381e-13 0 1.21336983968e-15 6.24564795428571e-14 0
40 3.95960387935429e-15 1.05970712247619e-13 0 2.43386359329524e-16 1.84337092571429e-14 0
50 1.11613347305333e-15 4.11153398476191e-14 0 4.61645538971429e-17 4.09532682857143e-15 0
60 2.42185907750476e-16 1.61208024e-14 0 1.02290857657143e-17 7.13526342857143e-16 0
70 3.05860481942857e-17 5.18066780952381e-15 0 7.11972e-21 9.53497142857143e-17 0
80 4.667372e-20 1.17597980952381e-15 0 0 0 0
90 1.028404e-20 3.17832380952381e-17 0 0 0 0
100 0 0 0 0 0 0
110 0 0 0 0 0 0
