0.125 9.7699356952381e-08 1.14747475504762e-06 0 1.51959629866667e-06 8.57199664761905e-08 0
0.25 6.28621912380952e-08 1.29902468571429e-06 0 1.37669416533333e-06 6.88938483809524e-08 0
0.375 3.85437881904762e-08 1.31978114590476e-06 0 1.63347301485714e-06 5.04713188571429e-08 0
0.5 6.04359725714286e-08 1.44438108495238e-06 0 1.35643703619048e-06 1.21416585142857e-07 0
0.625 6.64821592380952e-08 1.56130771961905e-06 0 1.60668421638095e-06 2.91684053333333e-08 0
0.75 2.75962453333333e-08 1.90026785371429e-06 0 1.37534404419048e-06 8.67442026666667e-08 0
0.875 3.49061988571429e-08 1.57572911085714e-06 0 1.74589302552381e-06 5.1514976e-08 0
1 2.16017371428571e-08 1.55502044952381e-06 0 1.23800459580952e-06 3.89368487619048e-08 0
1.125 4.21814339047619e-08 1.42430856228571e-06 0 1.44279251504762e-06 2.16649996190476e-08 0
1.25 2.97271497142857e-08 1.3532318887619e-06 0 1.28755666742857e-06 2.09077363809524e-08 0
1.375 2.39754422857143e-08 1.438814976e-06 0 1.193156352e-06 3.84452175238095e-08 0
1.5 4.39542430476191e-08 1.74984499504762e-06 0 1.38893952152381e-06 4.03976899047619e-08 0
1.625 2.17270933333333e-08 1.35803739428571e-06 0 1.41699895009524e-06 3.49160152380952e-08 0
1.75 2.01267702857143e-08 1.11824435352381e-06 0 1.39114731580952e-06 2.23107824761905e-08 0
1.875 2.18906971428571e-08 1.161097216e-06 0 1.09833433295238e-06 2.84191740952381e-08 0
2 3.64993523809524e-08 1.24914789485714e-06 0 9.74386869333333e-07 2.58954620952381e-08 0
2.125 2.23032746666667e-08 1.24697712304762e-06 0 9.20136205714286e-07 2.02209721904762e-08 0
2.25 2.84188540952381e-08 1.10287438019048e-06 0 9.89344466285714e-07 2.6349987047619e-08 0
2.375 3.83902506666667e-08 1.15245449752381e-06 0 1.021882368e-06 4.25676586666667e-08 0
2.5 3.27043550476191e-08 1.09279199085714e-06 0 9.21475993904762e-07 2.74991512380952e-08 0
2.625 2.15192563809524e-08 6.81733339428571e-07 0 8.35825173333333e-07 2.8494208e-08 0
2.75 2.45416487619048e-08 7.58917257142857e-07 0 7.21992012190476e-07 3.48181622857143e-08 0
2.875 1.88121478095238e-08 7.33784393142857e-07 0 6.96687349333333e-07 1.04365714285714e-08 0
3 2.91601158095238e-08 6.39310255238095e-07 0 5.54265869714286e-07 1.81583603809524e-08 0
3.125 2.46379459047619e-08 6.21659318857143e-07 0 5.70609621333333e-07 2.01541927619048e-08 0
3.25 3.05543436190476e-08 5.36944332190476e-07 0 6.28195754666667e-07 2.22245394285714e-08 0
3.375 2.38540708571429e-08 5.48245001142857e-07 0 5.67965944380952e-07 2.37755291428571e-08 0
3.5 1.86666712380952e-08 6.09319174095238e-07 0 5.31236710095238e-07 2.99531611428571e-08 0
3.625 2.15484998095238e-08 4.61321846857143e-07 0 4.00056489142857e-07 2.44275413333333e-08 0
3.75 2.10241188571429e-08 4.5282012952381e-07 0 4.26479872e-07 2.4121152e-08 0
3.875 1.45920213333333e-08 3.8509628952381e-07 0 4.01085910857143e-07 1.4856768e-08 0
4 1.49451702857143e-08 3.39631512380952e-07 0 3.53729219047619e-07 1.70603687619048e-08 0
4.125 1.40259413333333e-08 3.77726052571429e-07 0 3.34640617142857e-07 2.4683296e-08 0
4.25 1.60659565714286e-08 3.19497650285714e-07 0 3.12008731428571e-07 2.10635139047619e-08 0
4.375 1.41406019047619e-08 2.77283160380952e-07 0 2.98451669333333e-07 6.64072076190476e-09 0
4.5 1.08063481904762e-08 2.6982028647619e-07 0 2.87248743619048e-07 1.10303100952381e-08 0
4.625 1.0051075047619e-08 2.32382412190476e-07 0 2.91595271619048e-07 1.01723474285714e-08 0
4.75 1.26231725714286e-08 2.41065365333333e-07 0 2.39615690666667e-07 6.251872e-09 0
4.875 1.10709561904762e-08 2.11764181333333e-07 0 2.1729519847619e-07 1.08674041904762e-08 0
5 8.107424e-09 2.18508717714286e-07 0 2.38872275809524e-07 9.00026361904762e-09 0
5.125 4.92935619047619e-09 1.99485376e-07 0 2.46249429333333e-07 1.68453988571429e-08 0
5.25 1.60596388571429e-08 1.61156580571429e-07 0 2.20428117333333e-07 8.87773561904762e-09 0
5.375 1.31873051428571e-08 2.13437360761905e-07 0 2.25066959238095e-07 1.26315794285714e-08 0
5.5 6.20014323809524e-09 1.52826706285714e-07 0 1.58514672761905e-07 1.32035931428571e-08 0
5.625 1.10655161904762e-08 1.42498220190476e-07 0 1.61779721142857e-07 6.26547961904762e-09 0
5.75 4.8254019047619e-09 1.20546290285714e-07 0 1.55240016761905e-07 5.43823847619048e-09 0
5.875 1.44898133333333e-08 1.00220079238095e-07 0 1.15410502095238e-07 9.5489340952381e-09 0
6 1.02188754285714e-08 9.23823116190476e-08 0 1.19849731047619e-07 1.0809123047619e-08 0
6.125 7.15252419047619e-09 7.54813653333333e-08 0 9.45165744761905e-08 1.26984076190476e-09 0
6.25 5.60662552380952e-09 8.32462445714286e-08 0 9.10366521904762e-08 8.83505828571428e-09 0
6.375 1.44235611428571e-08 9.71760487619048e-08 0 7.25478552380952e-08 3.96825904761905e-09 0
6.5 6.30898895238095e-09 6.08737737142857e-08 0 8.71287801904762e-08 3.96825904761905e-09 0
6.625 1.10799695238095e-08 5.69116220952381e-08 0 7.03224685714286e-08 6.59470323809524e-09 0
6.75 5.52894019047619e-09 3.80188099047619e-08 0 5.64290468571429e-08 9.69220571428571e-09 0
6.875 6.05107504761905e-09 6.41043626666667e-08 0 5.83975893333333e-08 9.93788952380952e-10 0
7 3.68254476190476e-09 3.10390460952381e-08 0 5.98872365714286e-08 3.56521752380952e-09 0
7.125 4.42236038095238e-09 2.11168822857143e-08 0 4.1524992e-08 4.42630552380952e-09 0
7.25 3.71428571428571e-09 3.44385401904762e-08 0 3.61656807619048e-08 3.61904761904762e-09 0
7.375 7.59243276190476e-09 3.54851900952381e-08 0 3.53127527619048e-08 5.52380952380952e-09 0
7.5 3.51079619047619e-09 3.19512655238095e-08 0 3.3892864e-08 4.31745980952381e-09 0
7.625 3.98698666666667e-09 3.2223264e-08 0 3.12415542857143e-08 2.85714285714286e-09 0
7.75 7.61904761904762e-10 1.95210316190476e-08 0 1.93461897142857e-08 6.89973638095238e-09 0
7.875 3.06122666666667e-09 1.37959222857143e-08 0 2.11407146666667e-08 5.48358704761905e-09 0
8 2.69481504761905e-09 1.16638845714286e-08 0 1.55736457142857e-08 3.47508228571429e-09 0
8.125 2.8629175e-09 1.0994703452381e-08 0 1.44287351428571e-08 3.36639576190476e-09 0
8.25 3.03101995238095e-09 1.03255223333333e-08 0 1.32838245714286e-08 3.25770923809524e-09 0
8.375 3.1991224047619e-09 9.65634121428571e-09 0 1.2138914e-08 3.14902271428571e-09 0
8.5 3.36722485714286e-09 8.9871600952381e-09 0 1.09940034285714e-08 3.04033619047619e-09 0
8.625 3.53532730952381e-09 8.31797897619048e-09 0 9.84909285714286e-09 2.93164966666667e-09 0
8.75 3.70342976190476e-09 7.64879785714286e-09 0 8.70418228571429e-09 2.82296314285714e-09 0
8.875 3.87153221428571e-09 6.97961673809524e-09 0 7.55927171428572e-09 2.71427661904762e-09 0
9 4.03963466666667e-09 6.31043561904762e-09 0 6.41436114285714e-09 2.6055900952381e-09 0
9.125 3.75845383333333e-09 6.01344779761905e-09 0 6.16450697619048e-09 2.49068326190476e-09 0
9.25 3.477273e-09 5.71645997619048e-09 0 5.91465280952381e-09 2.37577642857143e-09 0
9.375 3.19609216666667e-09 5.4194721547619e-09 0 5.66479864285714e-09 2.2608695952381e-09 0
9.5 2.91491133333333e-09 5.12248433333333e-09 0 5.41494447619048e-09 2.14596276190476e-09 0
9.625 2.6337305e-09 4.82549651190476e-09 0 5.16509030952381e-09 2.03105592857143e-09 0
9.75 2.35254966666667e-09 4.52850869047619e-09 0 4.91523614285714e-09 1.9161490952381e-09 0
9.875 2.07136883333333e-09 4.23152086904762e-09 0 4.66538197619048e-09 1.80124226190476e-09 0
10 1.790188e-09 3.93453304761905e-09 0 4.41552780952381e-09 1.68633542857143e-09 0
11 1.41553914285714e-09 2.94130261904762e-09 0 3.4649879047619e-09 1.52820914285714e-09 0
12 1.04089028571429e-09 1.94807219047619e-09 0 2.514448e-09 1.37008285714286e-09 0
13 7.80279523809524e-10 1.33233838095238e-09 0 1.77167971428571e-09 1.05978266666667e-09 0
14 5.19668761904762e-10 7.16604571428571e-10 0 1.02891142857143e-09 7.49482476190476e-10 0
15 4.24430666666667e-10 6.26159333333333e-10 0 9.16821047619048e-10 6.82194666666667e-10 0
16 3.29192571428571e-10 5.35714095238095e-10 0 8.04730666666667e-10 6.14906857142857e-10 0
17 2.98136666666667e-10 6.12244666666667e-10 0 5.34168e-10 4.81366476190476e-10 0
18 2.67080761904762e-10 6.88775238095238e-10 0 2.63605333333333e-10 3.47826095238095e-10 0
19 1.95445142857143e-10 3.49489657142857e-10 0 1.64115580952381e-10 2.26294e-10 0
20 1.23809523809524e-10 1.02040761904762e-11 0 6.46258285714286e-11 1.04761904761905e-10 0
30 0 0 0 0 0 0
40 0 0 0 0 0 0
50 0 0 0 0 0 0
60 0 0 0 0 0 0
70 0 0 0 0 0 0
80 0 0 0 0 0 0
90 0 0 0 0 0 0
100 0 0 0 0 0 0
110 0 0 0 0 0 0
