0.125 1.63301674514286e-06 1.59336617142857e-07 0 1.9482054552381e-07 9.65698883047619e-07 0
0.25 1.41654042209524e-06 7.58488060952381e-08 0 4.77106041904762e-08 1.22215757257143e-06 0
0.375 1.89719446704762e-06 7.88909059047619e-08 0 7.26872426666667e-08 1.44471175466667e-06 0
0.5 1.93670048304762e-06 1.16403008e-07 0 3.578944e-08 1.72718029714286e-06 0
0.625 1.762222272e-06 9.69854217142857e-08 0 5.85344411428572e-08 1.628859104e-06 0
0.75 1.63111970590476e-06 9.66503024761905e-08 0 5.5806140952381e-08 1.84502261333333e-06 0
0.875 1.62823690361905e-06 7.93741455238095e-08 0 4.4393219047619e-08 1.87324646857143e-06 0
1 1.54106808990476e-06 6.28182811428571e-08 0 4.70449234285714e-08 2.12132996723809e-06 0
1.125 1.73952015695238e-06 1.06171515428571e-07 0 7.33015664761905e-08 1.93908625980952e-06 0
1.25 1.73005402971429e-06 3.22123139047619e-08 0 9.07168700952381e-08 1.85517971657143e-06 0
1.375 1.54996558780952e-06 5.02668815238095e-08 0 5.53093851428571e-08 1.68637099733333e-06 0
1.5 1.60971495161905e-06 3.59720594285714e-08 0 5.25427093333333e-08 1.76604535771429e-06 0
1.625 1.55860067504762e-06 7.1480547047619e-08 0 1.72671878095238e-08 1.53995267961905e-06 0
1.75 1.436803904e-06 5.78276617142857e-08 0 5.5017664e-08 1.52539961447619e-06 0
1.875 1.3483985432381e-06 6.09352e-08 0 1.6392451047619e-08 1.64884608304762e-06 0
2 1.51573409828571e-06 2.78088426666667e-08 0 1.93786864761905e-08 1.32141954133333e-06 0
2.125 1.22207606552381e-06 3.91856091428571e-08 0 3.13758872380952e-08 1.20852381714286e-06 0
2.25 1.10403185980952e-06 2.95406780952381e-08 0 1.93114971428571e-08 1.12495996342857e-06 0
2.375 1.24546152533333e-06 1.97167375238095e-08 0 3.5089628952381e-08 9.89092853333333e-07 0
2.5 8.99055779047619e-07 4.48799481904762e-08 0 3.90124998095238e-08 1.05824593371429e-06 0
2.625 7.51003923809524e-07 1.84945462857143e-08 0 3.50365958095238e-08 1.05101290666667e-06 0
2.75 8.44057807238095e-07 4.93127131428571e-08 0 2.92763977142857e-08 9.14752071619048e-07 0
2.875 8.43981852952381e-07 3.54297752380952e-08 0 4.43153158095238e-08 8.54675640380952e-07 0
3 6.48012111238095e-07 1.77069394285714e-08 0 3.19888944761905e-08 8.34282032761905e-07 0
3.125 7.00396103619048e-07 3.7095548952381e-08 0 2.71734811428571e-08 8.10408563809524e-07 0
3.25 5.93268953904762e-07 2.10754742857143e-08 0 2.87750963809524e-08 7.24939346285714e-07 0
3.375 5.95471558095238e-07 2.30083596190476e-08 0 3.35530864761905e-08 6.43180012190476e-07 0
3.5 6.89000650666667e-07 1.85971855238095e-08 0 3.24254064761905e-08 6.42065350095238e-07 0
3.625 6.31378197333333e-07 1.24709531428571e-08 0 2.29042057142857e-08 5.27294925714286e-07 0
3.75 5.16096963047619e-07 1.68928853333333e-08 0 2.58219459047619e-08 4.70736932571429e-07 0
3.875 4.41722086095238e-07 9.85872152380952e-09 0 8.16326095238095e-09 5.10733243428571e-07 0
4 5.44911090285714e-07 1.24027428571429e-08 0 2.45442438095238e-08 4.68917688380952e-07 0
4.125 4.88839023238095e-07 6.68006552380952e-09 0 1.64397059047619e-08 4.95096464761905e-07 0
4.25 4.83203251809524e-07 1.19063161904762e-08 0 1.88208152380952e-08 4.83550989714286e-07 0
4.375 4.54151236571429e-07 1.98105386666667e-08 0 9.0146179047619e-09 2.75919667809524e-07 0
4.5 3.12466183619048e-07 1.38702064761905e-08 0 1.38952015238095e-08 3.46870288761905e-07 0
4.625 2.80006392380952e-07 2.19893394285714e-08 0 1.94695466666667e-08 3.23088885333333e-07 0
4.75 2.47218275047619e-07 1.54786072380952e-08 0 9.59994514285714e-09 3.14583765333333e-07 0
4.875 3.10101606095238e-07 4.0439619047619e-09 0 7.56461714285714e-09 2.24277048380952e-07 0
5 2.63014183619048e-07 1.09206339047619e-08 0 2.72681752380952e-09 2.08215507809524e-07 0
5.125 2.47076521142857e-07 8.742368e-09 0 7.86324723809524e-09 2.29945491809524e-07 0
5.25 2.69560076190476e-07 3.06889188571429e-08 0 8.63352228571429e-09 1.96329933714286e-07 0
5.375 1.9573488152381e-07 4.96912761904762e-09 0 1.5285155047619e-08 1.76329139809524e-07 0
5.5 1.56461510095238e-07 9.65701028571429e-09 0 1.94137234285714e-08 1.18076355047619e-07 0
5.625 1.44546608761905e-07 1.06183314285714e-08 0 4.2783939047619e-09 1.34418406095238e-07 0
5.75 1.52697901714286e-07 2.14037333333333e-08 0 1.01993508571429e-08 1.15888153904762e-07 0
5.875 1.59899919238095e-07 1.64102552380952e-09 0 8.53444419047619e-09 1.00461251047619e-07 0
6 1.27973062095238e-07 9.36662857142857e-09 0 5.1156419047619e-09 1.16601644190476e-07 0
6.125 1.26057453714286e-07 8.07954742857143e-09 0 4.09000076190476e-09 7.87197363809524e-08 0
6.25 1.01656228571429e-07 6.94506057142857e-09 0 2.96125561904762e-09 9.32788906666667e-08 0
6.375 7.98329417142857e-08 1.04824777142857e-08 0 1.1966460952381e-08 9.31506727619048e-08 0
6.5 7.79839009523809e-08 1.02760883809524e-08 0 1.0856572952381e-08 9.84607908571429e-08 0
6.625 5.07691398095238e-08 2.28571428571429e-09 0 9.69315047619048e-09 5.0142144e-08 0
6.75 7.16244266666667e-08 1.56479695238095e-08 0 1.9047619047619e-09 6.98557043809524e-08 0
6.875 5.04278415238095e-08 1.03523047619048e-08 0 1.21226102857143e-08 6.64374780952381e-08 0
7 5.71212739047619e-08 9.65079314285714e-09 0 1.07815923809524e-08 7.33555459047619e-08 0
7.125 4.96036967619048e-08 6.58503619047619e-09 0 2.03174552380952e-09 5.9517443047619e-08 0
7.25 5.15694125714286e-08 7.38182552380952e-09 0 7.61904761904762e-10 3.86636388571429e-08 0
7.375 4.59980556190476e-08 2.39456e-09 0 1.9047619047619e-09 2.75842346666667e-08 0
7.5 4.67124373333333e-08 1.69554788571429e-08 0 1.13969828571429e-08 4.51643855238095e-08 0
7.625 4.74696441904762e-08 8.45820952380952e-09 0 1.2102176e-08 2.72736655238095e-08 0
7.75 2.16426895238095e-08 1.18761142857143e-08 0 2.66666666666667e-09 2.60188144761905e-08 0
7.875 2.36065310476191e-08 2.39456e-09 0 6.31900952380952e-09 2.99948495238095e-08 0
8 1.88147967619048e-08 3.5797540952381e-09 0 4.52109561904762e-09 1.78750828571429e-08 0
8.125 1.81115167380952e-08 3.33776202380952e-09 0 4.24394071428571e-09 1.68048688571429e-08 0
8.25 1.74082367142857e-08 3.09576995238095e-09 0 3.96678580952381e-09 1.57346548571429e-08 0
8.375 1.67049566904762e-08 2.85377788095238e-09 0 3.6896309047619e-09 1.46644408571429e-08 0
8.5 1.60016766666667e-08 2.61178580952381e-09 0 3.412476e-09 1.35942268571429e-08 0
8.625 1.52983966428571e-08 2.36979373809524e-09 0 3.1353210952381e-09 1.25240128571429e-08 0
8.75 1.45951166190476e-08 2.12780166666667e-09 0 2.85816619047619e-09 1.14537988571429e-08 0
8.875 1.38918365952381e-08 1.88580959523809e-09 0 2.58101128571429e-09 1.03835848571429e-08 0
9 1.31885565714286e-08 1.64381752380952e-09 0 2.30385638095238e-09 9.31337085714286e-09 0
9.125 1.23228979642857e-08 1.53102747619048e-09 0 2.0651940952381e-09 8.89206516666667e-09 0
9.25 1.14572393571429e-08 1.41823742857143e-09 0 1.82653180952381e-09 8.47075947619048e-09 0
9.375 1.059158075e-08 1.30544738095238e-09 0 1.58786952380952e-09 8.04945378571429e-09 0
9.5 9.72592214285714e-09 1.19265733333333e-09 0 1.34920723809524e-09 7.6281480952381e-09 0
9.625 8.86026353571429e-09 1.07986728571429e-09 0 1.11054495238095e-09 7.2068424047619e-09 0
9.75 7.99460492857143e-09 9.67077238095238e-10 0 8.71882666666667e-10 6.78553671428572e-09 0
9.875 7.12894632142857e-09 8.5428719047619e-10 0 6.33220380952381e-10 6.36423102380952e-09 0
10 6.26328771428572e-09 7.41497142857143e-10 0 3.94558095238095e-10 5.94292533333333e-09 0
11 4.37892080952381e-09 3.70748571428571e-10 0 2.95918571428571e-10 4.6262730952381e-09 0
12 2.4945539047619e-09 0 0 1.97279047619048e-10 3.30962085714286e-09 0
13 2.20634619047619e-09 0 0 9.86395238095238e-11 2.55507366666667e-09 0
14 1.91813847619048e-09 0 0 0 1.80052647619048e-09 0
15 1.87267733333333e-09 0 0 0 1.4782559047619e-09 0
16 1.82721619047619e-09 0 0 0 1.15598533333333e-09 0
17 1.21045076190476e-09 0 0 0 1.00837571428571e-09 0
18 5.93685333333333e-10 0 0 0 8.60766095238095e-10 0
19 4.31366476190476e-10 0 0 0 6.04451371428571e-10 0
20 2.69047619047619e-10 0 0 0 3.48136647619048e-10 0
30 2.28571428571429e-10 0 0 0 2.47619047619048e-10 0
40 2.19047619047619e-10 0 0 0 1.23809523809524e-10 0
50 9.52380952380952e-12 0 0 0 1.9047619047619e-11 0
60 0 0 0 0 0 0
70 0 0 0 0 0 0
80 0 0 0 0 0 0
90 0 0 0 0 0 0
100 0 0 0 0 0 0
110 0 0 0 0 0 0
