0.125 -0.388717948717949 -0.564814814814815 0.0 0.0289230769230769 0.101851851851852 0.0 0 0 0 0 0 0 -0.388717948717949 -0.564814814814815 0.0 0.46974358974359 0.666666666666667 0.0 0 0 0 0 0 0 0 0 0 0.0289230769230769 0.101851851851852 0.0 0 0 0 0.108102564102564 0.111111111111111 0.0 0 0 0 0 0 0 0 0 0 0 0 0 0 0 0 247.195282051282 125.537037037037 0.0 0 0 0 0 0 0 0 0 0 0 0 0 0 0 0 0 0 0
0.25 -0.219979178925452 -0.306868676053322 0.0 0.0219526546870049 0.0536966647036779 0.0 0 0 0 0 0 0 -0.219979178925452 -0.306868676053322 0.0 0.315756121848549 0.397130467369774 0.0 0 0 0 0 0 0 0 0 0 0.0219526546870049 0.0536966647036779 0.0 0 0 0 0.0773548182682298 0.079929332405375 0.0 0 0 0 0 0 0 0 0 0 0 0 0 0 0 0 749.914407278324 647.333315487981 0.0 0 0 0 0 0 0 0 0 0 0 0 0 0 0 0 0 0 0
0.375 -0.128609384399439 -0.17223787001116 0.0 0.0190495287748145 0.0369878301535845 0.0 0 0 0 0 0 0 -0.128609384399439 -0.17223787001116 0.0 0.287447363144175 0.32178349364936 0.0 0 0 0 0 0 0 0 0 0 0.0190495287748145 0.0369878301535845 0.0 0 0 0 0.061810707840385 0.0638518361056492 0.0 0 0 0 0 0 0 0 0 0 0 0 0 0 0 0 1095.29241026669 1047.91467821651 0.0 0 0 0 0 0 0 0 0 0 0 0 0 0 0 0 0 0 0
0.5 -0.0746616626862277 -0.101201721753696 0.0 0.0172485689374123 0.0297216757883256 0.0 0 0 0 0 0 0 -0.0746616626862277 -0.101201721753696 0.0 0.297964289775958 0.31614825779561 0.0 0 0 0 0 0 0 0 0 0 0.0172485689374123 0.0297216757883256 0.0 0 0 0 0.0520679328253535 0.0536197728999085 0.0 0 0 0 0 0 0 0 0 0 0 0 0 0 0 0 1279.35219303234 1260.87040102838 0.0 0 0 0 0 0 0 0 0 0 0 0 0 0 0 0 0 0 0
0.625 -0.0407237596201081 -0.058943798932828 0.0 0.0158834124774849 0.025598829767782 0.0 0 0 0 0 0 0 -0.0407237596201081 -0.058943798932828 0.0 0.323235631242836 0.334397180804202 0.0 0 0 0 0 0 0 0 0 0 0.0158834124774849 0.025598829767782 0.0 0 0 0 0.0450139184542328 0.046194251899134 0.0 0 0 0 0 0 0 0 0 0 0 0 0 0 0 0 1349.54270509252 1345.15557107 0.0 0 0 0 0 0 0 0 0 0 0 0 0 0 0 0 0 0 0
0.75 -0.0186061274769124 -0.0317147956615258 0.0 0.0146763198863379 0.0227907189602307 0.0 0 0 0 0 0 0 -0.0186061274769124 -0.0317147956615258 0.0 0.354544217892716 0.360975088859396 0.0 0 0 0 0 0 0 0 0 0 0.0146763198863379 0.0227907189602307 0.0 0 0 0 0.0394341077069573 0.0404558143792046 0.0 0 0 0 0 0 0 0 0 0 0 0 0 0 0 0 1348.77816236151 1353.27684469056 0.0 0 0 0 0 0 0 0 0 0 0 0 0 0 0 0 0 0 0
0.875 -0.0018692130468172 -0.0122550807522285 0.0 0.0136640922724704 0.0206731540784617 0.0 0 0 0 0 0 0 -0.0018692130468172 -0.0122550807522285 0.0 0.383898685754858 0.388544417373036 0.0 0 0 0 0 0 0 0 0 0 0.0136640922724704 0.0206731540784617 0.0 0 0 0 0.0350223870864909 0.0358607005821163 0.0 0 0 0 0 0 0 0 0 0 0 0 0 0 0 0 1311.15224667816 1319.77304757597 0.0 0 0 0 0 0 0 0 0 0 0 0 0 0 0 0 0 0 0
1.0 0.0087575259989053 7.05039623226825e-05 0.0 0.012659116107392 0.0189373642798725 0.0 0 0 0 0 0 0 0.0087575259989053 7.05039623226825e-05 0.0 0.417035072207486 0.420725344764376 0.0 0 0 0 0 0 0 0 0 0 0.012659116107392 0.0189373642798725 0.0 0 0 0 0.0310723758999621 0.0317831862150653 0.0 0 0 0 0 0 0 0 0 0 0 0 0 0 0 0 1241.18208356139 1251.96996531205 0.0 0 0 0 0 0 0 0 0 0 0 0 0 0 0 0 0 0 0
1.125 0.0197592582248785 0.0129330901949783 0.0 0.0118695190750154 0.0175340159910226 0.0 0 0 0 0 0 0 0.0197592582248785 0.0129330901949783 0.0 0.441671786851366 0.443821012764764 0.0 0 0 0 0 0 0 0 0 0 0.0118695190750154 0.0175340159910226 0.0 0 0 0 0.0281237781377423 0.0287417590124842 0.0 0 0 0 0 0 0 0 0 0 0 0 0 0 0 0 1181.18179913981 1192.06005049797 0.0 0 0 0 0 0 0 0 0 0 0 0 0 0 0 0 0 0 0
1.25 0.0245308458532827 0.018699332955848 0.0 0.011034065268835 0.0162686958803464 0.0 0 0 0 0 0 0 0.0245308458532827 0.018699332955848 0.0 0.472800066039293 0.474333301108978 0.0 0 0 0 0 0 0 0 0 0 0.011034065268835 0.0162686958803464 0.0 0 0 0 0.0251499642287161 0.0257012249858443 0.0 0 0 0 0 0 0 0 0 0 0 0 0 0 0 0 1095.29752077486 1107.20748801945 0.0 0 0 0 0 0 0 0 0 0 0 0 0 0 0 0 0 0 0
1.375 0.0311338673713767 0.025817484726034 0.0 0.0103366641891706 0.0151981133376546 0.0 0 0 0 0 0 0 0.0311338673713767 0.025817484726034 0.0 0.49668290802984 0.498172640637714 0.0 0 0 0 0 0 0 0 0 0 0.0103366641891706 0.0151981133376546 0.0 0 0 0 0.0228480193795249 0.0233074514887807 0.0 0 0 0 0 0 0 0 0 0 0 0 0 0 0 0 1025.71068351364 1036.04751134342 0.0 0 0 0 0 0 0 0 0 0 0 0 0 0 0 0 0 0 0
1.5 0.0359508171891996 0.0313997321218983 0.0 0.0097071337106034 0.0142362022065423 0.0 0 0 0 0 0 0 0.0359508171891996 0.0313997321218983 0.0 0.5194211519132 0.520525814335621 0.0 0 0 0 0 0 0 0 0 0 0.0097071337106034 0.0142362022065423 0.0 0 0 0 0.0208049348038608 0.0212231258888996 0.0 0 0 0 0 0 0 0 0 0 0 0 0 0 0 0 955.716235009019 966.084547299816 0.0 0 0 0 0 0 0 0 0 0 0 0 0 0 0 0 0 0 0
1.625 0.0401055554028423 0.0360633590206647 0.0 0.0091261442040737 0.013385902755759 0.0 0 0 0 0 0 0 0.0401055554028423 0.0360633590206647 0.0 0.54082025344292 0.541515598505631 0.0 0 0 0 0 0 0 0 0 0 0.0091261442040737 0.013385902755759 0.0 0 0 0 0.018980730641304 0.0193551055294393 0.0 0 0 0 0 0 0 0 0 0 0 0 0 0 0 0 887.866598861981 898.443168502461 0.0 0 0 0 0 0 0 0 0 0 0 0 0 0 0 0 0 0 0
1.75 0.0435228280141844 0.0395675975330885 0.0 0.0086159131205673 0.012625597671679 0.0 0 0 0 0 0 0 0.0435228280141844 0.0395675975330885 0.0 0.560643838652482 0.56163814011503 0.0 0 0 0 0 0 0 0 0 0 0.0086159131205673 0.012625597671679 0.0 0 0 0 0.0174396054964539 0.0177534474395399 0.0 0 0 0 0 0 0 0 0 0 0 0 0 0 0 0 829.605662677305 837.771588940475 0.0 0 0 0 0 0 0 0 0 0 0 0 0 0 0 0 0 0 0
1.875 0.0458779272338594 0.0420226436063069 0.0 0.0081344827107539 0.0119191498228798 0.0 0 0 0 0 0 0 0.0458779272338594 0.0420226436063069 0.0 0.579588833826122 0.580607070917552 0.0 0 0 0 0 0 0 0 0 0 0.0081344827107539 0.0119191498228798 0.0 0 0 0 0.0160052193950499 0.0162811696881295 0.0 0 0 0 0 0 0 0 0 0 0 0 0 0 0 0 771.363566956787 778.726873654233 0.0 0 0 0 0 0 0 0 0 0 0 0 0 0 0 0 0 0 0
2.0 0.0484036789018867 0.0456154532277846 0.0 0.0076829031092833 0.0112888839335489 0.0 0 0 0 0 0 0 0.0484036789018867 0.0456154532277846 0.0 0.597029647947984 0.59708440182852 0.0 0 0 0 0 0 0 0 0 0 0.0076829031092833 0.0112888839335489 0.0 0 0 0 0.0147406151879741 0.0150239714572416 0.0 0 0 0 0 0 0 0 0 0 0 0 0 0 0 0 718.360110033621 726.999832757275 0.0 0 0 0 0 0 0 0 0 0 0 0 0 0 0 0 0 0 0
2.125 0.0502632639168669 0.0475580553544579 0.0 0.007279698809408 0.0107200534610458 0.0 0 0 0 0 0 0 0.0502632639168669 0.0475580553544579 0.0 0.613536905572304 0.61386924319207 0.0 0 0 0 0 0 0 0 0 0 0.007279698809408 0.0107200534610458 0.0 0 0 0 0.013586918770231 0.0138246923205435 0.0 0 0 0 0 0 0 0 0 0 0 0 0 0 0 0 667.465331129048 674.775282619591 0.0 0 0 0 0 0 0 0 0 0 0 0 0 0 0 0 0 0 0
2.25 0.0529329997219906 0.0500947286303354 0.0 0.0069224353628023 0.0101972584419926 0.0 0 0 0 0 0 0 0.0529329997219906 0.0500947286303354 0.0 0.628204058938004 0.628552323637579 0.0 0 0 0 0 0 0 0 0 0 0.0069224353628023 0.0101972584419926 0.0 0 0 0 0.0125660272449263 0.0127883650952859 0.0 0 0 0 0 0 0 0 0 0 0 0 0 0 0 0 622.024033917153 629.063746795943 0.0 0 0 0 0 0 0 0 0 0 0 0 0 0 0 0 0 0 0
2.375 0.0532603981588998 0.0506261880800626 0.0 0.0065893479203682 0.0097282791009728 0.0 0 0 0 0 0 0 0.0532603981588998 0.0506261880800626 0.0 0.642678269141986 0.643170636251817 0.0 0 0 0 0 0 0 0 0 0 0.0065893479203682 0.0097282791009728 0.0 0 0 0 0.0116537724366597 0.0118388683886839 0.0 0 0 0 0 0 0 0 0 0 0 0 0 0 0 0 580.638075518684 585.990788885162 0.0 0 0 0 0 0 0 0 0 0 0 0 0 0 0 0 0 0 0
2.5 0.0552208975667025 0.0529853254172734 -0.5 0.0062754196424827 0.0092836339195698 0.0 0 0 0 0 0 0 0.0552208975667025 0.0529853254172734 -0.5 0.655997987393255 0.656141480900639 0.5 0 0 0 0 0 0 0 0 0 0.0062754196424827 0.0092836339195698 0.0 0 0 0 0.0107618555116074 0.0109499271871849 0.0 0 0 0 0 0 0 0 0 0 0 0 0 0 0 0 538.365763323037 544.532387700235 3189.5 0 0 0 0 0 0 0 0 0 0 0 0 0 0 0 0 0 0
2.625 0.0557633268210996 0.0540657924232235 -0.25 0.0059866034049679 0.008882537547635 0.0 0 0 0 0 0 0 0.0557633268210996 0.0540657924232235 -0.25 0.669285514931621 0.668964357767317 0.5 0 0 0 0 0 0 0 0 0 0.0059866034049679 0.008882537547635 0.0 0 0 0 0.0099218531956461 0.0101014346559067 0.0 0 0 0 0 0 0 0 0 0 0 0 0 0 0 0 497.634231091264 504.05941773145 3262.75 0 0 0 0 0 0 0 0 0 0 0 0 0 0 0 0 0 0
2.75 0.0566887044591363 0.0549714205066685 -0.3 0.0057251371500914 0.0085103380142544 0.0333333333333333 0 0 0 0 0 0 0.0566887044591363 0.0549714205066685 -0.3 0.680503587002391 0.680347187918989 0.533333333333333 0 0 0 0 0 0 0 0 0 0.0057251371500914 0.0085103380142544 0.0333333333333333 0 0 0 0.0091996061330707 0.009371251146708 0.0666666666666667 0 0 0 0 0 0 0 0 0 0 0 0 0 0 0 462.913110142073 469.087234492979 2991.4 0 0 0 0 0 0 0 0 0 0 0 0 0 0 0 0 0 0
2.875 0.0576338028169014 0.0562329570340647 -0.3 0.0054788732394366 0.0081664947652486 0.0454545454545455 0 0 0 0 0 0 0.0576338028169014 0.0562329570340647 -0.3 0.691859154929578 0.691481696031197 0.536363636363636 0 0 0 0 0 0 0 0 0 0.0054788732394366 0.0081664947652486 0.0454545454545455 0 0 0 0.0084929577464788 0.0086610056939401 0.0545454545454545 0 0 0 0 0 0 0 0 0 0 0 0 0 0 0 428.087436619718 433.686607231163 2992.41818181818 0 0 0 0 0 0 0 0 0 0 0 0 0 0 0 0 0 0
3.0 0.0589050589050589 0.0573705517651389 -0.298969072164948 0.0052611481182909 0.0078419160320471 0.0463917525773196 0 0 0 0 0 0 0.0589050589050589 0.0573705517651389 -0.298969072164948 0.701854130425559 0.701709934037313 0.538659793814433 0 0 0 0 0 0 0 0 0 0.0052611481182909 0.0078419160320471 0.0463917525773196 0 0 0 0.0078775793061507 0.0080117770291311 0.0541237113402062 0 0 0 0 0 0 0 0 0 0 0 0 0 0 0 397.235280806709 401.957025167738 2914.3530927835 0 0 0 0 0 0 0 0 0 0 0 0 0 0 0 0 0 0
3.125 0.0601945884525247 0.0581382132302796 -0.302457466918715 0.0050422555216248 0.0075301204819277 0.0472589792060491 0 0 0 0 0 0 0.0601945884525247 0.0581382132302796 -0.302457466918715 0.711483559406292 0.711695839963628 0.545368620037807 0 0 0 0 0 0 0 0 0 0.0050422555216248 0.0075301204819277 0.0472589792060491 0 0 0 0.0073006178538456 0.0074306660604682 0.052930056710775 0 0 0 0 0 0 0 0 0 0 0 0 0 0 0 368.860734322846 373.042452830189 2801.60680529301 0 0 0 0 0 0 0 0 0 0 0 0 0 0 0 0 0 0
3.25 0.0608893632159374 0.0585995225645106 -0.303746654772524 0.0048381358946993 0.0072467886779583 0.0463871543264942 0 0 0 0 0 0 0.0608893632159374 0.0585995225645106 -0.303746654772524 0.720754180007115 0.7212401955212 0.556199821587868 0 0 0 0 0 0 0 0 0 0.0048381358946993 0.0072467886779583 0.0463871543264942 0 0 0 0.0067876200640341 0.0068915539388427 0.0512934879571811 0 0 0 0 0 0 0 0 0 0 0 0 0 0 0 342.613048737104 345.932945890644 2672.3322925959 0 0 0 0 0 0 0 0 0 0 0 0 0 0 0 0 0 0
3.375 0.0622439219381273 0.0604230038701569 -0.30505461010922 0.0046682941453595 0.006997700755466 0.0457200914401829 0 0 0 0 0 0 0.0622439219381273 0.0604230038701569 -0.30505461010922 0.729139006666952 0.729346072004913 0.569723139446279 0 0 0 0 0 0 0 0 0 0.0046682941453595 0.006997700755466 0.0457200914401829 0 0 0 0.006310048967122 0.0064264598774688 0.0490220980441961 0 0 0 0 0 0 0 0 0 0 0 0 0 0 0 319.0696389567 322.64413121403 2533.72618745238 0 0 0 0 0 0 0 0 0 0 0 0 0 0 0 0 0 0
3.5 0.0621417237287893 0.0605956471935853 -0.306331625061994 0.0044887281460409 0.0067439862542955 0.0449661101008431 0 0 0 0 0 0 0.0621417237287893 0.0605956471935853 -0.306331625061994 0.737466584706875 0.737471363115693 0.585220697635973 0 0 0 0 0 0 0 0 0 0.0044887281460409 0.0067439862542955 0.0449661101008431 0 0 0 0.0058896687776078 0.0059994272623138 0.046453959332121 0 0 0 0 0 0 0 0 0 0 0 0 0 0 0 297.435063542664 301.092296678121 2385.17953380724 0 0 0 0 0 0 0 0 0 0 0 0 0 0 0 0 0 0
3.625 0.063125679308964 0.0613061878073888 -0.307628914527902 0.0043189748870201 0.0065052041633306 0.0441488109253591 0 0 0 0 0 0 0.063125679308964 0.0613061878073888 -0.307628914527902 0.74542360276872 0.745653665789775 0.601130209559689 0 0 0 0 0 0 0 0 0 0.0043189748870201 0.0065052041633306 0.0441488109253591 0 0 0 0.0054916766775356 0.0055901864348621 0.0440310807628915 0 0 0 0 0 0 0 0 0 0 0 0 0 0 0 277.681568560151 280.681802584925 2238.47139157052 0 0 0 0 0 0 0 0 0 0 0 0 0 0 0 0 0 0
3.75 0.0644010244309516 0.0631768692768044 -0.308478221903567 0.0041869298725216 0.0063162448626433 0.0432873274780427 0 0 0 0 0 0 0.0644010244309516 0.0631768692768044 -0.308478221903567 0.751762539207505 0.751719662556781 0.616597956623051 0 0 0 0 0 0 0 0 0 0.0041869298725216 0.0063162448626433 0.0432873274780427 0 0 0 0.0051797070587896 0.005263537385536 0.0415845133536476 0 0 0 0 0 0 0 0 0 0 0 0 0 0 0 261.606558084659 264.802566875766 2100.34853916473 0 0 0 0 0 0 0 0 0 0 0 0 0 0 0 0 0 0
3.875 0.0645760442313507 0.0636065384226272 -0.30789207906507 0.0040459015449296 0.0060990591261869 0.0424181214831914 0 0 0 0 0 0 0.0645760442313507 0.0636065384226272 -0.30789207906507 0.759261658963616 0.758913731554682 0.631510604530371 0 0 0 0 0 0 0 0 0 0.0040459015449296 0.0060990591261869 0.0424181214831914 0 0 0 0.0048378039825493 0.0049428393866254 0.0392439763381907 0 0 0 0 0 0 0 0 0 0 0 0 0 0 0 244.559702244683 248.063852235117 1968.0084403405 0 0 0 0 0 0 0 0 0 0 0 0 0 0 0 0 0 0
4.0 0.0649254811170598 0.0641090724490536 -0.307747921436318 0.0039068152221096 0.0059177605337587 0.04151102542475 0 0 0 0 0 0 0.0649254811170598 0.0641090724490536 -0.307747921436318 0.765677904789466 0.765363695699471 0.646282684660803 0 0 0 0 0 0 0 0 0 0.0039068152221096 0.0059177605337587 0.04151102542475 0 0 0 0.0045579510924612 0.0046558851258249 0.0370526569466201 0 0 0 0 0 0 0 0 0 0 0 0 0 0 0 230.809998553031 233.942882007397 1840.66887576816 0 0 0 0 0 0 0 0 0 0 0 0 0 0 0 0 0 0
4.125 0.0654495399550822 0.0653011382633851 -0.306118198385837 0.0037817865681373 0.0057421971536146 0.0406144233272585 0 0 0 0 0 0 0.0654495399550822 0.0653011382633851 -0.306118198385837 0.771933637615011 0.77128610679033 0.660765425670398 0 0 0 0 0 0 0 0 0 0.0037817865681373 0.0057421971536146 0.0406144233272585 0 0 0 0.0043034123016735 0.004390236811118 0.0348346784691487 0 0 0 0 0 0 0 0 0 0 0 0 0 0 0 217.467362167645 220.584802802774 1717.61192397813 0 0 0 0 0 0 0 0 0 0 0 0 0 0 0 0 0 0
4.25 0.0655784980966663 0.0638570893047666 -0.304053119380274 0.0036480562925366 0.0055509097724847 0.0397012034859593 0 0 0 0 0 0 0.0655784980966663 0.0638570893047666 -0.304053119380274 0.778376975429692 0.778641252631275 0.674643795822382 0 0 0 0 0 0 0 0 0 0.0036480562925366 0.0055509097724847 0.0397012034859593 0 0 0 0.0040373745530049 0.0040946970789238 0.0326923963664868 0 0 0 0 0 0 0 0 0 0 0 0 0 0 0 203.981096435575 206.096701173621 1599.88135749527 0 0 0 0 0 0 0 0 0 0 0 0 0 0 0 0 0 0
4.375 0.06675457153621 0.0659107428405292 -0.303003863891313 0.0035500043469441 0.005393225759558 0.0387635547800075 0 0 0 0 0 0 0.06675457153621 0.0659107428405292 -0.303003863891313 0.783406265395427 0.783122546881814 0.689185259046907 0 0 0 0 0 0 0 0 0 0.0035500043469441 0.005393225759558 0.0387635547800075 0 0 0 0.003825310806503 0.0038959151039395 0.0305787527525032 0 0 0 0 0 0 0 0 0 0 0 0 0 0 0 193.462630770568 196.179139409798 1481.50218122897 0 0 0 0 0 0 0 0 0 0 0 0 0 0 0 0 0 0
4.5 0.0683463696897444 0.0672216320055884 -0.300504471451502 0.0034602076124567 0.0052537365564012 0.0378353588626462 0 0 0 0 0 0 0.0683463696897444 0.0672216320055884 -0.300504471451502 0.788011398330959 0.78806048346019 0.702208973477031 0 0 0 0 0 0 0 0 0 0.0034602076124567 0.0052537365564012 0.0378353588626462 0 0 0 0.0036346718618243 0.0036965348623986 0.0286631506535198 0 0 0 0 0 0 0 0 0 0 0 0 0 0 0 183.780742054607 185.940011351564 1376.18428494994 0 0 0 0 0 0 0 0 0 0 0 0 0 0 0 0 0 0
4.625 0.0679490527170917 0.0671490004649 -0.298846507678154 0.0033510314213595 0.0050993723849372 0.0369400608591041 0 0 0 0 0 0 0.0679490527170917 0.0671490004649 -0.298846507678154 0.793628688310558 0.793511738726174 0.715342155544547 0 0 0 0 0 0 0 0 0 0.0033510314213595 0.0050993723849372 0.0369400608591041 0 0 0 0.0034380711985377 0.0035012784751278 0.0267496992427995 0 0 0 0 0 0 0 0 0 0 0 0 0 0 0 173.66626048104 175.769365992562 1272.4391762791 0 0 0 0 0 0 0 0 0 0 0 0 0 0 0 0 0 0
4.75 0.066856000231837 0.0654799008451358 -0.296028880866426 0.0032457182600631 0.0049577432120957 0.0360348425131653 0 0 0 0 0 0 0.066856000231837 0.0654799008451358 -0.296028880866426 0.799171182658591 0.799298377861212 0.727420262974862 0 0 0 0 0 0 0 0 0 0.0032457182600631 0.0049577432120957 0.0360348425131653 0 0 0 0.0032457182600631 0.0033051621413971 0.0250389163051038 0 0 0 0 0 0 0 0 0 0 0 0 0 0 0 164.272234619063 166.096458547758 1178.96671413904 0 0 0 0 0 0 0 0 0 0 0 0 0 0 0 0 0 0
4.875 0.0692555972601539 0.0682113690484886 -0.292219816087625 0.0031692249273415 0.0048503265204751 0.0351818723911747 0 0 0 0 0 0 0.0692555972601539 0.0682113690484886 -0.292219816087625 0.802748608900118 0.80280208622478 0.738379939114333 0 0 0 0 0 0 0 0 0 0.0031692249273415 0.0048503265204751 0.0351818723911747 0 0 0 0.0031108060346716 0.0031556341217548 0.0234441201393466 0 0 0 0 0 0 0 0 0 0 0 0 0 0 0 157.203326955938 159.005668453885 1095.16492483445 0 0 0 0 0 0 0 0 0 0 0 0 0 0 0 0 0 0
5.0 0.0689379049282958 0.0686507531460068 -0.287597363690833 0.0030865545606755 0.00472447833885 0.034361893349311 0 0 0 0 0 0 0.0689379049282958 0.0686507531460068 -0.287597363690833 0.807366965130669 0.80709838288689 0.748112642300779 0 0 0 0 0 0 0 0 0 0.0030865545606755 0.00472447833885 0.034361893349311 0 0 0 0.0029555215840431 0.0030038349932195 0.0220491312162972 0 0 0 0 0 0 0 0 0 0 0 0 0 0 0 149.106049355755 150.928593301156 1020.97633313361 0 0 0 0 0 0 0 0 0 0 0 0 0 0 0 0 0 0
5.125 0.0675626483393276 0.0674577658268545 -0.285096759418298 0.0029995486116167 0.0046033787338516 0.0335508988892706 0 0 0 0 0 0 0.0675626483393276 0.0674577658268545 -0.285096759418298 0.812513650858366 0.812065236452914 0.758301843581816 0 0 0 0 0 0 0 0 0 0.0029995486116167 0.0046033787338516 0.0335508988892706 0 0 0 0.0027956957933514 0.0028643245455076 0.0206687278140387 0 0 0 0 0 0 0 0 0 0 0 0 0 0 0 141.718624867132 143.761924943006 948.247967479675 0 0 0 0 0 0 0 0 0 0 0 0 0 0 0 0 0 0
5.25 0.0706006476854769 0.0692137725164255 -0.281156393415593 0.0029453570329557 0.0044923103937722 0.0327846327186787 0 0 0 0 0 0 0.0706006476854769 0.0692137725164255 -0.281156393415593 0.815321717978401 0.815581146929279 0.767319794443376 0 0 0 0 0 0 0 0 0 0.0029453570329557 0.0044923103937722 0.0327846327186787 0 0 0 0.0026962472341485 0.0027363584483238 0.0194289483085548 0 0 0 0 0 0 0 0 0 0 0 0 0 0 0 136.114209515994 137.411390274953 883.642336969963 0 0 0 0 0 0 0 0 0 0 0 0 0 0 0 0 0 0
5.375 0.068269188922577 0.0672595644667547 -0.277579033839468 0.0028433406351094 0.0043669389353954 0.0320110236637783 0 0 0 0 0 0 0.068269188922577 0.0672595644667547 -0.277579033839468 0.820637430548504 0.820694357798831 0.775816837586454 0 0 0 0 0 0 0 0 0 0.0028433406351094 0.0043669389353954 0.0320110236637783 0 0 0 0.0025386969956334 0.0025824422940212 0.0183109415162838 0 0 0 0 0 0 0 0 0 0 0 0 0 0 0 128.620776696212 129.990671289915 825.144924079816 0 0 0 0 0 0 0 0 0 0 0 0 0 0 0 0 0 0
5.5 0.0707631463307456 0.0698867968795824 -0.271869860197368 0.0027977149553244 0.0042817760572467 0.0313270970394737 0 0 0 0 0 0 0.0707631463307456 0.0698867968795824 -0.271869860197368 0.823172696645672 0.823156783389055 0.782920435855263 0 0 0 0 0 0 0 0 0 0.0027977149553244 0.0042817760572467 0.0313270970394737 0 0 0 0.0024461696206239 0.0024928148278491 0.0173211348684211 0 0 0 0 0 0 0 0 0 0 0 0 0 0 0 124.097436648601 125.572144993841 774.920255962171 0 0 0 0 0 0 0 0 0 0 0 0 0 0 0 0 0 0
5.625 0.0702018724400234 0.0702338195411566 -0.269141473400404 0.0027208894090111 0.0041926262552224 0.0306313503257858 0 0 0 0 0 0 0.0702018724400234 0.0702338195411566 -0.269141473400404 0.827062609713283 0.826753646558675 0.790673290560951 0 0 0 0 0 0 0 0 0 0.0027208894090111 0.0041926262552224 0.0306313503257858 0 0 0 0.0023405500292568 0.0023895037748295 0.0163516988291684 0 0 0 0 0 0 0 0 0 0 0 0 0 0 0 118.44217378584 119.964186762442 725.174626157725 0 0 0 0 0 0 0 0 0 0 0 0 0 0 0 0 0 0
5.75 0.0700931164028125 0.069435298593734 -0.263075683987016 0.0026458506921603 0.0040827077571447 0.0299953627998926 0 0 0 0 0 0 0.0700931164028125 0.069435298593734 -0.263075683987016 0.830914061015363 0.830823711898386 0.796695384765577 0 0 0 0 0 0 0 0 0 0.0026458506921603 0.0040827077571447 0.0299953627998926 0 0 0 0.0022365478226549 0.0022828043373282 0.0155224172015718 0 0 0 0 0 0 0 0 0 0 0 0 0 0 0 113.051908374629 114.42160176771 684.588045786249 0 0 0 0 0 0 0 0 0 0 0 0 0 0 0 0 0 0
5.875 0.0721373653029122 0.0713487277540815 -0.258292317569013 0.00260206106758 0.004000588321812 0.0293411322728678 0 0 0 0 0 0 0.0721373653029122 0.0713487277540815 -0.258292317569013 0.833232877115093 0.833196058243859 0.803005444991321 0 0 0 0 0 0 0 0 0 0.00260206106758 0.004000588321812 0.0293411322728678 0 0 0 0.0021610337679902 0.0021914987498161 0.0147181206457902 0 0 0 0 0 0 0 0 0 0 0 0 0 0 0 108.961130793996 110.217693778497 644.204103954157 0 0 0 0 0 0 0 0 0 0 0 0 0 0 0 0 0 0
6.0 0.0703930718705657 0.0695374893953135 -0.255474115008439 0.0025307567401512 0.0039200772313723 0.0287405489144258 0 0 0 0 0 0 0.0703930718705657 0.0695374893953135 -0.255474115008439 0.837329393349815 0.837331422051897 0.809290388217069 0 0 0 0 0 0 0 0 0 0.0025307567401512 0.0039200772313723 0.0287405489144258 0 0 0 0.0020626398864816 0.0020916830003218 0.0139425189021711 0 0 0 0 0 0 0 0 0 0 0 0 0 0 0 104.056846940417 105.199236462569 605.971143841476 0 0 0 0 0 0 0 0 0 0 0 0 0 0 0 0 0 0
6.125 0.0717814887035055 0.0710112161606671 -0.249954483386436 0.002492412802205 0.0038316988666392 0.0281747837960856 0 0 0 0 0 0 0.0717814887035055 0.0710112161606671 -0.249954483386436 0.839825824328881 0.839773327852487 0.81429221665908 0 0 0 0 0 0 0 0 0 0.002492412802205 0.0038316988666392 0.0281747837960856 0 0 0 0.0019792689899863 0.0020112748840213 0.0133136094674556 0 0 0 0 0 0 0 0 0 0 0 0 0 0 0 100.176286891375 101.346790768689 574.96916249431 0 0 0 0 0 0 0 0 0 0 0 0 0 0 0 0 0 0
6.25 0.0704686221806708 0.0694730687714682 -0.246365859079796 0.0024249152740446 0.0037418694730687 0.0276061346965992 0 0 0 0 0 0 0.0704686221806708 0.0694730687714682 -0.246365859079796 0.843622180670796 0.843674632755975 0.819626583685264 0 0 0 0 0 0 0 0 0 0.0024249152740446 0.0037418694730687 0.0276061346965992 0 0 0 0.0018990300338903 0.001929401447051 0.0126694821071349 0 0 0 0 0 0 0 0 0 0 0 0 0 0 0 95.8224991235246 96.9333040999781 543.686663703045 0 0 0 0 0 0 0 0 0 0 0 0 0 0 0 0 0 0
6.375 0.0697708173069945 0.069111834457103 -0.240784468057195 0.0023658504724443 0.0036764705882352 0.0270672088853907 0 0 0 0 0 0 0.0697708173069945 0.069111834457103 -0.240784468057195 0.846945440294933 0.846852476168333 0.824085005903188 0 0 0 0 0 0 0 0 0 0.0023658504724443 0.0036764705882352 0.0270672088853907 0 0 0 0.0018143025095432 0.0018455010462683 0.0120906029996939 0 0 0 0 0 0 0 0 0 0 0 0 0 0 0 91.5981247369261 92.7208643338758 516.863395863396 0 0 0 0 0 0 0 0 0 0 0 0 0 0 0 0 0 0
6.5 0.073274966612257 0.0725072388447546 -0.236910093007234 0.002344561507642 0.0036231346053901 0.0265673441267654 0 0 0 0 0 0 0.073274966612257 0.0725072388447546 -0.236910093007234 0.8476628579908 0.847665008538125 0.828668618670341 0 0 0 0 0 0 0 0 0 0.002344561507642 0.0036231346053901 0.0265673441267654 0 0 0 0.0017806796260572 0.001811567302695 0.011561315880124 0 0 0 0 0 0 0 0 0 0 0 0 0 0 0 89.943166641935 90.9547850619942 491.116603513607 0 0 0 0 0 0 0 0 0 0 0 0 0 0 0 0 0 0
6.625 0.0697416597377212 0.069059724170173 -0.232012745618694 0.0022756115706096 0.0035355306217858 0.026064790228359 0 0 0 0 0 0 0.0697416597377212 0.069059724170173 -0.232012745618694 0.852289469461584 0.852223585787751 0.832777482740308 0 0 0 0 0 0 0 0 0 0.0022756115706096 0.0035355306217858 0.026064790228359 0 0 0 0.0016775341706416 0.0017093267882187 0.0110674455655868 0 0 0 0 0 0 0 0 0 0 0 0 0 0 0 85.1168439017986 86.1496610565685 468.083101433882 0 0 0 0 0 0 0 0 0 0 0 0 0 0 0 0 0 0
6.75 0.0707875497964365 0.0696098293276588 -0.228021920776812 0.0022326314407039 0.0034542566060835 0.0255672938676002 0 0 0 0 0 0 0.0707875497964365 0.0696098293276588 -0.228021920776812 0.854718440368311 0.854862922854936 0.837031943489404 0 0 0 0 0 0 0 0 0 0.0022326314407039 0.0034542566060835 0.0255672938676002 0 0 0 0.0016197522216871 0.0016469662299048 0.0105853180804734 0 0 0 0 0 0 0 0 0 0 0 0 0 0 0 82.0290533934539 82.829619157278 445.110354024713 0 0 0 0 0 0 0 0 0 0 0 0 0 0 0 0 0 0
6.875 0.0713660883510716 0.0714118473425427 -0.225107867627325 0.0021869077124945 0.0033949894638258 0.0251037387229299 0 0 0 0 0 0 0.0713660883510716 0.0714118473425427 -0.225107867627325 0.856932497448608 0.85662022945446 0.840913313652222 0 0 0 0 0 0 0 0 0 0.0021869077124945 0.0033949894638258 0.0251037387229299 0 0 0 0.0015599941682461 0.0015950597049871 0.0101571048122381 0 0 0 0 0 0 0 0 0 0 0 0 0 0 0 79.0969383292025 80.2370492858815 425.040401329507 0 0 0 0 0 0 0 0 0 0 0 0 0 0 0 0 0 0
7.0 0.0739041569250224 0.0741522297317239 -0.218578342284209 0.0021615421941858 0.0033497624177316 0.0246676604521043 0 0 0 0 0 0 0.0739041569250224 0.0741522297317239 -0.218578342284209 0.858220477303807 0.857922852167754 0.84400972003839 0 0 0 0 0 0 0 0 0 0.0021615421941858 0.0033497624177316 0.0246676604521043 0 0 0 0.0015292543414648 0.0015494495764837 0.0097608788875048 0 0 0 0 0 0 0 0 0 0 0 0 0 0 0 77.1498816298322 78.2100758492459 407.443813685651 0 0 0 0 0 0 0 0 0 0 0 0 0 0 0 0 0 0
7.125 0.0744653938302653 0.0732521894018109 -0.214630516110865 0.0021280078572597 0.0032952352679234 0.0242165815197715 0 0 0 0 0 0 0.0744653938302653 0.0732521894018109 -0.214630516110865 0.860250896590723 0.860486863589135 0.847660806951205 0 0 0 0 0 0 0 0 0 0.0021280078572597 0.0032952352679234 0.0242165815197715 0 0 0 0.0014732362088721 0.001499183612884 0.0093728629470212 0 0 0 0 0 0 0 0 0 0 0 0 0 0 0 74.9283620291969 75.6018851120677 388.986121726538 0 0 0 0 0 0 0 0 0 0 0 0 0 0 0 0 0 0
7.25 0.0729802973705413 0.0726797539166312 -0.210302909525707 0.0020801289093972 0.0032302112851836 0.0238142686329215 0 0 0 0 0 0 0.0729802973705413 0.0726797539166312 -0.210302909525707 0.863356038965795 0.863200552072474 0.850717417297728 0 0 0 0 0 0 0 0 0 0.0020801289093972 0.0032302112851836 0.0238142686329215 0 0 0 0.0014209331282502 0.0014389122997636 0.0090275009964129 0 0 0 0 0 0 0 0 0 0 0 0 0 0 0 71.4634732293269 72.3867297047293 373.130330809087 0 0 0 0 0 0 0 0 0 0 0 0 0 0 0 0 0 0
7.375 0.0757569014878436 0.0749154252477892 -0.207273802483737 0.0020470829068577 0.0031752626268621 0.023418095801301 0 0 0 0 0 0 0.0757569014878436 0.0749154252477892 -0.207273802483737 0.864403008321837 0.864517182028607 0.853991720875222 0 0 0 0 0 0 0 0 0 0.0020470829068577 0.0031752626268621 0.023418095801301 0 0 0 0.0013795558720128 0.0014095792035135 0.0086733688152966 0 0 0 0 0 0 0 0 0 0 0 0 0 0 0 69.8570602109385 70.5741438661048 357.399921151193 0 0 0 0 0 0 0 0 0 0 0 0 0 0 0 0 0 0
7.5 0.0735382938290883 0.0724530969281065 -0.204230431815967 0.0020034471075232 0.0031219627131623 0.0230236865191539 0 0 0 0 0 0 0.0735382938290883 0.0724530969281065 -0.204230431815967 0.867448403871367 0.86755220451801 0.857257042596744 0 0 0 0 0 0 0 0 0 0.0020034471075232 0.0031219627131623 0.0230236865191539 0 0 0 0.0013258105858609 0.0013548140075987 0.0083438931669753 0 0 0 0 0 0 0 0 0 0 0 0 0 0 0 67.142421519379 67.8287043854741 342.166293011015 0 0 0 0 0 0 0 0 0 0 0 0 0 0 0 0 0 0
7.625 0.0739709801599052 0.0733784604446551 -0.198038191421441 0.0019692034350014 0.0030660761631093 0.022616905604891 0 0 0 0 0 0 0.0739709801599052 0.0733784604446551 -0.198038191421441 0.869292271246669 0.869314058033268 0.859693926906185 0 0 0 0 0 0 0 0 0 0.0019692034350014 0.0030660761631093 0.022616905604891 0 0 0 0.0012881255552265 0.0013182646305156 0.0080484454505001 0 0 0 0 0 0 0 0 0 0 0 0 0 0 0 65.27517026947 65.9604372491224 329.414727107397 0 0 0 0 0 0 0 0 0 0 0 0 0 0 0 0 0 0
7.75 0.0758222222222222 0.0751331069156273 -0.195336340082526 0.0019407407407407 0.0030106633841042 0.0222819307168218 0 0 0 0 0 0 0.0758222222222222 0.0751331069156273 -0.195336340082526 0.870785185185185 0.87074910644104 0.862374052394204 0 0 0 0 0 0 0 0 0 0.0019407407407407 0.0030106633841042 0.0222819307168218 0 0 0 0.0012444444444444 0.0012754534533643 0.0077919585452451 0 0 0 0 0 0 0 0 0 0 0 0 0 0 0 63.2357481481481 63.9904044373915 317.096593417138 0 0 0 0 0 0 0 0 0 0 0 0 0 0 0 0 0 0
7.875 0.0734442408841085 0.0730580763593836 -0.19321104387292 0.0019059157260209 0.0029608136315859 0.0219175491679274 0 0 0 0 0 0 0.0734442408841085 0.0730580763593836 -0.19321104387292 0.873648129543171 0.873558453863122 0.865487897125567 0 0 0 0 0 0 0 0 0 0.0019059157260209 0.0029608136315859 0.0219175491679274 0 0 0 0.0012115123219667 0.0012287376571081 0.0074886535552193 0 0 0 0 0 0 0 0 0 0 0 0 0 0 0 60.92667395544 61.691971753838 303.65 0 0 0 0 0 0 0 0 0 0 0 0 0 0 0 0 0 0
8.0 0.074530672579453 0.0737122163919888 -0.189595549541422 0.0018773096821877 0.0029266129628261 0.0215569087355285 0 0 0 0 0 0 0.074530672579453 0.0737122163919888 -0.189595549541422 0.875136733185514 0.875190303746951 0.867989775973538 0 0 0 0 0 0 0 0 0 0.0018773096821877 0.0029266129628261 0.0215569087355285 0 0 0 0.0011677753141167 0.0011972507575197 0.0072357540219515 0 0 0 0 0 0 0 0 0 0 0 0 0 0 0 59.2042276422764 59.8478604685537 292.566493760337 0 0 0 0 0 0 0 0 0 0 0 0 0 0 0 0 0 0
8.125 0.073127107462249 0.0729562702758246 -0.185513714551372 0.0018325758686409 0.0028624693568985 0.0212366341236634 0 0 0 0 0 0 0.073127107462249 0.0729562702758246 -0.185513714551372 0.877510628940038 0.87739823554453 0.870330079033008 0 0 0 0 0 0 0 0 0 0.0018325758686409 0.0028624693568985 0.0212366341236634 0 0 0 0.0011288667350828 0.0011449877427594 0.0069920966992096 0 0 0 0 0 0 0 0 0 0 0 0 0 0 0 56.9539803547867 57.6438941326718 281.775936773594 0 0 0 0 0 0 0 0 0 0 0 0 0 0 0 0 0 0
8.25 0.0736770811861362 0.0726432858655996 -0.181070189186164 0.0018110073912659 0.0028245263034012 0.0208963021008247 0 0 0 0 0 0 0.0736770811861362 0.0726432858655996 -0.181070189186164 0.879001148443711 0.879163234082617 0.872159408933169 0 0 0 0 0 0 0 0 0 0.0018110073912659 0.0028245263034012 0.0208963021008247 0 0 0 0.0011042727995524 0.0011180416617629 0.006791298182768 0 0 0 0 0 0 0 0 0 0 0 0 0 0 0 55.4742778055891 56.0135636106861 273.356953617672 0 0 0 0 0 0 0 0 0 0 0 0 0 0 0 0 0 0
8.375 0.0741972342669636 0.0733404632491906 -0.177110353516638 0.0017871791866869 0.0027835972867251 0.0206218038983176 0 0 0 0 0 0 0.0741972342669636 0.0733404632491906 -0.177110353516638 0.880830305871323 0.88093528868834 0.874175498406581 0 0 0 0 0 0 0 0 0 0.0017871791866869 0.0027835972867251 0.0206218038983176 0 0 0 0.0010547287003398 0.0010841378906192 0.0065774846216556 0 0 0 0 0 0 0 0 0 0 0 0 0 0 0 53.6242821985234 54.1814758925824 264.13121618617 0 0 0 0 0 0 0 0 0 0 0 0 0 0 0 0 0 0
8.5 0.0746113218775571 0.0744373229989566 -0.175964332048166 0.001755560514766 0.002742584587867 0.0202824931021251 0 0 0 0 0 0 0.0746113218775571 0.0744373229989566 -0.175964332048166 0.882109648144016 0.881934714562528 0.876989420213058 0 0 0 0 0 0 0 0 0 0.001755560514766 0.002742584587867 0.0202824931021251 0 0 0 0.0010414342036747 0.0010582799224921 0.0063405631589526 0 0 0 0 0 0 0 0 0 0 0 0 0 0 0 52.5352971806888 53.2317782083768 253.493284850257 0 0 0 0 0 0 0 0 0 0 0 0 0 0 0 0 0 0
8.625 0.0772867848221719 0.0766748936929435 -0.171146969669468 0.0017396217437849 0.0027059977995182 0.0200025411576788 0 0 0 0 0 0 0.0772867848221719 0.0766748936929435 -0.171146969669468 0.883088497680504 0.883077106069167 0.878750476467065 0 0 0 0 0 0 0 0 0 0.0017396217437849 0.0027059977995182 0.0200025411576788 0 0 0 0.001011062210063 0.0010259002646525 0.0061532318080336 0 0 0 0 0 0 0 0 0 0 0 0 0 0 0 51.0927054835256 51.6861934639745 245.3804657579 0 0 0 0 0 0 0 0 0 0 0 0 0 0 0 0 0 0
8.75 0.0722680231538327 0.0719331860931124 -0.166549034511465 0.0016956089574928 0.002647398674838 0.0196898130553595 0 0 0 0 0 0 0.0722680231538327 0.0719331860931124 -0.166549034511465 0.886262643980588 0.886220363030028 0.880359049532186 0 0 0 0 0 0 0 0 0 0.0016956089574928 0.002647398674838 0.0196898130553595 0 0 0 0.000964743027539 0.0009799763050505 0.0059720940333351 0 0 0 0 0 0 0 0 0 0 0 0 0 0 0 48.9381687423259 49.5015869765537 238.204860922598 0 0 0 0 0 0 0 0 0 0 0 0 0 0 0 0 0 0
8.875 0.0726940423901188 0.0711198023878139 -0.160881955354207 0.0016655366565457 0.0026171852026113 0.0194366300098645 0 0 0 0 0 0 0.0726940423901188 0.0711198023878139 -0.160881955354207 0.887495209739705 0.887799211903782 0.881571736509444 0 0 0 0 0 0 0 0 0 0.0016655366565457 0.0026171852026113 0.0194366300098645 0 0 0 0.0009433127966276 0.0009557136975827 0.0058273355010777 0 0 0 0 0 0 0 0 0 0 0 0 0 0 0 47.9030156530967 48.304269834735 232.28656242008 0 0 0 0 0 0 0 0 0 0 0 0 0 0 0 0 0 0
9.0 0.0760338651904917 0.0758289625744511 -0.160879505590683 0.0016577365974956 0.0025928230657539 0.0191655056621298 0 0 0 0 0 0 0.0760338651904917 0.0758289625744511 -0.160879505590683 0.888087978449424 0.888004859691232 0.884292501696853 0 0 0 0 0 0 0 0 0 0.0016577365974956 0.0025928230657539 0.0191655056621298 0 0 0 0.0009324768360912 0.0009482324354757 0.0056264066016504 0 0 0 0 0 0 0 0 0 0 0 0 0 0 0 46.8832775820728 47.4423800634131 222.61133140428 0 0 0 0 0 0 0 0 0 0 0 0 0 0 0 0 0 0
9.125 0.0786323764551174 0.078040984585972 -0.15750223015165 0.0016437782991377 0.0025690046600549 0.0188938447814451 0 0 0 0 0 0 0.0786323764551174 0.078040984585972 -0.15750223015165 0.888790926343789 0.888845740231808 0.885958965209634 0 0 0 0 0 0 0 0 0 0.0016437782991377 0.0025690046600549 0.0188938447814451 0 0 0 0.0009115497840673 0.0009260365635081 0.0054772524531668 0 0 0 0 0 0 0 0 0 0 0 0 0 0 0 46.0565609169294 46.5362797227865 216.040856378234 0 0 0 0 0 0 0 0 0 0 0 0 0 0 0 0 0 0
9.25 0.0774941235978458 0.0764123055898038 -0.155933346347004 0.0016067124877265 0.002525290036988 0.0186509556174691 0 0 0 0 0 0 0.0774941235978458 0.0764123055898038 -0.155933346347004 0.890758427802077 0.890937179696668 0.887774839843126 0 0 0 0 0 0 0 0 0 0.0016067124877265 0.002525290036988 0.0186509556174691 0 0 0 0.0008777410812579 0.000891278836584 0.0053060282869869 0 0 0 0 0 0 0 0 0 0 0 0 0 0 0 44.4942128596507 44.8936258708537 209.350002661887 0 0 0 0 0 0 0 0 0 0 0 0 0 0 0 0 0 0
9.375 0.0774135876042908 0.0774452052746464 -0.148706319304323 0.0015941597139451 0.0024967855754567 0.0183740156777316 0 0 0 0 0 0 0.0774135876042908 0.0774452052746464 -0.148706319304323 0.892103694874851 0.891920581287564 0.888666678570791 0 0 0 0 0 0 0 0 0 0.0015941597139451 0.0024967855754567 0.0183740156777316 0 0 0 0.0008641239570917 0.0008820978979158 0.0051782940199632 0 0 0 0 0 0 0 0 0 0 0 0 0 0 0 43.4233909415971 44.0145321890979 204.670160527115 0 0 0 0 0 0 0 0 0 0 0 0 0 0 0 0 0 0
9.5 0.0752516044881202 0.0750463753060771 -0.144040235298299 0.0015563164213615 0.0024486161608666 0.0181272103644991 0 0 0 0 0 0 0.0752516044881202 0.0750463753060771 -0.144040235298299 0.894081550980479 0.89402686057728 0.88995717002257 0 0 0 0 0 0 0 0 0 0.0015563164213615 0.0024486161608666 0.0181272103644991 0 0 0 0.0008300354247261 0.0008458855828448 0.0050471840622723 0 0 0 0 0 0 0 0 0 0 0 0 0 0 0 42.0260571835119 42.5158566446538 198.984289751017 0 0 0 0 0 0 0 0 0 0 0 0 0 0 0 0 0 0
9.625 0.0781198869552283 0.0777161928601228 -0.144133307388866 0.0015469284545589 0.0024286310268788 0.0179193716721799 0 0 0 0 0 0 0.0781198869552283 0.0777161928601228 -0.144133307388866 0.8947642421538 0.894674891233089 0.892041534733155 0 0 0 0 0 0 0 0 0 0.0015469284545589 0.0024286310268788 0.0179193716721799 0 0 0 0.0008180871634686 0.0008343763037129 0.0048999663901222 0 0 0 0 0 0 0 0 0 0 0 0 0 0 0 41.1193217313699 41.6289558376542 192.404114556615 0 0 0 0 0 0 0 0 0 0 0 0 0 0 0 0 0 0
9.75 0.0789698413411839 0.0789327404113396 -0.140310705604678 0.0015281585689244 0.0023887144509712 0.01768415119597 0 0 0 0 0 0 0.0789698413411839 0.0789327404113396 -0.140310705604678 0.895455975549463 0.89534726499707 0.893260999753408 0 0 0 0 0 0 0 0 0 0.0015281585689244 0.0023887144509712 0.01768415119597 0 0 0 0.0007940431779705 0.0008112615116506 0.004773311727199 0 0 0 0 0 0 0 0 0 0 0 0 0 0 0 40.3875829625302 40.9137358592611 187.409412759362 0 0 0 0 0 0 0 0 0 0 0 0 0 0 0 0 0 0
9.875 0.0771518622097927 0.0769048465457993 -0.142174432497013 0.0014945028928249 0.0023551368645574 0.0174536387720118 0 0 0 0 0 0 0.0771518622097927 0.0769048465457993 -0.142174432497013 0.89773752977908 0.897707074297903 0.895745675549322 0 0 0 0 0 0 0 0 0 0.0014945028928249 0.0023551368645574 0.0174536387720118 0 0 0 0.0007694470339296 0.0007850456215191 0.0046231364604436 0 0 0 0 0 0 0 0 0 0 0 0 0 0 0 38.8780574421805 39.326801161275 180.094817585234 0 0 0 0 0 0 0 0 0 0 0 0 0 0 0 0 0 0
10.0 0.0 0.0 0.0 0.0 0.0 0.0 0 0 0 0 0 0 0.0 0.0 0.0 0.0 0.0 0.0 0 0 0 0 0 0 0 0 0 0.0 0.0 0.0 0 0 0 0.0 0.0 0.0 0 0 0 0 0 0 0 0 0 0 0 0 0 0 0 0.0 0.0 0.0 0 0 0 0 0 0 0 0 0 0 0 0 0 0 0 0 0 0
11.0 0.0 0.0 0.0 0.0 0.0 0.0 0 0 0 0 0 0 0.0 0.0 0.0 0.0 0.0 0.0 0 0 0 0 0 0 0 0 0 0.0 0.0 0.0 0 0 0 0.0 0.0 0.0 0 0 0 0 0 0 0 0 0 0 0 0 0 0 0 0.0 0.0 0.0 0 0 0 0 0 0 0 0 0 0 0 0 0 0 0 0 0 0
12.0 0.0 0.0 0.0 0.0 0.0 0.0 0 0 0 0 0 0 0.0 0.0 0.0 0.0 0.0 0.0 0 0 0 0 0 0 0 0 0 0.0 0.0 0.0 0 0 0 0.0 0.0 0.0 0 0 0 0 0 0 0 0 0 0 0 0 0 0 0 0.0 0.0 0.0 0 0 0 0 0 0 0 0 0 0 0 0 0 0 0 0 0 0
13.0 0.0 0.0 0.0 0.0 0.0 0.0 0 0 0 0 0 0 0.0 0.0 0.0 0.0 0.0 0.0 0 0 0 0 0 0 0 0 0 0.0 0.0 0.0 0 0 0 0.0 0.0 0.0 0 0 0 0 0 0 0 0 0 0 0 0 0 0 0 0.0 0.0 0.0 0 0 0 0 0 0 0 0 0 0 0 0 0 0 0 0 0 0
14.0 0.0 0.0 0.0 0.0 0.0 0.0 0 0 0 0 0 0 0.0 0.0 0.0 0.0 0.0 0.0 0 0 0 0 0 0 0 0 0 0.0 0.0 0.0 0 0 0 0.0 0.0 0.0 0 0 0 0 0 0 0 0 0 0 0 0 0 0 0 0.0 0.0 0.0 0 0 0 0 0 0 0 0 0 0 0 0 0 0 0 0 0 0
15.0 0.0 0.0 0.0 0.0 0.0 0.0 0 0 0 0 0 0 0.0 0.0 0.0 0.0 0.0 0.0 0 0 0 0 0 0 0 0 0 0.0 0.0 0.0 0 0 0 0.0 0.0 0.0 0 0 0 0 0 0 0 0 0 0 0 0 0 0 0 0.0 0.0 0.0 0 0 0 0 0 0 0 0 0 0 0 0 0 0 0 0 0 0
16.0 0.0 0.0 0.0 0.0 0.0 0.0 0 0 0 0 0 0 0.0 0.0 0.0 0.0 0.0 0.0 0 0 0 0 0 0 0 0 0 0.0 0.0 0.0 0 0 0 0.0 0.0 0.0 0 0 0 0 0 0 0 0 0 0 0 0 0 0 0 0.0 0.0 0.0 0 0 0 0 0 0 0 0 0 0 0 0 0 0 0 0 0 0
17.0 0.0 0.0 0.0 0.0 0.0 0.0 0 0 0 0 0 0 0.0 0.0 0.0 0.0 0.0 0.0 0 0 0 0 0 0 0 0 0 0.0 0.0 0.0 0 0 0 0.0 0.0 0.0 0 0 0 0 0 0 0 0 0 0 0 0 0 0 0 0.0 0.0 0.0 0 0 0 0 0 0 0 0 0 0 0 0 0 0 0 0 0 0
18.0 0.0 0.0 0.0 0.0 0.0 0.0 0 0 0 0 0 0 0.0 0.0 0.0 0.0 0.0 0.0 0 0 0 0 0 0 0 0 0 0.0 0.0 0.0 0 0 0 0.0 0.0 0.0 0 0 0 0 0 0 0 0 0 0 0 0 0 0 0 0.0 0.0 0.0 0 0 0 0 0 0 0 0 0 0 0 0 0 0 0 0 0 0
19.0 0.0 0.0 0.0 0.0 0.0 0.0 0 0 0 0 0 0 0.0 0.0 0.0 0.0 0.0 0.0 0 0 0 0 0 0 0 0 0 0.0 0.0 0.0 0 0 0 0.0 0.0 0.0 0 0 0 0 0 0 0 0 0 0 0 0 0 0 0 0.0 0.0 0.0 0 0 0 0 0 0 0 0 0 0 0 0 0 0 0 0 0 0
20.0 0.0 0.0 0.0 0.0 0.0 0.0 0 0 0 0 0 0 0.0 0.0 0.0 0.0 0.0 0.0 0 0 0 0 0 0 0 0 0 0.0 0.0 0.0 0 0 0 0.0 0.0 0.0 0 0 0 0 0 0 0 0 0 0 0 0 0 0 0 0.0 0.0 0.0 0 0 0 0 0 0 0 0 0 0 0 0 0 0 0 0 0 0
30.0 0.0 0.0 0.0 0.0 0.0 0.0 0 0 0 0 0 0 0.0 0.0 0.0 0.0 0.0 0.0 0 0 0 0 0 0 0 0 0 0.0 0.0 0.0 0 0 0 0.0 0.0 0.0 0 0 0 0 0 0 0 0 0 0 0 0 0 0 0 0.0 0.0 0.0 0 0 0 0 0 0 0 0 0 0 0 0 0 0 0 0 0 0
40.0 0.0 0.0 0.0 0.0 0.0 0.0 0 0 0 0 0 0 0.0 0.0 0.0 0.0 0.0 0.0 0 0 0 0 0 0 0 0 0 0.0 0.0 0.0 0 0 0 0.0 0.0 0.0 0 0 0 0 0 0 0 0 0 0 0 0 0 0 0 0.0 0.0 0.0 0 0 0 0 0 0 0 0 0 0 0 0 0 0 0 0 0 0
50.0 0.0 0.0 0.0 0.0 0.0 0.0 0 0 0 0 0 0 0.0 0.0 0.0 0.0 0.0 0.0 0 0 0 0 0 0 0 0 0 0.0 0.0 0.0 0 0 0 0.0 0.0 0.0 0 0 0 0 0 0 0 0 0 0 0 0 0 0 0 0.0 0.0 0.0 0 0 0 0 0 0 0 0 0 0 0 0 0 0 0 0 0 0
60.0 0.0 0.0 0.0 0.0 0.0 0.0 0 0 0 0 0 0 0.0 0.0 0.0 0.0 0.0 0.0 0 0 0 0 0 0 0 0 0 0.0 0.0 0.0 0 0 0 0.0 0.0 0.0 0 0 0 0 0 0 0 0 0 0 0 0 0 0 0 0.0 0.0 0.0 0 0 0 0 0 0 0 0 0 0 0 0 0 0 0 0 0 0
70.0 0.0 0.0 0.0 0.0 0.0 0.0 0 0 0 0 0 0 0.0 0.0 0.0 0.0 0.0 0.0 0 0 0 0 0 0 0 0 0 0.0 0.0 0.0 0 0 0 0.0 0.0 0.0 0 0 0 0 0 0 0 0 0 0 0 0 0 0 0 0.0 0.0 0.0 0 0 0 0 0 0 0 0 0 0 0 0 0 0 0 0 0 0
80.0 0.0 0.0 0.0 0.0 0.0 0.0 0 0 0 0 0 0 0.0 0.0 0.0 0.0 0.0 0.0 0 0 0 0 0 0 0 0 0 0.0 0.0 0.0 0 0 0 0.0 0.0 0.0 0 0 0 0 0 0 0 0 0 0 0 0 0 0 0 0.0 0.0 0.0 0 0 0 0 0 0 0 0 0 0 0 0 0 0 0 0 0 0
90.0 0.0 0.0 0.0 0.0 0.0 0.0 0 0 0 0 0 0 0.0 0.0 0.0 0.0 0.0 0.0 0 0 0 0 0 0 0 0 0 0.0 0.0 0.0 0 0 0 0.0 0.0 0.0 0 0 0 0 0 0 0 0 0 0 0 0 0 0 0 0.0 0.0 0.0 0 0 0 0 0 0 0 0 0 0 0 0 0 0 0 0 0 0
100.0 0.0 0.0 0.0 0.0 0.0 0.0 0 0 0 0 0 0 0.0 0.0 0.0 0.0 0.0 0.0 0 0 0 0 0 0 0 0 0 0.0 0.0 0.0 0 0 0 0.0 0.0 0.0 0 0 0 0 0 0 0 0 0 0 0 0 0 0 0 0.0 0.0 0.0 0 0 0 0 0 0 0 0 0 0 0 0 0 0 0 0 0 0
110.0 0.0 0.0 0.0 0.0 0.0 0.0 0 0 0 0 0 0 0.0 0.0 0.0 0.0 0.0 0.0 0 0 0 0 0 0 0 0 0 0.0 0.0 0.0 0 0 0 0.0 0.0 0.0 0 0 0 0 0 0 0 0 0 0 0 0 0 0 0 0.0 0.0 0.0 0 0 0 0 0 0 0 0 0 0 0 0 0 0 0 0 0 0
