# The EFT Detection coefficients relevant for CCQE interaction on Oxygen.
# columns are the same as in GLoBES xsection files:
#
#            Detection coefficient
#   log10(E/GeV)    LL interaction |  LR interaction |  LS interaction |  LP interaction |  LT interaction |  RL interaction |  RR interaction |  RS interaction |  RP interaction |  RT interaction |  SL interaction |  SR interaction |  SS interaction |  SP interaction |  ST interaction |  PL interaction |  PR interaction |  PS interaction |  PP interaction |  PT interaction |  TL interaction |  TR interaction |  TS interaction |  TP interaction |  TT interaction |
#              e   mu  tau  eBar muBar tauBar |  e    mu   tau  eBar muBar tauBar  |  e    mu   tau  eBar muBar tauBar  |  e    mu   tau  eBar muBar tauBar  |  e    mu   tau  eBar muBar tauBar  |  e    mu   tau  eBar muBar tauBar  |  e    mu   tau  eBar muBar tauBar  |  e    mu   tau  eBar muBar tauBar  |  e    mu   tau  eBar muBar tauBar  |  e    mu   tau  eBar muBar tauBar  |  e    mu   tau  eBar muBar tauBar  |  e    mu   tau  eBar muBar tauBar  |  e    mu   tau  eBar muBar tauBar  |  e    mu   tau  eBar muBar tauBar  |  e    mu   tau  eBar muBar tauBar |  e    mu   tau  eBar muBar tauBar  |  e    mu   tau  eBar muBar tauBar  |  e    mu   tau  eBar muBar tauBar  |  e    mu   tau  eBar muBar tauBar  |  e    mu   tau  eBar muBar tauBar  |  e    mu   tau  eBar muBar tauBar  |  e    mu   tau  eBar muBar tauBar  |  e    mu   tau  eBar muBar tauBar  |  e    mu   tau  eBar muBar tauBar  |  e    mu   tau  eBar muBar tauBar  |

-0.9030899869919435	1.	0.9999999999999999	0	1.	0.9999999999999999	0	-0.3887179487179488	-0.5648148148148148	0	-0.3887179487179488	-0.5648148148148148	0	0.028923076923076926	0.10185185185185185	0	0.028923076923076926	0.10185185185185185	0	0.	0.	0.	0.	0.	0.	0.	0.	0.	0.	0.	0.	-0.3887179487179488	-0.5648148148148148	0	-0.3887179487179488	-0.5648148148148148	0	0.4697435897435898	0.6666666666666665	0	0.4697435897435898	0.6666666666666665	0	0.	0.	0.	0.	0.	0.	0.	0.	0.	0.	0.	0.	0.	0.	0.	0.	0.	0.	0.028923076923076926	0.10185185185185185	0	0.028923076923076926	0.10185185185185185	0	0.	0.	0.	0.	0.	0.	0.10810256410256411	0.11111111111111109	0	0.10810256410256411	0.11111111111111109	0	0.	0.	0.	0.	0.	0.	0.	0.	0.	0.	0.	0.	0.	0.	0.	0.	0.	0.	0.	0.	0.	0.	0.	0.	0.	0.	0.	0.	0.	0.	247.19528205128208	125.53703703703701	0	247.19528205128208	125.53703703703701	0	0.	0.	0.	0.	0.	0.	0.	0.	0.	0.	0.	0.	0.	0.	0.	0.	0.	0.	0.	0.	0.	0.	0.	0.	0.	0.	0.	0.	0.	0.	0.	0.	0.	0.	0.	0.
-0.6020599913279624	1.	1.	0	1.	1.	0	-0.21997917892545152	-0.30686867605332196	0	-0.21997917892545152	-0.30686867605332196	0	0.021952654687004938	0.053696664703677933	0	0.021952654687004938	0.053696664703677933	0	0.	0.	0.	0.	0.	0.	0.	0.	0.	0.	0.	0.	-0.21997917892545152	-0.30686867605332196	0	-0.21997917892545152	-0.30686867605332196	0	0.31575612184854934	0.3971304673697736	0	0.31575612184854934	0.3971304673697736	0	0.	0.	0.	0.	0.	0.	0.	0.	0.	0.	0.	0.	0.	0.	0.	0.	0.	0.	0.021952654687004938	0.053696664703677933	0	0.021952654687004938	0.053696664703677933	0	0.	0.	0.	0.	0.	0.	0.07735481826822976	0.07992933240537502	0	0.07735481826822976	0.07992933240537502	0	0.	0.	0.	0.	0.	0.	0.	0.	0.	0.	0.	0.	0.	0.	0.	0.	0.	0.	0.	0.	0.	0.	0.	0.	0.	0.	0.	0.	0.	0.	749.9144072783236	647.3333154879812	0	749.9144072783236	647.3333154879812	0	0.	0.	0.	0.	0.	0.	0.	0.	0.	0.	0.	0.	0.	0.	0.	0.	0.	0.	0.	0.	0.	0.	0.	0.	0.	0.	0.	0.	0.	0.	0.	0.	0.	0.	0.	0.
-0.42596873227228116	1.	0.9999999999999999	0	1.	0.9999999999999999	0	-0.12860938439943856	-0.17223787001116012	0	-0.12860938439943856	-0.17223787001116012	0	0.019049528774814518	0.03698783015358452	0	0.019049528774814518	0.03698783015358452	0	0.	0.	0.	0.	0.	0.	0.	0.	0.	0.	0.	0.	-0.12860938439943856	-0.17223787001116012	0	-0.12860938439943856	-0.17223787001116012	0	0.2874473631441749	0.32178349364935965	0	0.2874473631441749	0.32178349364935965	0	0.	0.	0.	0.	0.	0.	0.	0.	0.	0.	0.	0.	0.	0.	0.	0.	0.	0.	0.019049528774814518	0.03698783015358452	0	0.019049528774814518	0.03698783015358452	0	0.	0.	0.	0.	0.	0.	0.06181070784038501	0.06385183610564915	0	0.06181070784038501	0.06385183610564915	0	0.	0.	0.	0.	0.	0.	0.	0.	0.	0.	0.	0.	0.	0.	0.	0.	0.	0.	0.	0.	0.	0.	0.	0.	0.	0.	0.	0.	0.	0.	1095.2924102666934	1047.9146782165062	0	1095.2924102666934	1047.9146782165062	0	0.	0.	0.	0.	0.	0.	0.	0.	0.	0.	0.	0.	0.	0.	0.	0.	0.	0.	0.	0.	0.	0.	0.	0.	0.	0.	0.	0.	0.	0.	0.	0.	0.	0.	0.	0.
-0.3010299956639812	0.9999999999999999	1.	0	0.9999999999999999	1.	0	-0.07466166268622766	-0.10120172175369574	0	-0.07466166268622766	-0.10120172175369574	0	0.017248568937412334	0.02972167578832558	0	0.017248568937412334	0.02972167578832558	0	0.	0.	0.	0.	0.	0.	0.	0.	0.	0.	0.	0.	-0.07466166268622766	-0.10120172175369574	0	-0.07466166268622766	-0.10120172175369574	0	0.2979642897759581	0.31614825779560995	0	0.2979642897759581	0.31614825779560995	0	0.	0.	0.	0.	0.	0.	0.	0.	0.	0.	0.	0.	0.	0.	0.	0.	0.	0.	0.017248568937412334	0.02972167578832558	0	0.017248568937412334	0.02972167578832558	0	0.	0.	0.	0.	0.	0.	0.05206793282535349	0.05361977289990846	0	0.05206793282535349	0.05361977289990846	0	0.	0.	0.	0.	0.	0.	0.	0.	0.	0.	0.	0.	0.	0.	0.	0.	0.	0.	0.	0.	0.	0.	0.	0.	0.	0.	0.	0.	0.	0.	1279.3521930323363	1260.8704010283777	0	1279.3521930323363	1260.8704010283777	0	0.	0.	0.	0.	0.	0.	0.	0.	0.	0.	0.	0.	0.	0.	0.	0.	0.	0.	0.	0.	0.	0.	0.	0.	0.	0.	0.	0.	0.	0.	0.	0.	0.	0.	0.	0.
-0.2041199826559248	1.	0.9999999999999999	0	1.	0.9999999999999999	0	-0.04072375962010807	-0.058943798932828	0	-0.04072375962010807	-0.058943798932828	0	0.015883412477484853	0.025598829767782043	0	0.015883412477484853	0.025598829767782043	0	0.	0.	0.	0.	0.	0.	0.	0.	0.	0.	0.	0.	-0.04072375962010807	-0.058943798932828	0	-0.04072375962010807	-0.058943798932828	0	0.32323563124283605	0.3343971808042021	0	0.32323563124283605	0.3343971808042021	0	0.	0.	0.	0.	0.	0.	0.	0.	0.	0.	0.	0.	0.	0.	0.	0.	0.	0.	0.015883412477484853	0.025598829767782043	0	0.015883412477484853	0.025598829767782043	0	0.	0.	0.	0.	0.	0.	0.04501391845423284	0.04619425189913395	0	0.04501391845423284	0.04619425189913395	0	0.	0.	0.	0.	0.	0.	0.	0.	0.	0.	0.	0.	0.	0.	0.	0.	0.	0.	0.	0.	0.	0.	0.	0.	0.	0.	0.	0.	0.	0.	1349.5427050925168	1345.1555710699977	0	1349.5427050925168	1345.1555710699977	0	0.	0.	0.	0.	0.	0.	0.	0.	0.	0.	0.	0.	0.	0.	0.	0.	0.	0.	0.	0.	0.	0.	0.	0.	0.	0.	0.	0.	0.	0.	0.	0.	0.	0.	0.	0.
-0.12493873660829995	1.	1.	0	1.	1.	0	-0.01860612747691238	-0.03171479566152579	0	-0.01860612747691238	-0.03171479566152579	0	0.014676319886337873	0.022790718960230653	0	0.014676319886337873	0.022790718960230653	0	0.	0.	0.	0.	0.	0.	0.	0.	0.	0.	0.	0.	-0.01860612747691238	-0.03171479566152579	0	-0.01860612747691238	-0.03171479566152579	0	0.35454421789271623	0.3609750888593962	0	0.35454421789271623	0.3609750888593962	0	0.	0.	0.	0.	0.	0.	0.	0.	0.	0.	0.	0.	0.	0.	0.	0.	0.	0.	0.014676319886337873	0.022790718960230653	0	0.014676319886337873	0.022790718960230653	0	0.	0.	0.	0.	0.	0.	0.03943410770695727	0.04045581437920461	0	0.03943410770695727	0.04045581437920461	0	0.	0.	0.	0.	0.	0.	0.	0.	0.	0.	0.	0.	0.	0.	0.	0.	0.	0.	0.	0.	0.	0.	0.	0.	0.	0.	0.	0.	0.	0.	1348.7781623615122	1353.276844690556	0	1348.7781623615122	1353.276844690556	0	0.	0.	0.	0.	0.	0.	0.	0.	0.	0.	0.	0.	0.	0.	0.	0.	0.	0.	0.	0.	0.	0.	0.	0.	0.	0.	0.	0.	0.	0.	0.	0.	0.	0.	0.	0.
-0.057991946977686754	1.	0.9999999999999999	0	1.	0.9999999999999999	0	-0.0018692130468172662	-0.012255080752228528	0	-0.0018692130468172662	-0.012255080752228528	0	0.013664092272470403	0.02067315407846169	0	0.013664092272470403	0.02067315407846169	0	0.	0.	0.	0.	0.	0.	0.	0.	0.	0.	0.	0.	-0.0018692130468172662	-0.012255080752228528	0	-0.0018692130468172662	-0.012255080752228528	0	0.38389868575485775	0.3885444173730358	0	0.38389868575485775	0.3885444173730358	0	0.	0.	0.	0.	0.	0.	0.	0.	0.	0.	0.	0.	0.	0.	0.	0.	0.	0.	0.013664092272470403	0.02067315407846169	0	0.013664092272470403	0.02067315407846169	0	0.	0.	0.	0.	0.	0.	0.03502238708649095	0.03586070058211633	0	0.03502238708649095	0.03586070058211633	0	0.	0.	0.	0.	0.	0.	0.	0.	0.	0.	0.	0.	0.	0.	0.	0.	0.	0.	0.	0.	0.	0.	0.	0.	0.	0.	0.	0.	0.	0.	1311.152246678162	1319.773047575974	0	1311.152246678162	1319.773047575974	0	0.	0.	0.	0.	0.	0.	0.	0.	0.	0.	0.	0.	0.	0.	0.	0.	0.	0.	0.	0.	0.	0.	0.	0.	0.	0.	0.	0.	0.	0.	0.	0.	0.	0.	0.	0.
0.	1.	1.	0	1.	1.	0	0.008757525998905308	0.00007050396232268254	0	0.008757525998905308	0.00007050396232268254	0	0.012659116107391968	0.01893736427987253	0	0.012659116107391968	0.01893736427987253	0	0.	0.	0.	0.	0.	0.	0.	0.	0.	0.	0.	0.	0.008757525998905308	0.00007050396232268254	0	0.008757525998905308	0.00007050396232268254	0	0.4170350722074859	0.42072534476437573	0	0.4170350722074859	0.42072534476437573	0	0.	0.	0.	0.	0.	0.	0.	0.	0.	0.	0.	0.	0.	0.	0.	0.	0.	0.	0.012659116107391968	0.01893736427987253	0	0.012659116107391968	0.01893736427987253	0	0.	0.	0.	0.	0.	0.	0.031072375899962108	0.03178318621506528	0	0.031072375899962108	0.03178318621506528	0	0.	0.	0.	0.	0.	0.	0.	0.	0.	0.	0.	0.	0.	0.	0.	0.	0.	0.	0.	0.	0.	0.	0.	0.	0.	0.	0.	0.	0.	0.	1241.182083561394	1251.9699653120506	0	1241.182083561394	1251.9699653120506	0	0.	0.	0.	0.	0.	0.	0.	0.	0.	0.	0.	0.	0.	0.	0.	0.	0.	0.	0.	0.	0.	0.	0.	0.	0.	0.	0.	0.	0.	0.	0.	0.	0.	0.	0.	0.
0.05115252244738129	1.	0.9999999999999999	0	1.	0.9999999999999999	0	0.01975925822487851	0.012933090194978259	0	0.01975925822487851	0.012933090194978259	0	0.011869519075015362	0.017534015991022583	0	0.011869519075015362	0.017534015991022583	0	0.	0.	0.	0.	0.	0.	0.	0.	0.	0.	0.	0.	0.01975925822487851	0.012933090194978259	0	0.01975925822487851	0.012933090194978259	0	0.4416717868513657	0.44382101276476366	0	0.4416717868513657	0.44382101276476366	0	0.	0.	0.	0.	0.	0.	0.	0.	0.	0.	0.	0.	0.	0.	0.	0.	0.	0.	0.011869519075015362	0.017534015991022583	0	0.011869519075015362	0.017534015991022583	0	0.	0.	0.	0.	0.	0.	0.028123778137742278	0.028741759012484217	0	0.028123778137742278	0.028741759012484217	0	0.	0.	0.	0.	0.	0.	0.	0.	0.	0.	0.	0.	0.	0.	0.	0.	0.	0.	0.	0.	0.	0.	0.	0.	0.	0.	0.	0.	0.	0.	1181.1817991398088	1192.060050497966	0	1181.1817991398088	1192.060050497966	0	0.	0.	0.	0.	0.	0.	0.	0.	0.	0.	0.	0.	0.	0.	0.	0.	0.	0.	0.	0.	0.	0.	0.	0.	0.	0.	0.	0.	0.	0.	0.	0.	0.	0.	0.	0.
0.09691001300805642	1.	1.	0	1.	1.	0	0.0245308458532827	0.01869933295584803	0	0.0245308458532827	0.01869933295584803	0	0.011034065268834955	0.01626869588034637	0	0.011034065268834955	0.01626869588034637	0	0.	0.	0.	0.	0.	0.	0.	0.	0.	0.	0.	0.	0.0245308458532827	0.01869933295584803	0	0.0245308458532827	0.01869933295584803	0	0.4728000660392934	0.47433330110897826	0	0.4728000660392934	0.47433330110897826	0	0.	0.	0.	0.	0.	0.	0.	0.	0.	0.	0.	0.	0.	0.	0.	0.	0.	0.	0.011034065268834955	0.01626869588034637	0	0.011034065268834955	0.01626869588034637	0	0.	0.	0.	0.	0.	0.	0.025149964228716085	0.025701224985844304	0	0.025149964228716085	0.025701224985844304	0	0.	0.	0.	0.	0.	0.	0.	0.	0.	0.	0.	0.	0.	0.	0.	0.	0.	0.	0.	0.	0.	0.	0.	0.	0.	0.	0.	0.	0.	0.	1095.297520774861	1107.2074880194452	0	1095.297520774861	1107.2074880194452	0	0.	0.	0.	0.	0.	0.	0.	0.	0.	0.	0.	0.	0.	0.	0.	0.	0.	0.	0.	0.	0.	0.	0.	0.	0.	0.	0.	0.	0.	0.	0.	0.	0.	0.	0.	0.
0.13830269816628146	1.	1.	0	1.	1.	0	0.031133867371376668	0.02581748472603401	0	0.031133867371376668	0.02581748472603401	0	0.010336664189170591	0.015198113337654638	0	0.010336664189170591	0.015198113337654638	0	0.	0.	0.	0.	0.	0.	0.	0.	0.	0.	0.	0.	0.031133867371376668	0.02581748472603401	0	0.031133867371376668	0.02581748472603401	0	0.49668290802984016	0.49817264063771394	0	0.49668290802984016	0.49817264063771394	0	0.	0.	0.	0.	0.	0.	0.	0.	0.	0.	0.	0.	0.	0.	0.	0.	0.	0.	0.010336664189170591	0.015198113337654638	0	0.010336664189170591	0.015198113337654638	0	0.	0.	0.	0.	0.	0.	0.022848019379524877	0.023307451488780703	0	0.022848019379524877	0.023307451488780703	0	0.	0.	0.	0.	0.	0.	0.	0.	0.	0.	0.	0.	0.	0.	0.	0.	0.	0.	0.	0.	0.	0.	0.	0.	0.	0.	0.	0.	0.	0.	1025.71068351364	1036.0475113434195	0	1025.71068351364	1036.0475113434195	0	0.	0.	0.	0.	0.	0.	0.	0.	0.	0.	0.	0.	0.	0.	0.	0.	0.	0.	0.	0.	0.	0.	0.	0.	0.	0.	0.	0.	0.	0.	0.	0.	0.	0.	0.	0.
0.17609125905568124	1.	1.	0	1.	1.	0	0.03595081718919961	0.031399732121898345	0	0.03595081718919961	0.031399732121898345	0	0.009707133710603494	0.0142362022065423	0	0.009707133710603494	0.0142362022065423	0	0.	0.	0.	0.	0.	0.	0.	0.	0.	0.	0.	0.	0.03595081718919961	0.031399732121898345	0	0.03595081718919961	0.031399732121898345	0	0.5194211519132004	0.5205258143356208	0	0.5194211519132004	0.5205258143356208	0	0.	0.	0.	0.	0.	0.	0.	0.	0.	0.	0.	0.	0.	0.	0.	0.	0.	0.	0.009707133710603494	0.0142362022065423	0	0.009707133710603494	0.0142362022065423	0	0.	0.	0.	0.	0.	0.	0.020804934803860826	0.02122312588889963	0	0.020804934803860826	0.02122312588889963	0	0.	0.	0.	0.	0.	0.	0.	0.	0.	0.	0.	0.	0.	0.	0.	0.	0.	0.	0.	0.	0.	0.	0.	0.	0.	0.	0.	0.	0.	0.	955.7162350090186	966.0845472998163	0	955.7162350090186	966.0845472998163	0	0.	0.	0.	0.	0.	0.	0.	0.	0.	0.	0.	0.	0.	0.	0.	0.	0.	0.	0.	0.	0.	0.	0.	0.	0.	0.	0.	0.	0.	0.	0.	0.	0.	0.	0.	0.
0.21085336531489318	1.	0.9999999999999999	0	1.	0.9999999999999999	0	0.0401055554028423	0.036063359020664744	0	0.0401055554028423	0.036063359020664744	0	0.00912614420407378	0.013385902755758971	0	0.00912614420407378	0.013385902755758971	0	0.	0.	0.	0.	0.	0.	0.	0.	0.	0.	0.	0.	0.0401055554028423	0.036063359020664744	0	0.0401055554028423	0.036063359020664744	0	0.5408202534429204	0.5415155985056315	0	0.5408202534429204	0.5415155985056315	0	0.	0.	0.	0.	0.	0.	0.	0.	0.	0.	0.	0.	0.	0.	0.	0.	0.	0.	0.00912614420407378	0.013385902755758971	0	0.00912614420407378	0.013385902755758971	0	0.	0.	0.	0.	0.	0.	0.01898073064130405	0.019355105529439334	0	0.01898073064130405	0.019355105529439334	0	0.	0.	0.	0.	0.	0.	0.	0.	0.	0.	0.	0.	0.	0.	0.	0.	0.	0.	0.	0.	0.	0.	0.	0.	0.	0.	0.	0.	0.	0.	887.8665988619808	898.4431685024608	0	887.8665988619808	898.4431685024608	0	0.	0.	0.	0.	0.	0.	0.	0.	0.	0.	0.	0.	0.	0.	0.	0.	0.	0.	0.	0.	0.	0.	0.	0.	0.	0.	0.	0.	0.	0.	0.	0.	0.	0.	0.	0.
0.24303804868629444	1.	1.	0	1.	1.	0	0.043522828014184396	0.03956759753308849	0	0.043522828014184396	0.03956759753308849	0	0.008615913120567377	0.012625597671679025	0	0.008615913120567377	0.012625597671679025	0	0.	0.	0.	0.	0.	0.	0.	0.	0.	0.	0.	0.	0.043522828014184396	0.03956759753308849	0	0.043522828014184396	0.03956759753308849	0	0.5606438386524822	0.5616381401150302	0	0.5606438386524822	0.5616381401150302	0	0.	0.	0.	0.	0.	0.	0.	0.	0.	0.	0.	0.	0.	0.	0.	0.	0.	0.	0.008615913120567377	0.012625597671679025	0	0.008615913120567377	0.012625597671679025	0	0.	0.	0.	0.	0.	0.	0.017439605496453903	0.01775344743953988	0	0.017439605496453903	0.01775344743953988	0	0.	0.	0.	0.	0.	0.	0.	0.	0.	0.	0.	0.	0.	0.	0.	0.	0.	0.	0.	0.	0.	0.	0.	0.	0.	0.	0.	0.	0.	0.	829.6056626773051	837.7715889404753	0	829.6056626773051	837.7715889404753	0	0.	0.	0.	0.	0.	0.	0.	0.	0.	0.	0.	0.	0.	0.	0.	0.	0.	0.	0.	0.	0.	0.	0.	0.	0.	0.	0.	0.	0.	0.	0.	0.	0.	0.	0.	0.
0.27300127206373764	0.9999999999999999	1.	0	0.9999999999999999	1.	0	0.04587792723385944	0.04202264360630687	0	0.04587792723385944	0.04202264360630687	0	0.008134482710753897	0.011919149822879766	0	0.008134482710753897	0.011919149822879766	0	0.	0.	0.	0.	0.	0.	0.	0.	0.	0.	0.	0.	0.04587792723385944	0.04202264360630687	0	0.04587792723385944	0.04202264360630687	0	0.5795888338261219	0.5806070709175523	0	0.5795888338261219	0.5806070709175523	0	0.	0.	0.	0.	0.	0.	0.	0.	0.	0.	0.	0.	0.	0.	0.	0.	0.	0.	0.008134482710753897	0.011919149822879766	0	0.008134482710753897	0.011919149822879766	0	0.	0.	0.	0.	0.	0.	0.016005219395049904	0.01628116968812947	0	0.016005219395049904	0.01628116968812947	0	0.	0.	0.	0.	0.	0.	0.	0.	0.	0.	0.	0.	0.	0.	0.	0.	0.	0.	0.	0.	0.	0.	0.	0.	0.	0.	0.	0.	0.	0.	771.3635669567873	778.7268736542335	0	771.3635669567873	778.7268736542335	0	0.	0.	0.	0.	0.	0.	0.	0.	0.	0.	0.	0.	0.	0.	0.	0.	0.	0.	0.	0.	0.	0.	0.	0.	0.	0.	0.	0.	0.	0.	0.	0.	0.	0.	0.	0.
0.3010299956639812	1.	1.	0	1.	1.	0	0.04840367890188669	0.04561545322778458	0	0.04840367890188669	0.04561545322778458	0	0.007682903109283393	0.01128888393354889	0	0.007682903109283393	0.01128888393354889	0	0.	0.	0.	0.	0.	0.	0.	0.	0.	0.	0.	0.	0.04840367890188669	0.04561545322778458	0	0.04840367890188669	0.04561545322778458	0	0.5970296479479841	0.5970844018285204	0	0.5970296479479841	0.5970844018285204	0	0.	0.	0.	0.	0.	0.	0.	0.	0.	0.	0.	0.	0.	0.	0.	0.	0.	0.	0.007682903109283393	0.01128888393354889	0	0.007682903109283393	0.01128888393354889	0	0.	0.	0.	0.	0.	0.	0.014740615187974104	0.01502397145724161	0	0.014740615187974104	0.01502397145724161	0	0.	0.	0.	0.	0.	0.	0.	0.	0.	0.	0.	0.	0.	0.	0.	0.	0.	0.	0.	0.	0.	0.	0.	0.	0.	0.	0.	0.	0.	0.	718.3601100336214	726.999832757275	0	718.3601100336214	726.999832757275	0	0.	0.	0.	0.	0.	0.	0.	0.	0.	0.	0.	0.	0.	0.	0.	0.	0.	0.	0.	0.	0.	0.	0.	0.	0.	0.	0.	0.	0.	0.	0.	0.	0.	0.	0.	0.
0.32735893438633035	0.9999999999999999	0.9999999999999999	0	0.9999999999999999	0.9999999999999999	0	0.050263263916866946	0.04755805535445787	0	0.050263263916866946	0.04755805535445787	0	0.007279698809408038	0.01072005346104583	0	0.007279698809408038	0.01072005346104583	0	0.	0.	0.	0.	0.	0.	0.	0.	0.	0.	0.	0.	0.050263263916866946	0.04755805535445787	0	0.050263263916866946	0.04755805535445787	0	0.6135369055723037	0.6138692431920698	0	0.6135369055723037	0.6138692431920698	0	0.	0.	0.	0.	0.	0.	0.	0.	0.	0.	0.	0.	0.	0.	0.	0.	0.	0.	0.007279698809408038	0.01072005346104583	0	0.007279698809408038	0.01072005346104583	0	0.	0.	0.	0.	0.	0.	0.013586918770231032	0.013824692320543518	0	0.013586918770231032	0.013824692320543518	0	0.	0.	0.	0.	0.	0.	0.	0.	0.	0.	0.	0.	0.	0.	0.	0.	0.	0.	0.	0.	0.	0.	0.	0.	0.	0.	0.	0.	0.	0.	667.465331129048	674.775282619591	0	667.465331129048	674.775282619591	0	0.	0.	0.	0.	0.	0.	0.	0.	0.	0.	0.	0.	0.	0.	0.	0.	0.	0.	0.	0.	0.	0.	0.	0.	0.	0.	0.	0.	0.	0.	0.	0.	0.	0.	0.	0.
0.3521825181113625	1.	1.	0	1.	1.	0	0.05293299972199055	0.05009472863033545	0	0.05293299972199055	0.05009472863033545	0	0.006922435362802334	0.010197258441992646	0	0.006922435362802334	0.010197258441992646	0	0.	0.	0.	0.	0.	0.	0.	0.	0.	0.	0.	0.	0.05293299972199055	0.05009472863033545	0	0.05293299972199055	0.05009472863033545	0	0.6282040589380039	0.6285523236375794	0	0.6282040589380039	0.6285523236375794	0	0.	0.	0.	0.	0.	0.	0.	0.	0.	0.	0.	0.	0.	0.	0.	0.	0.	0.	0.006922435362802334	0.010197258441992646	0	0.006922435362802334	0.010197258441992646	0	0.	0.	0.	0.	0.	0.	0.012566027244926326	0.01278836509528586	0	0.012566027244926326	0.01278836509528586	0	0.	0.	0.	0.	0.	0.	0.	0.	0.	0.	0.	0.	0.	0.	0.	0.	0.	0.	0.	0.	0.	0.	0.	0.	0.	0.	0.	0.	0.	0.	622.0240339171531	629.0637467959434	0	622.0240339171531	629.0637467959434	0	0.	0.	0.	0.	0.	0.	0.	0.	0.	0.	0.	0.	0.	0.	0.	0.	0.	0.	0.	0.	0.	0.	0.	0.	0.	0.	0.	0.	0.	0.	0.	0.	0.	0.	0.	0.
0.3756636139608854	1.	0.9999999999999999	0	1.	0.9999999999999999	0	0.05326039815889982	0.05062618808006262	0	0.05326039815889982	0.05062618808006262	0	0.006589347920368221	0.009728279100972827	0	0.006589347920368221	0.009728279100972827	0	0.	0.	0.	0.	0.	0.	0.	0.	0.	0.	0.	0.	0.05326039815889982	0.05062618808006262	0	0.05326039815889982	0.05062618808006262	0	0.6426782691419858	0.6431706362518169	0	0.6426782691419858	0.6431706362518169	0	0.	0.	0.	0.	0.	0.	0.	0.	0.	0.	0.	0.	0.	0.	0.	0.	0.	0.	0.006589347920368221	0.009728279100972827	0	0.006589347920368221	0.009728279100972827	0	0.	0.	0.	0.	0.	0.	0.011653772436659719	0.011838868388683886	0	0.011653772436659719	0.011838868388683886	0	0.	0.	0.	0.	0.	0.	0.	0.	0.	0.	0.	0.	0.	0.	0.	0.	0.	0.	0.	0.	0.	0.	0.	0.	0.	0.	0.	0.	0.	0.	580.6380755186838	585.9907888851616	0	580.6380755186838	585.9907888851616	0	0.	0.	0.	0.	0.	0.	0.	0.	0.	0.	0.	0.	0.	0.	0.	0.	0.	0.	0.	0.	0.	0.	0.	0.	0.	0.	0.	0.	0.	0.	0.	0.	0.	0.	0.	0.
0.3979400086720376	0.9999999999999999	1.	1.	0.9999999999999999	1.	1.	0.05522089756670254	0.052985325417273445	-0.5	0.05522089756670254	0.052985325417273445	-0.5	0.006275419642482774	0.009283633919569845	0.	0.006275419642482774	0.009283633919569845	0.	0.	0.	0.	0.	0.	0.	0.	0.	0.	0.	0.	0.	0.05522089756670254	0.052985325417273445	-0.5	0.05522089756670254	0.052985325417273445	-0.5	0.655997987393255	0.6561414809006385	0.5	0.655997987393255	0.6561414809006385	0.5	0.	0.	0.	0.	0.	0.	0.	0.	0.	0.	0.	0.	0.	0.	0.	0.	0.	0.	0.006275419642482774	0.009283633919569845	0.	0.006275419642482774	0.009283633919569845	0.	0.	0.	0.	0.	0.	0.	0.010761855511607429	0.010949927187184946	0.	0.010761855511607429	0.010949927187184946	0.	0.	0.	0.	0.	0.	0.	0.	0.	0.	0.	0.	0.	0.	0.	0.	0.	0.	0.	0.	0.	0.	0.	0.	0.	0.	0.	0.	0.	0.	0.	538.3657633230373	544.5323877002353	3189.5	538.3657633230373	544.5323877002353	3189.5	0.	0.	0.	0.	0.	0.	0.	0.	0.	0.	0.	0.	0.	0.	0.	0.	0.	0.	0.	0.	0.	0.	0.	0.	0.	0.	0.	0.	0.	0.	0.	0.	0.	0.	0.	0.
0.4191293077419757	0.9999999999999999	1.	1.	0.9999999999999999	1.	1.	0.055763326821099635	0.05406579242322349	-0.25	0.055763326821099635	0.05406579242322349	-0.25	0.005986603404967903	0.008882537547635058	0.	0.005986603404967903	0.008882537547635058	0.	0.	0.	0.	0.	0.	0.	0.	0.	0.	0.	0.	0.	0.055763326821099635	0.05406579242322349	-0.25	0.055763326821099635	0.05406579242322349	-0.25	0.6692855149316215	0.6689643577673168	0.5	0.6692855149316215	0.6689643577673168	0.5	0.	0.	0.	0.	0.	0.	0.	0.	0.	0.	0.	0.	0.	0.	0.	0.	0.	0.	0.005986603404967903	0.008882537547635058	0.	0.005986603404967903	0.008882537547635058	0.	0.	0.	0.	0.	0.	0.	0.009921853195646105	0.010101434655906747	0.	0.009921853195646105	0.010101434655906747	0.	0.	0.	0.	0.	0.	0.	0.	0.	0.	0.	0.	0.	0.	0.	0.	0.	0.	0.	0.	0.	0.	0.	0.	0.	0.	0.	0.	0.	0.	0.	497.6342310912642	504.0594177314503	3262.75	497.6342310912642	504.0594177314503	3262.75	0.	0.	0.	0.	0.	0.	0.	0.	0.	0.	0.	0.	0.	0.	0.	0.	0.	0.	0.	0.	0.	0.	0.	0.	0.	0.	0.	0.	0.	0.	0.	0.	0.	0.	0.	0.
0.43933269383026263	1.	1.	1.	1.	1.	1.	0.05668870445913631	0.05497142050666855	-0.3	0.05668870445913631	0.05497142050666855	-0.3	0.005725137150091433	0.008510338014254463	0.03333333333333333	0.005725137150091433	0.008510338014254463	0.03333333333333333	0.	0.	0.	0.	0.	0.	0.	0.	0.	0.	0.	0.	0.05668870445913631	0.05497142050666855	-0.3	0.05668870445913631	0.05497142050666855	-0.3	0.6805035870023913	0.6803471879189894	0.5333333333333333	0.6805035870023913	0.6803471879189894	0.5333333333333333	0.	0.	0.	0.	0.	0.	0.	0.	0.	0.	0.	0.	0.	0.	0.	0.	0.	0.	0.005725137150091433	0.008510338014254463	0.03333333333333333	0.005725137150091433	0.008510338014254463	0.03333333333333333	0.	0.	0.	0.	0.	0.	0.009199606133070755	0.009371251146708066	0.06666666666666667	0.009199606133070755	0.009371251146708066	0.06666666666666667	0.	0.	0.	0.	0.	0.	0.	0.	0.	0.	0.	0.	0.	0.	0.	0.	0.	0.	0.	0.	0.	0.	0.	0.	0.	0.	0.	0.	0.	0.	462.9131101420734	469.0872344929786	2991.3999999999996	462.9131101420734	469.0872344929786	2991.3999999999996	0.	0.	0.	0.	0.	0.	0.	0.	0.	0.	0.	0.	0.	0.	0.	0.	0.	0.	0.	0.	0.	0.	0.	0.	0.	0.	0.	0.	0.	0.	0.	0.	0.	0.	0.	0.
0.4586378490256493	1.	1.	1.	1.	1.	1.	0.05763380281690141	0.056232957034064744	-0.30000000000000004	0.05763380281690141	0.056232957034064744	-0.30000000000000004	0.005478873239436619	0.008166494765248597	0.04545454545454546	0.005478873239436619	0.008166494765248597	0.04545454545454546	0.	0.	0.	0.	0.	0.	0.	0.	0.	0.	0.	0.	0.05763380281690141	0.056232957034064744	-0.30000000000000004	0.05763380281690141	0.056232957034064744	-0.30000000000000004	0.6918591549295775	0.6914816960311966	0.5363636363636364	0.6918591549295775	0.6914816960311966	0.5363636363636364	0.	0.	0.	0.	0.	0.	0.	0.	0.	0.	0.	0.	0.	0.	0.	0.	0.	0.	0.005478873239436619	0.008166494765248597	0.04545454545454546	0.005478873239436619	0.008166494765248597	0.04545454545454546	0.	0.	0.	0.	0.	0.	0.008492957746478874	0.008661005693940122	0.05454545454545455	0.008492957746478874	0.008661005693940122	0.05454545454545455	0.	0.	0.	0.	0.	0.	0.	0.	0.	0.	0.	0.	0.	0.	0.	0.	0.	0.	0.	0.	0.	0.	0.	0.	0.	0.	0.	0.	0.	0.	428.0874366197183	433.6866072311627	2992.4181818181823	428.0874366197183	433.6866072311627	2992.4181818181823	0.	0.	0.	0.	0.	0.	0.	0.	0.	0.	0.	0.	0.	0.	0.	0.	0.	0.	0.	0.	0.	0.	0.	0.	0.	0.	0.	0.	0.	0.	0.	0.	0.	0.	0.	0.
0.47712125471966244	1.	1.	1.	1.	1.	1.	0.0589050589050589	0.057370551765138854	-0.29896907216494845	0.0589050589050589	0.057370551765138854	-0.29896907216494845	0.005261148118290975	0.007841916032047107	0.04639175257731959	0.005261148118290975	0.007841916032047107	0.04639175257731959	0.	0.	0.	0.	0.	0.	0.	0.	0.	0.	0.	0.	0.0589050589050589	0.057370551765138854	-0.29896907216494845	0.0589050589050589	0.057370551765138854	-0.29896907216494845	0.701854130425559	0.7017099340373127	0.538659793814433	0.701854130425559	0.7017099340373127	0.538659793814433	0.	0.	0.	0.	0.	0.	0.	0.	0.	0.	0.	0.	0.	0.	0.	0.	0.	0.	0.005261148118290975	0.007841916032047107	0.04639175257731959	0.005261148118290975	0.007841916032047107	0.04639175257731959	0.	0.	0.	0.	0.	0.	0.007877579306150734	0.00801177702913116	0.05412371134020618	0.007877579306150734	0.00801177702913116	0.05412371134020618	0.	0.	0.	0.	0.	0.	0.	0.	0.	0.	0.	0.	0.	0.	0.	0.	0.	0.	0.	0.	0.	0.	0.	0.	0.	0.	0.	0.	0.	0.	397.23528080670934	401.9570251677377	2914.353092783505	397.23528080670934	401.9570251677377	2914.353092783505	0.	0.	0.	0.	0.	0.	0.	0.	0.	0.	0.	0.	0.	0.	0.	0.	0.	0.	0.	0.	0.	0.	0.	0.	0.	0.	0.	0.	0.	0.	0.	0.	0.	0.	0.	0.
0.494850021680094	0.9999999999999999	0.9999999999999999	1.	0.9999999999999999	0.9999999999999999	1.	0.06019458845252468	0.0581382132302796	-0.30245746691871456	0.06019458845252468	0.0581382132302796	-0.30245746691871456	0.005042255521624884	0.00753012048192771	0.04725897920604915	0.005042255521624884	0.00753012048192771	0.04725897920604915	0.	0.	0.	0.	0.	0.	0.	0.	0.	0.	0.	0.	0.06019458845252468	0.0581382132302796	-0.30245746691871456	0.06019458845252468	0.0581382132302796	-0.30245746691871456	0.7114835594062922	0.711695839963628	0.5453686200378072	0.7114835594062922	0.711695839963628	0.5453686200378072	0.	0.	0.	0.	0.	0.	0.	0.	0.	0.	0.	0.	0.	0.	0.	0.	0.	0.	0.005042255521624884	0.00753012048192771	0.04725897920604915	0.005042255521624884	0.00753012048192771	0.04725897920604915	0.	0.	0.	0.	0.	0.	0.007300617853845608	0.007430666060468287	0.052930056710775046	0.007300617853845608	0.007430666060468287	0.052930056710775046	0.	0.	0.	0.	0.	0.	0.	0.	0.	0.	0.	0.	0.	0.	0.	0.	0.	0.	0.	0.	0.	0.	0.	0.	0.	0.	0.	0.	0.	0.	368.8607343228464	373.0424528301886	2801.606805293006	368.8607343228464	373.0424528301886	2801.606805293006	0.	0.	0.	0.	0.	0.	0.	0.	0.	0.	0.	0.	0.	0.	0.	0.	0.	0.	0.	0.	0.	0.	0.	0.	0.	0.	0.	0.	0.	0.	0.	0.	0.	0.	0.	0.
0.5118833609788743	0.9999999999999999	1.	1.	0.9999999999999999	1.	1.	0.06088936321593739	0.05859952256451063	-0.3037466547725245	0.06088936321593739	0.05859952256451063	-0.3037466547725245	0.004838135894699395	0.007246788677958394	0.0463871543264942	0.004838135894699395	0.007246788677958394	0.0463871543264942	0.	0.	0.	0.	0.	0.	0.	0.	0.	0.	0.	0.	0.06088936321593739	0.05859952256451063	-0.3037466547725245	0.06088936321593739	0.05859952256451063	-0.3037466547725245	0.7207541800071149	0.7212401955212003	0.556199821587868	0.7207541800071149	0.7212401955212003	0.556199821587868	0.	0.	0.	0.	0.	0.	0.	0.	0.	0.	0.	0.	0.	0.	0.	0.	0.	0.	0.004838135894699395	0.007246788677958394	0.0463871543264942	0.004838135894699395	0.007246788677958394	0.0463871543264942	0.	0.	0.	0.	0.	0.	0.006787620064034151	0.006891553938842787	0.05129348795718108	0.006787620064034151	0.006891553938842787	0.05129348795718108	0.	0.	0.	0.	0.	0.	0.	0.	0.	0.	0.	0.	0.	0.	0.	0.	0.	0.	0.	0.	0.	0.	0.	0.	0.	0.	0.	0.	0.	0.	342.61304873710424	345.9329458906445	2672.3322925958964	342.61304873710424	345.9329458906445	2672.3322925958964	0.	0.	0.	0.	0.	0.	0.	0.	0.	0.	0.	0.	0.	0.	0.	0.	0.	0.	0.	0.	0.	0.	0.	0.	0.	0.	0.	0.	0.	0.	0.	0.	0.	0.	0.	0.
0.5282737771670437	1.	0.9999999999999999	1.	1.	0.9999999999999999	1.	0.06224392193812726	0.06042300387015694	-0.30505461010922025	0.06224392193812726	0.06042300387015694	-0.30505461010922025	0.004668294145359545	0.006997700755466061	0.04572009144018288	0.004668294145359545	0.006997700755466061	0.04572009144018288	0.	0.	0.	0.	0.	0.	0.	0.	0.	0.	0.	0.	0.06224392193812726	0.06042300387015694	-0.30505461010922025	0.06224392193812726	0.06042300387015694	-0.30505461010922025	0.7291390066669522	0.7293460720049126	0.569723139446279	0.7291390066669522	0.7293460720049126	0.569723139446279	0.	0.	0.	0.	0.	0.	0.	0.	0.	0.	0.	0.	0.	0.	0.	0.	0.	0.	0.004668294145359545	0.006997700755466061	0.04572009144018288	0.004668294145359545	0.006997700755466061	0.04572009144018288	0.	0.	0.	0.	0.	0.	0.0063100489671220755	0.006426459877468831	0.04902209804419609	0.0063100489671220755	0.006426459877468831	0.04902209804419609	0.	0.	0.	0.	0.	0.	0.	0.	0.	0.	0.	0.	0.	0.	0.	0.	0.	0.	0.	0.	0.	0.	0.	0.	0.	0.	0.	0.	0.	0.	319.0696389567005	322.6441312140297	2533.726187452375	319.0696389567005	322.6441312140297	2533.726187452375	0.	0.	0.	0.	0.	0.	0.	0.	0.	0.	0.	0.	0.	0.	0.	0.	0.	0.	0.	0.	0.	0.	0.	0.	0.	0.	0.	0.	0.	0.	0.	0.	0.	0.	0.	0.
0.5440680443502757	1.	0.9999999999999999	1.	1.	0.9999999999999999	1.	0.06214172372878932	0.06059564719358534	-0.30633162506199374	0.06214172372878932	0.06059564719358534	-0.30633162506199374	0.004488728146040913	0.006743986254295533	0.044966110100843115	0.004488728146040913	0.006743986254295533	0.044966110100843115	0.	0.	0.	0.	0.	0.	0.	0.	0.	0.	0.	0.	0.06214172372878932	0.06059564719358534	-0.30633162506199374	0.06214172372878932	0.06059564719358534	-0.30633162506199374	0.7374665847068747	0.737471363115693	0.5852206976359728	0.7374665847068747	0.737471363115693	0.5852206976359728	0.	0.	0.	0.	0.	0.	0.	0.	0.	0.	0.	0.	0.	0.	0.	0.	0.	0.	0.004488728146040913	0.006743986254295533	0.044966110100843115	0.004488728146040913	0.006743986254295533	0.044966110100843115	0.	0.	0.	0.	0.	0.	0.0058896687776078226	0.00599942726231386	0.046453959332121014	0.0058896687776078226	0.00599942726231386	0.046453959332121014	0.	0.	0.	0.	0.	0.	0.	0.	0.	0.	0.	0.	0.	0.	0.	0.	0.	0.	0.	0.	0.	0.	0.	0.	0.	0.	0.	0.	0.	0.	297.43506354266435	301.0922966781214	2385.179533807241	297.43506354266435	301.0922966781214	2385.179533807241	0.	0.	0.	0.	0.	0.	0.	0.	0.	0.	0.	0.	0.	0.	0.	0.	0.	0.	0.	0.	0.	0.	0.	0.	0.	0.	0.	0.	0.	0.	0.	0.	0.	0.	0.	0.
0.5593080109070125	1.	1.	1.	1.	1.	1.	0.06312567930896403	0.06130618780738878	-0.30762891452790203	0.06312567930896403	0.06130618780738878	-0.30762891452790203	0.004318974887020194	0.0065052041633306655	0.04414881092535907	0.004318974887020194	0.0065052041633306655	0.04414881092535907	0.	0.	0.	0.	0.	0.	0.	0.	0.	0.	0.	0.	0.06312567930896403	0.06130618780738878	-0.30762891452790203	0.06312567930896403	0.06130618780738878	-0.30762891452790203	0.7454236027687203	0.7456536657897748	0.6011302095596892	0.7454236027687203	0.7456536657897748	0.6011302095596892	0.	0.	0.	0.	0.	0.	0.	0.	0.	0.	0.	0.	0.	0.	0.	0.	0.	0.	0.004318974887020194	0.0065052041633306655	0.04414881092535907	0.004318974887020194	0.0065052041633306655	0.04414881092535907	0.	0.	0.	0.	0.	0.	0.00549167667753561	0.005590186434862176	0.04403108076289145	0.00549167667753561	0.005590186434862176	0.04403108076289145	0.	0.	0.	0.	0.	0.	0.	0.	0.	0.	0.	0.	0.	0.	0.	0.	0.	0.	0.	0.	0.	0.	0.	0.	0.	0.	0.	0.	0.	0.	277.68156856015105	280.68180258492515	2238.47139157052	277.68156856015105	280.68180258492515	2238.47139157052	0.	0.	0.	0.	0.	0.	0.	0.	0.	0.	0.	0.	0.	0.	0.	0.	0.	0.	0.	0.	0.	0.	0.	0.	0.	0.	0.	0.	0.	0.	0.	0.	0.	0.	0.	0.
0.5740312677277188	1.	1.	1.	1.	1.	1.	0.06440102443095162	0.06317686927680438	-0.308478221903567	0.06440102443095162	0.06317686927680438	-0.308478221903567	0.004186929872521655	0.006316244862643305	0.04328732747804267	0.004186929872521655	0.006316244862643305	0.04328732747804267	0.	0.	0.	0.	0.	0.	0.	0.	0.	0.	0.	0.	0.06440102443095162	0.06317686927680438	-0.308478221903567	0.06440102443095162	0.06317686927680438	-0.308478221903567	0.7517625392075048	0.7517196625567812	0.6165979566230507	0.7517625392075048	0.7517196625567812	0.6165979566230507	0.	0.	0.	0.	0.	0.	0.	0.	0.	0.	0.	0.	0.	0.	0.	0.	0.	0.	0.004186929872521655	0.006316244862643305	0.04328732747804267	0.004186929872521655	0.006316244862643305	0.04328732747804267	0.	0.	0.	0.	0.	0.	0.005179707058789675	0.005263537385536088	0.04158451335364761	0.005179707058789675	0.005263537385536088	0.04158451335364761	0.	0.	0.	0.	0.	0.	0.	0.	0.	0.	0.	0.	0.	0.	0.	0.	0.	0.	0.	0.	0.	0.	0.	0.	0.	0.	0.	0.	0.	0.	261.60655808465947	264.8025668757661	2100.3485391647255	261.60655808465947	264.8025668757661	2100.3485391647255	0.	0.	0.	0.	0.	0.	0.	0.	0.	0.	0.	0.	0.	0.	0.	0.	0.	0.	0.	0.	0.	0.	0.	0.	0.	0.	0.	0.	0.	0.	0.	0.	0.	0.	0.	0.
0.5882717068423291	1.	1.	0.9999999999999999	1.	1.	0.9999999999999999	0.0645760442313507	0.06360653842262722	-0.30789207906506993	0.0645760442313507	0.06360653842262722	-0.30789207906506993	0.004045901544929665	0.006099059126186932	0.04241812148319145	0.004045901544929665	0.006099059126186932	0.04241812148319145	0.	0.	0.	0.	0.	0.	0.	0.	0.	0.	0.	0.	0.0645760442313507	0.06360653842262722	-0.30789207906506993	0.0645760442313507	0.06360653842262722	-0.30789207906506993	0.7592616589636157	0.758913731554682	0.6315106045303707	0.7592616589636157	0.758913731554682	0.6315106045303707	0.	0.	0.	0.	0.	0.	0.	0.	0.	0.	0.	0.	0.	0.	0.	0.	0.	0.	0.004045901544929665	0.006099059126186932	0.04241812148319145	0.004045901544929665	0.006099059126186932	0.04241812148319145	0.	0.	0.	0.	0.	0.	0.00483780398254935	0.004942839386625429	0.03924397633819073	0.00483780398254935	0.004942839386625429	0.03924397633819073	0.	0.	0.	0.	0.	0.	0.	0.	0.	0.	0.	0.	0.	0.	0.	0.	0.	0.	0.	0.	0.	0.	0.	0.	0.	0.	0.	0.	0.	0.	244.55970224468348	248.06385223511728	1968.008440340499	244.55970224468348	248.06385223511728	1968.008440340499	0.	0.	0.	0.	0.	0.	0.	0.	0.	0.	0.	0.	0.	0.	0.	0.	0.	0.	0.	0.	0.	0.	0.	0.	0.	0.	0.	0.	0.	0.	0.	0.	0.	0.	0.	0.
0.6020599913279624	1.	1.	1.	1.	1.	1.	0.06492548111705976	0.0641090724490536	-0.3077479214363177	0.06492548111705976	0.0641090724490536	-0.3077479214363177	0.003906815222109681	0.005917760533758794	0.04151102542474997	0.003906815222109681	0.005917760533758794	0.04151102542474997	0.	0.	0.	0.	0.	0.	0.	0.	0.	0.	0.	0.	0.06492548111705976	0.0641090724490536	-0.3077479214363177	0.06492548111705976	0.0641090724490536	-0.3077479214363177	0.7656779047894661	0.7653636956994706	0.6462826846608025	0.7656779047894661	0.7653636956994706	0.6462826846608025	0.	0.	0.	0.	0.	0.	0.	0.	0.	0.	0.	0.	0.	0.	0.	0.	0.	0.	0.003906815222109681	0.005917760533758794	0.04151102542474997	0.003906815222109681	0.005917760533758794	0.04151102542474997	0.	0.	0.	0.	0.	0.	0.004557951092461294	0.004655885125824933	0.03705265694662008	0.004557951092461294	0.004655885125824933	0.03705265694662008	0.	0.	0.	0.	0.	0.	0.	0.	0.	0.	0.	0.	0.	0.	0.	0.	0.	0.	0.	0.	0.	0.	0.	0.	0.	0.	0.	0.	0.	0.	230.80999855303142	233.94288200739723	1840.6688757681648	230.80999855303142	233.94288200739723	1840.6688757681648	0.	0.	0.	0.	0.	0.	0.	0.	0.	0.	0.	0.	0.	0.	0.	0.	0.	0.	0.	0.	0.	0.	0.	0.	0.	0.	0.	0.	0.	0.	0.	0.	0.	0.	0.	0.
0.6154239528859439	1.	0.9999999999999999	0.9999999999999999	1.	0.9999999999999999	0.9999999999999999	0.06544953995508222	0.06530113826338513	-0.306118198385837	0.06544953995508222	0.06530113826338513	-0.306118198385837	0.003781786568137362	0.005742197153614677	0.04061442332725852	0.003781786568137362	0.005742197153614677	0.04061442332725852	0.	0.	0.	0.	0.	0.	0.	0.	0.	0.	0.	0.	0.06544953995508222	0.06530113826338513	-0.306118198385837	0.06544953995508222	0.06530113826338513	-0.306118198385837	0.7719336376150112	0.7712861067903298	0.6607654256703982	0.7719336376150112	0.7712861067903298	0.6607654256703982	0.	0.	0.	0.	0.	0.	0.	0.	0.	0.	0.	0.	0.	0.	0.	0.	0.	0.	0.003781786568137362	0.005742197153614677	0.04061442332725852	0.003781786568137362	0.005742197153614677	0.04061442332725852	0.	0.	0.	0.	0.	0.	0.004303412301673549	0.004390236811118057	0.03483467846914866	0.004303412301673549	0.004390236811118057	0.03483467846914866	0.	0.	0.	0.	0.	0.	0.	0.	0.	0.	0.	0.	0.	0.	0.	0.	0.	0.	0.	0.	0.	0.	0.	0.	0.	0.	0.	0.	0.	0.	217.46736216764472	220.58480280277368	1717.6119239781303	217.46736216764472	220.58480280277368	1717.6119239781303	0.	0.	0.	0.	0.	0.	0.	0.	0.	0.	0.	0.	0.	0.	0.	0.	0.	0.	0.	0.	0.	0.	0.	0.	0.	0.	0.	0.	0.	0.	0.	0.	0.	0.	0.	0.
0.6283889300503115	1.	0.9999999999999999	1.	1.	0.9999999999999999	1.	0.06557849809666629	0.06385708930476656	-0.3040531193802739	0.06557849809666629	0.06385708930476656	-0.3040531193802739	0.003648056292536625	0.0055509097724847885	0.03970120348595933	0.003648056292536625	0.0055509097724847885	0.03970120348595933	0.	0.	0.	0.	0.	0.	0.	0.	0.	0.	0.	0.	0.06557849809666629	0.06385708930476656	-0.3040531193802739	0.06557849809666629	0.06385708930476656	-0.3040531193802739	0.7783769754296921	0.7786412526312753	0.6746437958223821	0.7783769754296921	0.7786412526312753	0.6746437958223821	0.	0.	0.	0.	0.	0.	0.	0.	0.	0.	0.	0.	0.	0.	0.	0.	0.	0.	0.003648056292536625	0.0055509097724847885	0.03970120348595933	0.003648056292536625	0.0055509097724847885	0.03970120348595933	0.	0.	0.	0.	0.	0.	0.00403737455300496	0.0040946970789238445	0.03269239636648684	0.00403737455300496	0.0040946970789238445	0.03269239636648684	0.	0.	0.	0.	0.	0.	0.	0.	0.	0.	0.	0.	0.	0.	0.	0.	0.	0.	0.	0.	0.	0.	0.	0.	0.	0.	0.	0.	0.	0.	203.98109643557504	206.09670117362091	1599.8813574952737	203.98109643557504	206.09670117362091	1599.8813574952737	0.	0.	0.	0.	0.	0.	0.	0.	0.	0.	0.	0.	0.	0.	0.	0.	0.	0.	0.	0.	0.	0.	0.	0.	0.	0.	0.	0.	0.	0.	0.	0.	0.	0.	0.	0.
0.640978057358332	1.	1.	1.	1.	1.	1.	0.06675457153621005	0.06591074284052915	-0.3030038638913125	0.06675457153621005	0.06591074284052915	-0.3030038638913125	0.0035500043469440987	0.005393225759558076	0.03876355478000748	0.0035500043469440987	0.005393225759558076	0.03876355478000748	0.	0.	0.	0.	0.	0.	0.	0.	0.	0.	0.	0.	0.06675457153621005	0.06591074284052915	-0.3030038638913125	0.06675457153621005	0.06591074284052915	-0.3030038638913125	0.783406265395427	0.7831225468818143	0.6891852590469069	0.783406265395427	0.7831225468818143	0.6891852590469069	0.	0.	0.	0.	0.	0.	0.	0.	0.	0.	0.	0.	0.	0.	0.	0.	0.	0.	0.0035500043469440987	0.005393225759558076	0.03876355478000748	0.0035500043469440987	0.005393225759558076	0.03876355478000748	0.	0.	0.	0.	0.	0.	0.0038253108065030286	0.0038959151039395265	0.030578752752503224	0.0038253108065030286	0.0038959151039395265	0.030578752752503224	0.	0.	0.	0.	0.	0.	0.	0.	0.	0.	0.	0.	0.	0.	0.	0.	0.	0.	0.	0.	0.	0.	0.	0.	0.	0.	0.	0.	0.	0.	193.4626307705683	196.17913940979793	1481.502181228967	193.4626307705683	196.17913940979793	1481.502181228967	0.	0.	0.	0.	0.	0.	0.	0.	0.	0.	0.	0.	0.	0.	0.	0.	0.	0.	0.	0.	0.	0.	0.	0.	0.	0.	0.	0.	0.	0.	0.	0.	0.	0.	0.	0.
0.6532125137753437	0.9999999999999999	1.	0.9999999999999999	0.9999999999999999	1.	0.9999999999999999	0.0683463696897444	0.06722163200558846	-0.30050447145150194	0.0683463696897444	0.06722163200558846	-0.30050447145150194	0.0034602076124567475	0.005253736556401263	0.03783535886264618	0.0034602076124567475	0.005253736556401263	0.03783535886264618	0.	0.	0.	0.	0.	0.	0.	0.	0.	0.	0.	0.	0.0683463696897444	0.06722163200558846	-0.30050447145150194	0.0683463696897444	0.06722163200558846	-0.30050447145150194	0.7880113983309586	0.7880604834601895	0.7022089734770312	0.7880113983309586	0.7880604834601895	0.7022089734770312	0.	0.	0.	0.	0.	0.	0.	0.	0.	0.	0.	0.	0.	0.	0.	0.	0.	0.	0.0034602076124567475	0.005253736556401263	0.03783535886264618	0.0034602076124567475	0.005253736556401263	0.03783535886264618	0.	0.	0.	0.	0.	0.	0.0036346718618243145	0.0036965348623986725	0.02866315065351983	0.0036346718618243145	0.0036965348623986725	0.02866315065351983	0.	0.	0.	0.	0.	0.	0.	0.	0.	0.	0.	0.	0.	0.	0.	0.	0.	0.	0.	0.	0.	0.	0.	0.	0.	0.	0.	0.	0.	0.	183.78074205460732	185.94001135156375	1376.1842849499349	183.78074205460732	185.94001135156375	1376.1842849499349	0.	0.	0.	0.	0.	0.	0.	0.	0.	0.	0.	0.	0.	0.	0.	0.	0.	0.	0.	0.	0.	0.	0.	0.	0.	0.	0.	0.	0.	0.	0.	0.	0.	0.	0.	0.
0.6651117370750514	0.9999999999999999	1.	1.	0.9999999999999999	1.	1.	0.0679490527170917	0.06714900046490005	-0.2988465076781544	0.0679490527170917	0.06714900046490005	-0.2988465076781544	0.003351031421359561	0.005099372384937239	0.0369400608591041	0.003351031421359561	0.005099372384937239	0.0369400608591041	0.	0.	0.	0.	0.	0.	0.	0.	0.	0.	0.	0.	0.0679490527170917	0.06714900046490005	-0.2988465076781544	0.0679490527170917	0.06714900046490005	-0.2988465076781544	0.7936286883105579	0.7935117387261739	0.7153421555445474	0.7936286883105579	0.7935117387261739	0.7153421555445474	0.	0.	0.	0.	0.	0.	0.	0.	0.	0.	0.	0.	0.	0.	0.	0.	0.	0.	0.003351031421359561	0.005099372384937239	0.0369400608591041	0.003351031421359561	0.005099372384937239	0.0369400608591041	0.	0.	0.	0.	0.	0.	0.0034380711985377314	0.0035012784751278477	0.02674969924279952	0.0034380711985377314	0.0035012784751278477	0.02674969924279952	0.	0.	0.	0.	0.	0.	0.	0.	0.	0.	0.	0.	0.	0.	0.	0.	0.	0.	0.	0.	0.	0.	0.	0.	0.	0.	0.	0.	0.	0.	173.66626048103984	175.7693659925616	1272.4391762791026	173.66626048103984	175.7693659925616	1272.4391762791026	0.	0.	0.	0.	0.	0.	0.	0.	0.	0.	0.	0.	0.	0.	0.	0.	0.	0.	0.	0.	0.	0.	0.	0.	0.	0.	0.	0.	0.	0.	0.	0.	0.	0.	0.	0.
0.6766936096248666	1.	1.	1.	1.	1.	1.	0.06685600023183702	0.06547990084513576	-0.29602888086642604	0.06685600023183702	0.06547990084513576	-0.29602888086642604	0.0032457182600631757	0.004957743212095735	0.036034842513165306	0.0032457182600631757	0.004957743212095735	0.036034842513165306	0.	0.	0.	0.	0.	0.	0.	0.	0.	0.	0.	0.	0.06685600023183702	0.06547990084513576	-0.29602888086642604	0.06685600023183702	0.06547990084513576	-0.29602888086642604	0.799171182658591	0.7992983778612123	0.7274202629748617	0.799171182658591	0.7992983778612123	0.7274202629748617	0.	0.	0.	0.	0.	0.	0.	0.	0.	0.	0.	0.	0.	0.	0.	0.	0.	0.	0.0032457182600631757	0.004957743212095735	0.036034842513165306	0.0032457182600631757	0.004957743212095735	0.036034842513165306	0.	0.	0.	0.	0.	0.	0.0032457182600631757	0.0033051621413971565	0.025038916305103836	0.0032457182600631757	0.0033051621413971565	0.025038916305103836	0.	0.	0.	0.	0.	0.	0.	0.	0.	0.	0.	0.	0.	0.	0.	0.	0.	0.	0.	0.	0.	0.	0.	0.	0.	0.	0.	0.	0.	0.	164.2722346190628	166.09645854775817	1178.966714139039	164.2722346190628	166.09645854775817	1178.966714139039	0.	0.	0.	0.	0.	0.	0.	0.	0.	0.	0.	0.	0.	0.	0.	0.	0.	0.	0.	0.	0.	0.	0.	0.	0.	0.	0.	0.	0.	0.	0.	0.	0.	0.	0.	0.
0.6879746200345557	1.	0.9999999999999999	1.	1.	0.9999999999999999	1.	0.06925559726015394	0.06821136904848865	-0.29221981608762515	0.06925559726015394	0.06821136904848865	-0.29221981608762515	0.003169224927341502	0.004850326520475098	0.03518187239117472	0.003169224927341502	0.004850326520475098	0.03518187239117472	0.	0.	0.	0.	0.	0.	0.	0.	0.	0.	0.	0.	0.06925559726015394	0.06821136904848865	-0.29221981608762515	0.06925559726015394	0.06821136904848865	-0.29221981608762515	0.8027486089001183	0.8028020862247804	0.7383799391143332	0.8027486089001183	0.8028020862247804	0.7383799391143332	0.	0.	0.	0.	0.	0.	0.	0.	0.	0.	0.	0.	0.	0.	0.	0.	0.	0.	0.003169224927341502	0.004850326520475098	0.03518187239117472	0.003169224927341502	0.004850326520475098	0.03518187239117472	0.	0.	0.	0.	0.	0.	0.0031108060346716126	0.003155634121754883	0.023444120139346578	0.0031108060346716126	0.003155634121754883	0.023444120139346578	0.	0.	0.	0.	0.	0.	0.	0.	0.	0.	0.	0.	0.	0.	0.	0.	0.	0.	0.	0.	0.	0.	0.	0.	0.	0.	0.	0.	0.	0.	157.20332695593754	159.00566845388536	1095.1649248344474	157.20332695593754	159.00566845388536	1095.1649248344474	0.	0.	0.	0.	0.	0.	0.	0.	0.	0.	0.	0.	0.	0.	0.	0.	0.	0.	0.	0.	0.	0.	0.	0.	0.	0.	0.	0.	0.	0.	0.	0.	0.	0.	0.	0.
0.6989700043360189	0.9999999999999999	1.	1.	0.9999999999999999	1.	1.	0.06893790492829584	0.0686507531460068	-0.28759736369083283	0.06893790492829584	0.0686507531460068	-0.28759736369083283	0.0030865545606755477	0.004724478338850085	0.03436189334931097	0.0030865545606755477	0.004724478338850085	0.03436189334931097	0.	0.	0.	0.	0.	0.	0.	0.	0.	0.	0.	0.	0.06893790492829584	0.0686507531460068	-0.28759736369083283	0.06893790492829584	0.0686507531460068	-0.28759736369083283	0.8073669651306689	0.8070983828868896	0.7481126423007789	0.8073669651306689	0.8070983828868896	0.7481126423007789	0.	0.	0.	0.	0.	0.	0.	0.	0.	0.	0.	0.	0.	0.	0.	0.	0.	0.	0.0030865545606755477	0.004724478338850085	0.03436189334931097	0.0030865545606755477	0.004724478338850085	0.03436189334931097	0.	0.	0.	0.	0.	0.	0.0029555215840430947	0.0030038349932194988	0.022049131216297185	0.0029555215840430947	0.0030038349932194988	0.022049131216297185	0.	0.	0.	0.	0.	0.	0.	0.	0.	0.	0.	0.	0.	0.	0.	0.	0.	0.	0.	0.	0.	0.	0.	0.	0.	0.	0.	0.	0.	0.	149.10604935575452	150.92859330115633	1020.9763331336129	149.10604935575452	150.92859330115633	1020.9763331336129	0.	0.	0.	0.	0.	0.	0.	0.	0.	0.	0.	0.	0.	0.	0.	0.	0.	0.	0.	0.	0.	0.	0.	0.	0.	0.	0.	0.	0.	0.	0.	0.	0.	0.	0.	0.
0.7096938697277919	1.	1.	1.	1.	1.	1.	0.06756264833932758	0.0674577658268545	-0.28509675941829843	0.06756264833932758	0.0674577658268545	-0.28509675941829843	0.0029995486116166986	0.004603378733851639	0.03355089888927058	0.0029995486116166986	0.004603378733851639	0.03355089888927058	0.	0.	0.	0.	0.	0.	0.	0.	0.	0.	0.	0.	0.06756264833932758	0.0674577658268545	-0.28509675941829843	0.06756264833932758	0.0674577658268545	-0.28509675941829843	0.8125136508583659	0.812065236452914	0.7583018435818162	0.8125136508583659	0.812065236452914	0.7583018435818162	0.	0.	0.	0.	0.	0.	0.	0.	0.	0.	0.	0.	0.	0.	0.	0.	0.	0.	0.0029995486116166986	0.004603378733851639	0.03355089888927058	0.0029995486116166986	0.004603378733851639	0.03355089888927058	0.	0.	0.	0.	0.	0.	0.0027956957933514856	0.002864324545507687	0.020668727814038706	0.0027956957933514856	0.002864324545507687	0.020668727814038706	0.	0.	0.	0.	0.	0.	0.	0.	0.	0.	0.	0.	0.	0.	0.	0.	0.	0.	0.	0.	0.	0.	0.	0.	0.	0.	0.	0.	0.	0.	141.71862486713164	143.7619249430058	948.2479674796749	141.71862486713164	143.7619249430058	948.2479674796749	0.	0.	0.	0.	0.	0.	0.	0.	0.	0.	0.	0.	0.	0.	0.	0.	0.	0.	0.	0.	0.	0.	0.	0.	0.	0.	0.	0.	0.	0.	0.	0.	0.	0.	0.	0.
0.7201593034059569	1.	0.9999999999999999	1.	1.	0.9999999999999999	1.	0.0706006476854769	0.06921377251642546	-0.2811563934155926	0.0706006476854769	0.06921377251642546	-0.2811563934155926	0.002945357032955761	0.004492310393772223	0.03278463271867872	0.002945357032955761	0.004492310393772223	0.03278463271867872	0.	0.	0.	0.	0.	0.	0.	0.	0.	0.	0.	0.	0.0706006476854769	0.06921377251642546	-0.2811563934155926	0.0706006476854769	0.06921377251642546	-0.2811563934155926	0.8153217179784008	0.815581146929279	0.7673197944433757	0.8153217179784008	0.815581146929279	0.7673197944433757	0.	0.	0.	0.	0.	0.	0.	0.	0.	0.	0.	0.	0.	0.	0.	0.	0.	0.	0.002945357032955761	0.004492310393772223	0.03278463271867872	0.002945357032955761	0.004492310393772223	0.03278463271867872	0.	0.	0.	0.	0.	0.	0.0026962472341485575	0.0027363584483237977	0.019428948308554784	0.0026962472341485575	0.0027363584483237977	0.019428948308554784	0.	0.	0.	0.	0.	0.	0.	0.	0.	0.	0.	0.	0.	0.	0.	0.	0.	0.	0.	0.	0.	0.	0.	0.	0.	0.	0.	0.	0.	0.	136.1142095159943	137.4113902749528	883.6423369699635	136.1142095159943	137.4113902749528	883.6423369699635	0.	0.	0.	0.	0.	0.	0.	0.	0.	0.	0.	0.	0.	0.	0.	0.	0.	0.	0.	0.	0.	0.	0.	0.	0.	0.	0.	0.	0.	0.	0.	0.	0.	0.	0.	0.
0.730378468587643	1.	1.	1.	1.	1.	1.	0.068269188922577	0.06725956446675468	-0.27757903383946797	0.068269188922577	0.06725956446675468	-0.27757903383946797	0.002843340635109454	0.004366938935395418	0.03201102366377826	0.002843340635109454	0.004366938935395418	0.03201102366377826	0.	0.	0.	0.	0.	0.	0.	0.	0.	0.	0.	0.	0.068269188922577	0.06725956446675468	-0.27757903383946797	0.068269188922577	0.06725956446675468	-0.27757903383946797	0.8206374305485037	0.8206943577988306	0.7758168375864538	0.8206374305485037	0.8206943577988306	0.7758168375864538	0.	0.	0.	0.	0.	0.	0.	0.	0.	0.	0.	0.	0.	0.	0.	0.	0.	0.	0.002843340635109454	0.004366938935395418	0.03201102366377826	0.002843340635109454	0.004366938935395418	0.03201102366377826	0.	0.	0.	0.	0.	0.	0.0025386969956334416	0.002582442294021211	0.018310941516283753	0.0025386969956334416	0.002582442294021211	0.018310941516283753	0.	0.	0.	0.	0.	0.	0.	0.	0.	0.	0.	0.	0.	0.	0.	0.	0.	0.	0.	0.	0.	0.	0.	0.	0.	0.	0.	0.	0.	0.	128.62077669621226	129.99067128991544	825.1449240798157	128.62077669621226	129.99067128991544	825.1449240798157	0.	0.	0.	0.	0.	0.	0.	0.	0.	0.	0.	0.	0.	0.	0.	0.	0.	0.	0.	0.	0.	0.	0.	0.	0.	0.	0.	0.	0.	0.	0.	0.	0.	0.	0.	0.
0.7403626894942439	1.	1.	0.9999999999999999	1.	1.	0.9999999999999999	0.07076314633074557	0.06988679687958238	-0.2718698601973684	0.07076314633074557	0.06988679687958238	-0.2718698601973684	0.002797714955324447	0.00428177605724676	0.03132709703947368	0.002797714955324447	0.00428177605724676	0.03132709703947368	0.	0.	0.	0.	0.	0.	0.	0.	0.	0.	0.	0.	0.07076314633074557	0.06988679687958238	-0.2718698601973684	0.07076314633074557	0.06988679687958238	-0.2718698601973684	0.8231726966456716	0.8231567833890551	0.782920435855263	0.8231726966456716	0.8231567833890551	0.782920435855263	0.	0.	0.	0.	0.	0.	0.	0.	0.	0.	0.	0.	0.	0.	0.	0.	0.	0.	0.002797714955324447	0.00428177605724676	0.03132709703947368	0.002797714955324447	0.00428177605724676	0.03132709703947368	0.	0.	0.	0.	0.	0.	0.002446169620623993	0.0024928148278491407	0.017321134868421052	0.002446169620623993	0.0024928148278491407	0.017321134868421052	0.	0.	0.	0.	0.	0.	0.	0.	0.	0.	0.	0.	0.	0.	0.	0.	0.	0.	0.	0.	0.	0.	0.	0.	0.	0.	0.	0.	0.	0.	124.09743664860116	125.57214499384128	774.920255962171	124.09743664860116	125.57214499384128	774.920255962171	0.	0.	0.	0.	0.	0.	0.	0.	0.	0.	0.	0.	0.	0.	0.	0.	0.	0.	0.	0.	0.	0.	0.	0.	0.	0.	0.	0.	0.	0.	0.	0.	0.	0.	0.	0.
0.7501225267834001	0.9999999999999999	0.9999999999999999	1.	0.9999999999999999	0.9999999999999999	1.	0.07020187244002339	0.07023381954115664	-0.26914147340040445	0.07020187244002339	0.07023381954115664	-0.26914147340040445	0.002720889409011117	0.004192626255222458	0.030631350325785758	0.002720889409011117	0.004192626255222458	0.030631350325785758	0.	0.	0.	0.	0.	0.	0.	0.	0.	0.	0.	0.	0.07020187244002339	0.07023381954115664	-0.26914147340040445	0.07020187244002339	0.07023381954115664	-0.26914147340040445	0.8270626097132826	0.8267536465586747	0.7906732905609506	0.8270626097132826	0.8267536465586747	0.7906732905609506	0.	0.	0.	0.	0.	0.	0.	0.	0.	0.	0.	0.	0.	0.	0.	0.	0.	0.	0.002720889409011117	0.004192626255222458	0.030631350325785758	0.002720889409011117	0.004192626255222458	0.030631350325785758	0.	0.	0.	0.	0.	0.	0.002340550029256875	0.0023895037748295823	0.016351698829168437	0.002340550029256875	0.0023895037748295823	0.016351698829168437	0.	0.	0.	0.	0.	0.	0.	0.	0.	0.	0.	0.	0.	0.	0.	0.	0.	0.	0.	0.	0.	0.	0.	0.	0.	0.	0.	0.	0.	0.	118.44217378583966	119.96418676244225	725.1746261577252	118.44217378583966	119.96418676244225	725.1746261577252	0.	0.	0.	0.	0.	0.	0.	0.	0.	0.	0.	0.	0.	0.	0.	0.	0.	0.	0.	0.	0.	0.	0.	0.	0.	0.	0.	0.	0.	0.	0.	0.	0.	0.	0.	0.
0.7596678446896304	1.	0.9999999999999999	1.	1.	0.9999999999999999	1.	0.07009311640281249	0.06943529859373399	-0.26307568398701586	0.07009311640281249	0.06943529859373399	-0.26307568398701586	0.0026458506921603884	0.004082707757144738	0.029995362799892615	0.0026458506921603884	0.004082707757144738	0.029995362799892615	0.	0.	0.	0.	0.	0.	0.	0.	0.	0.	0.	0.	0.07009311640281249	0.06943529859373399	-0.26307568398701586	0.07009311640281249	0.06943529859373399	-0.26307568398701586	0.8309140610153634	0.8308237118983859	0.7966953847655774	0.8309140610153634	0.8308237118983859	0.7966953847655774	0.	0.	0.	0.	0.	0.	0.	0.	0.	0.	0.	0.	0.	0.	0.	0.	0.	0.	0.0026458506921603884	0.004082707757144738	0.029995362799892615	0.0026458506921603884	0.004082707757144738	0.029995362799892615	0.	0.	0.	0.	0.	0.	0.0022365478226549136	0.0022828043373282407	0.01552241720157177	0.0022365478226549136	0.0022828043373282407	0.01552241720157177	0.	0.	0.	0.	0.	0.	0.	0.	0.	0.	0.	0.	0.	0.	0.	0.	0.	0.	0.	0.	0.	0.	0.	0.	0.	0.	0.	0.	0.	0.	113.05190837462906	114.42160176771002	684.5880457862495	113.05190837462906	114.42160176771002	684.5880457862495	0.	0.	0.	0.	0.	0.	0.	0.	0.	0.	0.	0.	0.	0.	0.	0.	0.	0.	0.	0.	0.	0.	0.	0.	0.	0.	0.	0.	0.	0.	0.	0.	0.	0.	0.	0.
0.7690078709437739	1.	1.	1.	1.	1.	1.	0.07213736530291225	0.07134872775408148	-0.25829231756901344	0.07213736530291225	0.07134872775408148	-0.25829231756901344	0.002602061067580083	0.004000588321812031	0.029341132272867772	0.002602061067580083	0.004000588321812031	0.029341132272867772	0.	0.	0.	0.	0.	0.	0.	0.	0.	0.	0.	0.	0.07213736530291225	0.07134872775408148	-0.25829231756901344	0.07213736530291225	0.07134872775408148	-0.25829231756901344	0.8332328771150934	0.8331960582438594	0.8030054449913213	0.8332328771150934	0.8331960582438594	0.8030054449913213	0.	0.	0.	0.	0.	0.	0.	0.	0.	0.	0.	0.	0.	0.	0.	0.	0.	0.	0.002602061067580083	0.004000588321812031	0.029341132272867772	0.002602061067580083	0.004000588321812031	0.029341132272867772	0.	0.	0.	0.	0.	0.	0.0021610337679902384	0.0021914987498161493	0.014718120645790235	0.0021610337679902384	0.0021914987498161493	0.014718120645790235	0.	0.	0.	0.	0.	0.	0.	0.	0.	0.	0.	0.	0.	0.	0.	0.	0.	0.	0.	0.	0.	0.	0.	0.	0.	0.	0.	0.	0.	0.	108.96113079399613	110.21769377849684	644.2041039541574	108.96113079399613	110.21769377849684	644.2041039541574	0.	0.	0.	0.	0.	0.	0.	0.	0.	0.	0.	0.	0.	0.	0.	0.	0.	0.	0.	0.	0.	0.	0.	0.	0.	0.	0.	0.	0.	0.	0.	0.	0.	0.	0.	0.
0.7781512503836436	0.9999999999999999	1.	1.	0.9999999999999999	1.	1.	0.07039307187056569	0.06953748939531346	-0.2554741150084395	0.07039307187056569	0.06953748939531346	-0.2554741150084395	0.00253075674015126	0.00392007723137232	0.028740548914425762	0.00253075674015126	0.00392007723137232	0.028740548914425762	0.	0.	0.	0.	0.	0.	0.	0.	0.	0.	0.	0.	0.07039307187056569	0.06953748939531346	-0.2554741150084395	0.07039307187056569	0.06953748939531346	-0.2554741150084395	0.8373293933498149	0.8373314220518971	0.8092903882170686	0.8373293933498149	0.8373314220518971	0.8092903882170686	0.	0.	0.	0.	0.	0.	0.	0.	0.	0.	0.	0.	0.	0.	0.	0.	0.	0.	0.00253075674015126	0.00392007723137232	0.028740548914425762	0.00253075674015126	0.00392007723137232	0.028740548914425762	0.	0.	0.	0.	0.	0.	0.002062639886481663	0.0020916830003217977	0.013942518902171148	0.002062639886481663	0.0020916830003217977	0.013942518902171148	0.	0.	0.	0.	0.	0.	0.	0.	0.	0.	0.	0.	0.	0.	0.	0.	0.	0.	0.	0.	0.	0.	0.	0.	0.	0.	0.	0.	0.	0.	104.05684694041749	105.19923646256912	605.9711438414761	104.05684694041749	105.19923646256912	605.9711438414761	0.	0.	0.	0.	0.	0.	0.	0.	0.	0.	0.	0.	0.	0.	0.	0.	0.	0.	0.	0.	0.	0.	0.	0.	0.	0.	0.	0.	0.	0.	0.	0.	0.	0.	0.	0.
0.7871060930365701	0.9999999999999999	1.	1.	0.9999999999999999	1.	1.	0.0717814887035055	0.07101121616066709	-0.24995448338643605	0.0717814887035055	0.07101121616066709	-0.24995448338643605	0.0024924128022050522	0.0038316988666392622	0.02817478379608557	0.0024924128022050522	0.0038316988666392622	0.02817478379608557	0.	0.	0.	0.	0.	0.	0.	0.	0.	0.	0.	0.	0.0717814887035055	0.07101121616066709	-0.24995448338643605	0.0717814887035055	0.07101121616066709	-0.24995448338643605	0.8398258243288811	0.8397733278524869	0.8142922166590805	0.8398258243288811	0.8397733278524869	0.8142922166590805	0.	0.	0.	0.	0.	0.	0.	0.	0.	0.	0.	0.	0.	0.	0.	0.	0.	0.	0.0024924128022050522	0.0038316988666392622	0.02817478379608557	0.0024924128022050522	0.0038316988666392622	0.02817478379608557	0.	0.	0.	0.	0.	0.	0.0019792689899863648	0.002011274884021375	0.013313609467455622	0.0019792689899863648	0.002011274884021375	0.013313609467455622	0.	0.	0.	0.	0.	0.	0.	0.	0.	0.	0.	0.	0.	0.	0.	0.	0.	0.	0.	0.	0.	0.	0.	0.	0.	0.	0.	0.	0.	0.	100.17628689137476	101.34679076868869	574.9691624943104	100.17628689137476	101.34679076868869	574.9691624943104	0.	0.	0.	0.	0.	0.	0.	0.	0.	0.	0.	0.	0.	0.	0.	0.	0.	0.	0.	0.	0.	0.	0.	0.	0.	0.	0.	0.	0.	0.	0.	0.	0.	0.	0.	0.
0.7958800173440752	0.9999999999999999	1.	1.	0.9999999999999999	1.	1.	0.07046862218067079	0.06947306877146825	-0.24636585907979555	0.07046862218067079	0.06947306877146825	-0.24636585907979555	0.0024249152740446417	0.003741869473068772	0.027606134696599248	0.0024249152740446417	0.003741869473068772	0.027606134696599248	0.	0.	0.	0.	0.	0.	0.	0.	0.	0.	0.	0.	0.07046862218067079	0.06947306877146825	-0.24636585907979555	0.07046862218067079	0.06947306877146825	-0.24636585907979555	0.8436221806707958	0.8436746327559747	0.8196265836852635	0.8436221806707958	0.8436746327559747	0.8196265836852635	0.	0.	0.	0.	0.	0.	0.	0.	0.	0.	0.	0.	0.	0.	0.	0.	0.	0.	0.0024249152740446417	0.003741869473068772	0.027606134696599248	0.0024249152740446417	0.003741869473068772	0.027606134696599248	0.	0.	0.	0.	0.	0.	0.001899030033890382	0.0019294014470510855	0.01266948210713492	0.001899030033890382	0.0019294014470510855	0.01266948210713492	0.	0.	0.	0.	0.	0.	0.	0.	0.	0.	0.	0.	0.	0.	0.	0.	0.	0.	0.	0.	0.	0.	0.	0.	0.	0.	0.	0.	0.	0.	95.82249912352458	96.93330409997809	543.6866637030452	95.82249912352458	96.93330409997809	543.6866637030452	0.	0.	0.	0.	0.	0.	0.	0.	0.	0.	0.	0.	0.	0.	0.	0.	0.	0.	0.	0.	0.	0.	0.	0.	0.	0.	0.	0.	0.	0.	0.	0.	0.	0.	0.	0.
0.8044801891059927	1.	1.	1.	1.	1.	1.	0.0697708173069945	0.069111834457103	-0.24078446805719528	0.0697708173069945	0.069111834457103	-0.24078446805719528	0.002365850472444373	0.003676470588235294	0.0270672088853907	0.002365850472444373	0.003676470588235294	0.0270672088853907	0.	0.	0.	0.	0.	0.	0.	0.	0.	0.	0.	0.	0.0697708173069945	0.069111834457103	-0.24078446805719528	0.0697708173069945	0.069111834457103	-0.24078446805719528	0.846945440294933	0.846852476168333	0.8240850059031877	0.846945440294933	0.846852476168333	0.8240850059031877	0.	0.	0.	0.	0.	0.	0.	0.	0.	0.	0.	0.	0.	0.	0.	0.	0.	0.	0.002365850472444373	0.003676470588235294	0.0270672088853907	0.002365850472444373	0.003676470588235294	0.0270672088853907	0.	0.	0.	0.	0.	0.	0.0018143025095432312	0.0018455010462683098	0.012090602999693908	0.0018143025095432312	0.0018455010462683098	0.012090602999693908	0.	0.	0.	0.	0.	0.	0.	0.	0.	0.	0.	0.	0.	0.	0.	0.	0.	0.	0.	0.	0.	0.	0.	0.	0.	0.	0.	0.	0.	0.	91.59812473692614	92.72086433387585	516.8633958633958	91.59812473692614	92.72086433387585	516.8633958633958	0.	0.	0.	0.	0.	0.	0.	0.	0.	0.	0.	0.	0.	0.	0.	0.	0.	0.	0.	0.	0.	0.	0.	0.	0.	0.	0.	0.	0.	0.	0.	0.	0.	0.	0.	0.
0.8129133566428556	1.	1.	1.	1.	1.	1.	0.073274966612257	0.07250723884475463	-0.23691009300723392	0.073274966612257	0.07250723884475463	-0.23691009300723392	0.0023445615076420835	0.0036231346053901556	0.026567344126765417	0.0023445615076420835	0.0036231346053901556	0.026567344126765417	0.	0.	0.	0.	0.	0.	0.	0.	0.	0.	0.	0.	0.073274966612257	0.07250723884475463	-0.23691009300723392	0.073274966612257	0.07250723884475463	-0.23691009300723392	0.8476628579907998	0.8476650085381247	0.8286686186703411	0.8476628579907998	0.8476650085381247	0.8286686186703411	0.	0.	0.	0.	0.	0.	0.	0.	0.	0.	0.	0.	0.	0.	0.	0.	0.	0.	0.0023445615076420835	0.0036231346053901556	0.026567344126765417	0.0023445615076420835	0.0036231346053901556	0.026567344126765417	0.	0.	0.	0.	0.	0.	0.0017806796260572786	0.0018115673026950778	0.01156131588012401	0.0017806796260572786	0.0018115673026950778	0.01156131588012401	0.	0.	0.	0.	0.	0.	0.	0.	0.	0.	0.	0.	0.	0.	0.	0.	0.	0.	0.	0.	0.	0.	0.	0.	0.	0.	0.	0.	0.	0.	89.943166641935	90.95478506199422	491.1166035136066	89.943166641935	90.95478506199422	491.1166035136066	0.	0.	0.	0.	0.	0.	0.	0.	0.	0.	0.	0.	0.	0.	0.	0.	0.	0.	0.	0.	0.	0.	0.	0.	0.	0.	0.	0.	0.	0.	0.	0.	0.	0.	0.	0.
0.8211858826088455	0.9999999999999999	1.	1.	0.9999999999999999	1.	1.	0.06974165973772119	0.06905972417017298	-0.2320127456186936	0.06974165973772119	0.06905972417017298	-0.2320127456186936	0.002275611570609601	0.0035355306217858813	0.026064790228359003	0.002275611570609601	0.0035355306217858813	0.026064790228359003	0.	0.	0.	0.	0.	0.	0.	0.	0.	0.	0.	0.	0.06974165973772119	0.06905972417017298	-0.2320127456186936	0.06974165973772119	0.06905972417017298	-0.2320127456186936	0.8522894694615845	0.8522235857877514	0.832777482740308	0.8522894694615845	0.8522235857877514	0.832777482740308	0.	0.	0.	0.	0.	0.	0.	0.	0.	0.	0.	0.	0.	0.	0.	0.	0.	0.	0.002275611570609601	0.0035355306217858813	0.026064790228359003	0.002275611570609601	0.0035355306217858813	0.026064790228359003	0.	0.	0.	0.	0.	0.	0.001677534170641693	0.0017093267882187938	0.01106744556558683	0.001677534170641693	0.0017093267882187938	0.01106744556558683	0.	0.	0.	0.	0.	0.	0.	0.	0.	0.	0.	0.	0.	0.	0.	0.	0.	0.	0.	0.	0.	0.	0.	0.	0.	0.	0.	0.	0.	0.	85.1168439017986	86.14966105656849	468.0831014338822	85.1168439017986	86.14966105656849	468.0831014338822	0.	0.	0.	0.	0.	0.	0.	0.	0.	0.	0.	0.	0.	0.	0.	0.	0.	0.	0.	0.	0.	0.	0.	0.	0.	0.	0.	0.	0.	0.	0.	0.	0.	0.	0.	0.
0.829303772831025	1.	1.	1.	1.	1.	1.	0.07078754979643655	0.06960982932765883	-0.22802192077681233	0.07078754979643655	0.06960982932765883	-0.22802192077681233	0.0022326314407039357	0.0034542566060835724	0.025567293867600177	0.0022326314407039357	0.0034542566060835724	0.025567293867600177	0.	0.	0.	0.	0.	0.	0.	0.	0.	0.	0.	0.	0.07078754979643655	0.06960982932765883	-0.22802192077681233	0.07078754979643655	0.06960982932765883	-0.22802192077681233	0.8547184403683113	0.8548629228549358	0.8370319434894044	0.8547184403683113	0.8548629228549358	0.8370319434894044	0.	0.	0.	0.	0.	0.	0.	0.	0.	0.	0.	0.	0.	0.	0.	0.	0.	0.	0.0022326314407039357	0.0034542566060835724	0.025567293867600177	0.0022326314407039357	0.0034542566060835724	0.025567293867600177	0.	0.	0.	0.	0.	0.	0.001619752221687169	0.0016469662299048256	0.010585318080473421	0.001619752221687169	0.0016469662299048256	0.010585318080473421	0.	0.	0.	0.	0.	0.	0.	0.	0.	0.	0.	0.	0.	0.	0.	0.	0.	0.	0.	0.	0.	0.	0.	0.	0.	0.	0.	0.	0.	0.	82.02905339345386	82.82961915727797	445.110354024713	82.02905339345386	82.82961915727797	445.110354024713	0.	0.	0.	0.	0.	0.	0.	0.	0.	0.	0.	0.	0.	0.	0.	0.	0.	0.	0.	0.	0.	0.	0.	0.	0.	0.	0.	0.	0.	0.	0.	0.	0.	0.	0.	0.
0.8372727025023002	0.9999999999999999	1.	0.9999999999999999	0.9999999999999999	1.	0.9999999999999999	0.07136608835107158	0.07141184734254273	-0.2251078676273251	0.07136608835107158	0.07141184734254273	-0.2251078676273251	0.0021869077124945326	0.0033949894638258017	0.02510373872292987	0.0021869077124945326	0.0033949894638258017	0.02510373872292987	0.	0.	0.	0.	0.	0.	0.	0.	0.	0.	0.	0.	0.07136608835107158	0.07141184734254273	-0.2251078676273251	0.07136608835107158	0.07141184734254273	-0.2251078676273251	0.8569324974486076	0.8566202294544603	0.8409133136522223	0.8569324974486076	0.8566202294544603	0.8409133136522223	0.	0.	0.	0.	0.	0.	0.	0.	0.	0.	0.	0.	0.	0.	0.	0.	0.	0.	0.0021869077124945326	0.0033949894638258017	0.02510373872292987	0.0021869077124945326	0.0033949894638258017	0.02510373872292987	0.	0.	0.	0.	0.	0.	0.0015599941682460999	0.0015950597049871225	0.010157104812238072	0.0015599941682460999	0.0015950597049871225	0.010157104812238072	0.	0.	0.	0.	0.	0.	0.	0.	0.	0.	0.	0.	0.	0.	0.	0.	0.	0.	0.	0.	0.	0.	0.	0.	0.	0.	0.	0.	0.	0.	79.0969383292025	80.23704928588154	425.04040132950723	79.0969383292025	80.23704928588154	425.04040132950723	0.	0.	0.	0.	0.	0.	0.	0.	0.	0.	0.	0.	0.	0.	0.	0.	0.	0.	0.	0.	0.	0.	0.	0.	0.	0.	0.	0.	0.	0.	0.	0.	0.	0.	0.	0.
0.8450980400142568	1.	1.	1.	1.	1.	1.	0.07390415692502243	0.07415222973172386	-0.21857834228420903	0.07390415692502243	0.07415222973172386	-0.21857834228420903	0.0021615421941858924	0.003349762417731606	0.02466766045210431	0.0021615421941858924	0.003349762417731606	0.02466766045210431	0.	0.	0.	0.	0.	0.	0.	0.	0.	0.	0.	0.	0.07390415692502243	0.07415222973172386	-0.21857834228420903	0.07390415692502243	0.07415222973172386	-0.21857834228420903	0.8582204773038069	0.8579228521677537	0.8440097200383903	0.8582204773038069	0.8579228521677537	0.8440097200383903	0.	0.	0.	0.	0.	0.	0.	0.	0.	0.	0.	0.	0.	0.	0.	0.	0.	0.	0.0021615421941858924	0.003349762417731606	0.02466766045210431	0.0021615421941858924	0.003349762417731606	0.02466766045210431	0.	0.	0.	0.	0.	0.	0.001529254341464849	0.0015494495764837824	0.009760878887504851	0.001529254341464849	0.0015494495764837824	0.009760878887504851	0.	0.	0.	0.	0.	0.	0.	0.	0.	0.	0.	0.	0.	0.	0.	0.	0.	0.	0.	0.	0.	0.	0.	0.	0.	0.	0.	0.	0.	0.	77.14988162983221	78.21007584924592	407.44381368565075	77.14988162983221	78.21007584924592	407.44381368565075	0.	0.	0.	0.	0.	0.	0.	0.	0.	0.	0.	0.	0.	0.	0.	0.	0.	0.	0.	0.	0.	0.	0.	0.	0.	0.	0.	0.	0.	0.	0.	0.	0.	0.	0.	0.
0.8527848686805478	1.	1.	1.	1.	1.	1.	0.07446539383026532	0.07325218940181089	-0.21463051611086528	0.07446539383026532	0.07325218940181089	-0.21463051611086528	0.002128007857259781	0.003295235267923408	0.02421658151977151	0.002128007857259781	0.003295235267923408	0.02421658151977151	0.	0.	0.	0.	0.	0.	0.	0.	0.	0.	0.	0.	0.07446539383026532	0.07325218940181089	-0.21463051611086528	0.07446539383026532	0.07325218940181089	-0.21463051611086528	0.8602508965907231	0.8604868635891346	0.8476608069512049	0.8602508965907231	0.8604868635891346	0.8476608069512049	0.	0.	0.	0.	0.	0.	0.	0.	0.	0.	0.	0.	0.	0.	0.	0.	0.	0.	0.002128007857259781	0.003295235267923408	0.02421658151977151	0.002128007857259781	0.003295235267923408	0.02421658151977151	0.	0.	0.	0.	0.	0.	0.0014732362088721558	0.001499183612884073	0.0093728629470212	0.0014732362088721558	0.001499183612884073	0.0093728629470212	0.	0.	0.	0.	0.	0.	0.	0.	0.	0.	0.	0.	0.	0.	0.	0.	0.	0.	0.	0.	0.	0.	0.	0.	0.	0.	0.	0.	0.	0.	74.92836202919686	75.60188511206768	388.9861217265377	74.92836202919686	75.60188511206768	388.9861217265377	0.	0.	0.	0.	0.	0.	0.	0.	0.	0.	0.	0.	0.	0.	0.	0.	0.	0.	0.	0.	0.	0.	0.	0.	0.	0.	0.	0.	0.	0.	0.	0.	0.	0.	0.	0.
0.8603380065709937	1.	1.	1.	1.	1.	1.	0.07298029737054128	0.07267975391663119	-0.21030290952570746	0.07298029737054128	0.07267975391663119	-0.21030290952570746	0.002080128909397202	0.0032302112851836083	0.023814268632921482	0.002080128909397202	0.0032302112851836083	0.023814268632921482	0.	0.	0.	0.	0.	0.	0.	0.	0.	0.	0.	0.	0.07298029737054128	0.07267975391663119	-0.21030290952570746	0.07298029737054128	0.07267975391663119	-0.21030290952570746	0.863356038965795	0.8632005520724743	0.8507174172977283	0.863356038965795	0.8632005520724743	0.8507174172977283	0.	0.	0.	0.	0.	0.	0.	0.	0.	0.	0.	0.	0.	0.	0.	0.	0.	0.	0.002080128909397202	0.0032302112851836083	0.023814268632921482	0.002080128909397202	0.0032302112851836083	0.023814268632921482	0.	0.	0.	0.	0.	0.	0.0014209331282502016	0.0014389122997636075	0.009027500996412915	0.0014209331282502016	0.0014389122997636075	0.009027500996412915	0.	0.	0.	0.	0.	0.	0.	0.	0.	0.	0.	0.	0.	0.	0.	0.	0.	0.	0.	0.	0.	0.	0.	0.	0.	0.	0.	0.	0.	0.	71.4634732293269	72.38672970472933	373.1303308090873	71.4634732293269	72.38672970472933	373.1303308090873	0.	0.	0.	0.	0.	0.	0.	0.	0.	0.	0.	0.	0.	0.	0.	0.	0.	0.	0.	0.	0.	0.	0.	0.	0.	0.	0.	0.	0.	0.	0.	0.	0.	0.	0.	0.
0.8677620246502006	1.	1.	1.	1.	1.	1.	0.0757569014878436	0.07491542524778919	-0.20727380248373745	0.0757569014878436	0.07491542524778919	-0.20727380248373745	0.0020470829068577278	0.003175262626862128	0.023418095801301005	0.0020470829068577278	0.003175262626862128	0.023418095801301005	0.	0.	0.	0.	0.	0.	0.	0.	0.	0.	0.	0.	0.0757569014878436	0.07491542524778919	-0.20727380248373745	0.0757569014878436	0.07491542524778919	-0.20727380248373745	0.8644030083218371	0.8645171820286071	0.8539917208752217	0.8644030083218371	0.8645171820286071	0.8539917208752217	0.	0.	0.	0.	0.	0.	0.	0.	0.	0.	0.	0.	0.	0.	0.	0.	0.	0.	0.0020470829068577278	0.003175262626862128	0.023418095801301005	0.0020470829068577278	0.003175262626862128	0.023418095801301005	0.	0.	0.	0.	0.	0.	0.0013795558720128165	0.0014095792035135617	0.008673368815296668	0.0013795558720128165	0.0014095792035135617	0.008673368815296668	0.	0.	0.	0.	0.	0.	0.	0.	0.	0.	0.	0.	0.	0.	0.	0.	0.	0.	0.	0.	0.	0.	0.	0.	0.	0.	0.	0.	0.	0.	69.85706021093854	70.57414386610482	357.39992115119253	69.85706021093854	70.57414386610482	357.39992115119253	0.	0.	0.	0.	0.	0.	0.	0.	0.	0.	0.	0.	0.	0.	0.	0.	0.	0.	0.	0.	0.	0.	0.	0.	0.	0.	0.	0.	0.	0.	0.	0.	0.	0.	0.	0.
0.8750612633917001	1.	1.	1.	1.	1.	1.	0.07353829382908829	0.0724530969281065	-0.20423043181596648	0.07353829382908829	0.0724530969281065	-0.20423043181596648	0.002003447107523239	0.0031219627131623125	0.023023686519153912	0.002003447107523239	0.0031219627131623125	0.023023686519153912	0.	0.	0.	0.	0.	0.	0.	0.	0.	0.	0.	0.	0.07353829382908829	0.0724530969281065	-0.20423043181596648	0.07353829382908829	0.0724530969281065	-0.20423043181596648	0.867448403871367	0.8675522045180103	0.8572570425967443	0.867448403871367	0.8675522045180103	0.8572570425967443	0.	0.	0.	0.	0.	0.	0.	0.	0.	0.	0.	0.	0.	0.	0.	0.	0.	0.	0.002003447107523239	0.0031219627131623125	0.023023686519153912	0.002003447107523239	0.0031219627131623125	0.023023686519153912	0.	0.	0.	0.	0.	0.	0.0013258105858609667	0.0013548140075987393	0.008343893166975338	0.0013258105858609667	0.0013548140075987393	0.008343893166975338	0.	0.	0.	0.	0.	0.	0.	0.	0.	0.	0.	0.	0.	0.	0.	0.	0.	0.	0.	0.	0.	0.	0.	0.	0.	0.	0.	0.	0.	0.	67.14242151937894	67.82870438547404	342.1662930110147	67.14242151937894	67.82870438547404	342.1662930110147	0.	0.	0.	0.	0.	0.	0.	0.	0.	0.	0.	0.	0.	0.	0.	0.	0.	0.	0.	0.	0.	0.	0.	0.	0.	0.	0.	0.	0.	0.	0.	0.	0.	0.	0.	0.
0.8822398480188235	1.	0.9999999999999999	1.	1.	0.9999999999999999	1.	0.07397098015990525	0.0733784604446551	-0.1980381914214406	0.07397098015990525	0.0733784604446551	-0.1980381914214406	0.0019692034350014807	0.003066076163109327	0.022616905604890977	0.0019692034350014807	0.003066076163109327	0.022616905604890977	0.	0.	0.	0.	0.	0.	0.	0.	0.	0.	0.	0.	0.07397098015990525	0.0733784604446551	-0.1980381914214406	0.07397098015990525	0.0733784604446551	-0.1980381914214406	0.8692922712466686	0.8693140580332676	0.8596939269061853	0.8692922712466686	0.8693140580332676	0.8596939269061853	0.	0.	0.	0.	0.	0.	0.	0.	0.	0.	0.	0.	0.	0.	0.	0.	0.	0.	0.0019692034350014807	0.003066076163109327	0.022616905604890977	0.0019692034350014807	0.003066076163109327	0.022616905604890977	0.	0.	0.	0.	0.	0.	0.0012881255552265323	0.0013182646305156043	0.008048445450500125	0.0012881255552265323	0.0013182646305156043	0.008048445450500125	0.	0.	0.	0.	0.	0.	0.	0.	0.	0.	0.	0.	0.	0.	0.	0.	0.	0.	0.	0.	0.	0.	0.	0.	0.	0.	0.	0.	0.	0.	65.27517026946994	65.96043724912239	329.41472710739646	65.27517026946994	65.96043724912239	329.41472710739646	0.	0.	0.	0.	0.	0.	0.	0.	0.	0.	0.	0.	0.	0.	0.	0.	0.	0.	0.	0.	0.	0.	0.	0.	0.	0.	0.	0.	0.	0.	0.	0.	0.	0.	0.	0.
0.8893017025063102	1.	1.	1.	1.	1.	1.	0.07582222222222222	0.07513310691562727	-0.19533634008252568	0.07582222222222222	0.07513310691562727	-0.19533634008252568	0.0019407407407407407	0.0030106633841042903	0.0222819307168218	0.0019407407407407407	0.0030106633841042903	0.0222819307168218	0.	0.	0.	0.	0.	0.	0.	0.	0.	0.	0.	0.	0.07582222222222222	0.07513310691562727	-0.19533634008252568	0.07582222222222222	0.07513310691562727	-0.19533634008252568	0.8707851851851851	0.87074910644104	0.8623740523942041	0.8707851851851851	0.87074910644104	0.8623740523942041	0.	0.	0.	0.	0.	0.	0.	0.	0.	0.	0.	0.	0.	0.	0.	0.	0.	0.	0.0019407407407407407	0.0030106633841042903	0.0222819307168218	0.0019407407407407407	0.0030106633841042903	0.0222819307168218	0.	0.	0.	0.	0.	0.	0.0012444444444444443	0.0012754534533643792	0.007791958545245178	0.0012444444444444443	0.0012754534533643792	0.007791958545245178	0.	0.	0.	0.	0.	0.	0.	0.	0.	0.	0.	0.	0.	0.	0.	0.	0.	0.	0.	0.	0.	0.	0.	0.	0.	0.	0.	0.	0.	0.	63.23574814814814	63.99040443739155	317.0965934171385	63.23574814814814	63.99040443739155	317.0965934171385	0.	0.	0.	0.	0.	0.	0.	0.	0.	0.	0.	0.	0.	0.	0.	0.	0.	0.	0.	0.	0.	0.	0.	0.	0.	0.	0.	0.	0.	0.	0.	0.	0.	0.	0.	0.
0.8962505624616381	1.	0.9999999999999999	1.	1.	0.9999999999999999	1.	0.07344424088410852	0.07305807635938355	-0.19321104387291982	0.07344424088410852	0.07305807635938355	-0.19321104387291982	0.001905915726020921	0.00296081363158596	0.021917549167927382	0.001905915726020921	0.00296081363158596	0.021917549167927382	0.	0.	0.	0.	0.	0.	0.	0.	0.	0.	0.	0.	0.07344424088410852	0.07305807635938355	-0.19321104387291982	0.07344424088410852	0.07305807635938355	-0.19321104387291982	0.8736481295431713	0.8735584538631216	0.8654878971255672	0.8736481295431713	0.8735584538631216	0.8654878971255672	0.	0.	0.	0.	0.	0.	0.	0.	0.	0.	0.	0.	0.	0.	0.	0.	0.	0.	0.001905915726020921	0.00296081363158596	0.021917549167927382	0.001905915726020921	0.00296081363158596	0.021917549167927382	0.	0.	0.	0.	0.	0.	0.001211512321966787	0.0012287376571081731	0.007488653555219365	0.001211512321966787	0.0012287376571081731	0.007488653555219365	0.	0.	0.	0.	0.	0.	0.	0.	0.	0.	0.	0.	0.	0.	0.	0.	0.	0.	0.	0.	0.	0.	0.	0.	0.	0.	0.	0.	0.	0.	60.926673955439995	61.69197175383795	303.65	60.926673955439995	61.69197175383795	303.65	0.	0.	0.	0.	0.	0.	0.	0.	0.	0.	0.	0.	0.	0.	0.	0.	0.	0.	0.	0.	0.	0.	0.	0.	0.	0.	0.	0.	0.	0.	0.	0.	0.	0.	0.	0.
0.9030899869919435	1.	1.	1.	1.	1.	1.	0.07453067257945306	0.07371221639198876	-0.18959554954142233	0.07453067257945306	0.07371221639198876	-0.18959554954142233	0.001877309682187731	0.0029266129628261034	0.021556908735528492	0.001877309682187731	0.0029266129628261034	0.021556908735528492	0.	0.	0.	0.	0.	0.	0.	0.	0.	0.	0.	0.	0.07453067257945306	0.07371221639198876	-0.18959554954142233	0.07453067257945306	0.07371221639198876	-0.18959554954142233	0.8751367331855138	0.8751903037469514	0.8679897759735379	0.8751367331855138	0.8751903037469514	0.8679897759735379	0.	0.	0.	0.	0.	0.	0.	0.	0.	0.	0.	0.	0.	0.	0.	0.	0.	0.	0.001877309682187731	0.0029266129628261034	0.021556908735528492	0.001877309682187731	0.0029266129628261034	0.021556908735528492	0.	0.	0.	0.	0.	0.	0.0011677753141167777	0.0011972507575197693	0.007235754021951586	0.0011677753141167777	0.0011972507575197693	0.007235754021951586	0.	0.	0.	0.	0.	0.	0.	0.	0.	0.	0.	0.	0.	0.	0.	0.	0.	0.	0.	0.	0.	0.	0.	0.	0.	0.	0.	0.	0.	0.	59.20422764227642	59.847860468553684	292.56649376033675	59.20422764227642	59.847860468553684	292.56649376033675	0.	0.	0.	0.	0.	0.	0.	0.	0.	0.	0.	0.	0.	0.	0.	0.	0.	0.	0.	0.	0.	0.	0.	0.	0.	0.	0.	0.	0.	0.	0.	0.	0.	0.	0.	0.
0.909823369650912	1.	1.	1.	1.	1.	1.	0.07312710746224894	0.07295627027582462	-0.18551371455137144	0.07312710746224894	0.07295627027582462	-0.18551371455137144	0.0018325758686409618	0.0028624693568985514	0.02123663412366341	0.0018325758686409618	0.0028624693568985514	0.02123663412366341	0.	0.	0.	0.	0.	0.	0.	0.	0.	0.	0.	0.	0.07312710746224894	0.07295627027582462	-0.18551371455137144	0.07312710746224894	0.07295627027582462	-0.18551371455137144	0.8775106289400382	0.8773982355445298	0.8703300790330079	0.8775106289400382	0.8773982355445298	0.8703300790330079	0.	0.	0.	0.	0.	0.	0.	0.	0.	0.	0.	0.	0.	0.	0.	0.	0.	0.	0.0018325758686409618	0.0028624693568985514	0.02123663412366341	0.0018325758686409618	0.0028624693568985514	0.02123663412366341	0.	0.	0.	0.	0.	0.	0.0011288667350828326	0.0011449877427594205	0.006992096699209669	0.0011288667350828326	0.0011449877427594205	0.006992096699209669	0.	0.	0.	0.	0.	0.	0.	0.	0.	0.	0.	0.	0.	0.	0.	0.	0.	0.	0.	0.	0.	0.	0.	0.	0.	0.	0.	0.	0.	0.	56.95398035478669	57.64389413267179	281.7759367735936	56.95398035478669	57.64389413267179	281.7759367735936	0.	0.	0.	0.	0.	0.	0.	0.	0.	0.	0.	0.	0.	0.	0.	0.	0.	0.	0.	0.	0.	0.	0.	0.	0.	0.	0.	0.	0.	0.	0.	0.	0.	0.	0.	0.
0.9164539485499251	1.	1.	1.	1.	1.	1.	0.07367708118613621	0.07264328586559962	-0.18107018918616366	0.07367708118613621	0.07264328586559962	-0.18107018918616366	0.0018110073912659384	0.0028245263034012	0.020896302100824656	0.0018110073912659384	0.0028245263034012	0.020896302100824656	0.	0.	0.	0.	0.	0.	0.	0.	0.	0.	0.	0.	0.07367708118613621	0.07264328586559962	-0.18107018918616366	0.07367708118613621	0.07264328586559962	-0.18107018918616366	0.8790011484437115	0.8791632340826174	0.8721594089331691	0.8790011484437115	0.8791632340826174	0.8721594089331691	0.	0.	0.	0.	0.	0.	0.	0.	0.	0.	0.	0.	0.	0.	0.	0.	0.	0.	0.0018110073912659384	0.0028245263034012	0.020896302100824656	0.0018110073912659384	0.0028245263034012	0.020896302100824656	0.	0.	0.	0.	0.	0.	0.0011042727995524014	0.001118041661762975	0.006791298182768014	0.0011042727995524014	0.001118041661762975	0.006791298182768014	0.	0.	0.	0.	0.	0.	0.	0.	0.	0.	0.	0.	0.	0.	0.	0.	0.	0.	0.	0.	0.	0.	0.	0.	0.	0.	0.	0.	0.	0.	55.47427780558909	56.01356361068612	273.3569536176723	55.47427780558909	56.01356361068612	273.3569536176723	0.	0.	0.	0.	0.	0.	0.	0.	0.	0.	0.	0.	0.	0.	0.	0.	0.	0.	0.	0.	0.	0.	0.	0.	0.	0.	0.	0.	0.	0.	0.	0.	0.	0.	0.	0.
0.9229848157088828	1.	0.9999999999999999	1.	1.	0.9999999999999999	1.	0.07419723426696356	0.07334046324919055	-0.17711035351663826	0.07419723426696356	0.07334046324919055	-0.17711035351663826	0.0017871791866869804	0.0027835972867251706	0.020621803898317647	0.0017871791866869804	0.0027835972867251706	0.020621803898317647	0.	0.	0.	0.	0.	0.	0.	0.	0.	0.	0.	0.	0.07419723426696356	0.07334046324919055	-0.17711035351663826	0.07419723426696356	0.07334046324919055	-0.17711035351663826	0.8808303058713233	0.8809352886883396	0.8741754984065812	0.8808303058713233	0.8809352886883396	0.8741754984065812	0.	0.	0.	0.	0.	0.	0.	0.	0.	0.	0.	0.	0.	0.	0.	0.	0.	0.	0.0017871791866869804	0.0027835972867251706	0.020621803898317647	0.0017871791866869804	0.0027835972867251706	0.020621803898317647	0.	0.	0.	0.	0.	0.	0.001054728700339857	0.001084137890619277	0.006577484621655673	0.001054728700339857	0.001084137890619277	0.006577484621655673	0.	0.	0.	0.	0.	0.	0.	0.	0.	0.	0.	0.	0.	0.	0.	0.	0.	0.	0.	0.	0.	0.	0.	0.	0.	0.	0.	0.	0.	0.	53.62428219852338	54.18147589258244	264.1312161861706	53.62428219852338	54.18147589258244	264.1312161861706	0.	0.	0.	0.	0.	0.	0.	0.	0.	0.	0.	0.	0.	0.	0.	0.	0.	0.	0.	0.	0.	0.	0.	0.	0.	0.	0.	0.	0.	0.	0.	0.	0.	0.	0.	0.
0.9294189257142927	1.	1.	1.	1.	1.	1.	0.07461132187755709	0.07443732299895664	-0.17596433204816636	0.07461132187755709	0.07443732299895664	-0.17596433204816636	0.0017555605147660494	0.0027425845878670447	0.020282493102125095	0.0017555605147660494	0.0027425845878670447	0.020282493102125095	0.	0.	0.	0.	0.	0.	0.	0.	0.	0.	0.	0.	0.07461132187755709	0.07443732299895664	-0.17596433204816636	0.07461132187755709	0.07443732299895664	-0.17596433204816636	0.8821096481440156	0.881934714562528	0.8769894202130577	0.8821096481440156	0.881934714562528	0.8769894202130577	0.	0.	0.	0.	0.	0.	0.	0.	0.	0.	0.	0.	0.	0.	0.	0.	0.	0.	0.0017555605147660494	0.0027425845878670447	0.020282493102125095	0.0017555605147660494	0.0027425845878670447	0.020282493102125095	0.	0.	0.	0.	0.	0.	0.0010414342036747751	0.001058279922492175	0.006340563158952621	0.0010414342036747751	0.001058279922492175	0.006340563158952621	0.	0.	0.	0.	0.	0.	0.	0.	0.	0.	0.	0.	0.	0.	0.	0.	0.	0.	0.	0.	0.	0.	0.	0.	0.	0.	0.	0.	0.	0.	52.535297180688836	53.23177820837682	253.49328485025674	52.535297180688836	53.23177820837682	253.49328485025674	0.	0.	0.	0.	0.	0.	0.	0.	0.	0.	0.	0.	0.	0.	0.	0.	0.	0.	0.	0.	0.	0.	0.	0.	0.	0.	0.	0.	0.	0.	0.	0.	0.	0.	0.	0.
0.9357591037453117	1.	1.	1.	1.	1.	1.	0.07728678482217201	0.07667489369294361	-0.171146969669468	0.07728678482217201	0.07667489369294361	-0.171146969669468	0.0017396217437849412	0.0027059977995182736	0.020002541157678837	0.0017396217437849412	0.0027059977995182736	0.020002541157678837	0.	0.	0.	0.	0.	0.	0.	0.	0.	0.	0.	0.	0.07728678482217201	0.07667489369294361	-0.171146969669468	0.07728678482217201	0.07667489369294361	-0.171146969669468	0.8830884976805045	0.8830771060691666	0.8787504764670648	0.8830884976805045	0.8830771060691666	0.8787504764670648	0.	0.	0.	0.	0.	0.	0.	0.	0.	0.	0.	0.	0.	0.	0.	0.	0.	0.	0.0017396217437849412	0.0027059977995182736	0.020002541157678837	0.0017396217437849412	0.0027059977995182736	0.020002541157678837	0.	0.	0.	0.	0.	0.	0.0010110622100630428	0.0010259002646525323	0.006153231808033689	0.0010110622100630428	0.0010259002646525323	0.006153231808033689	0.	0.	0.	0.	0.	0.	0.	0.	0.	0.	0.	0.	0.	0.	0.	0.	0.	0.	0.	0.	0.	0.	0.	0.	0.	0.	0.	0.	0.	0.	51.092705483525634	51.68619346397455	245.3804657579003	51.092705483525634	51.68619346397455	245.3804657579003	0.	0.	0.	0.	0.	0.	0.	0.	0.	0.	0.	0.	0.	0.	0.	0.	0.	0.	0.	0.	0.	0.	0.	0.	0.	0.	0.	0.	0.	0.	0.	0.	0.	0.	0.	0.
0.9420080530223133	1.	1.	1.	1.	1.	1.	0.07226802315383267	0.07193318609311238	-0.16654903451146463	0.07226802315383267	0.07193318609311238	-0.16654903451146463	0.0016956089574928375	0.002647398674838012	0.019689813055359502	0.0016956089574928375	0.002647398674838012	0.019689813055359502	0.	0.	0.	0.	0.	0.	0.	0.	0.	0.	0.	0.	0.07226802315383267	0.07193318609311238	-0.16654903451146463	0.07226802315383267	0.07193318609311238	-0.16654903451146463	0.8862626439805884	0.8862203630300283	0.880359049532186	0.8862626439805884	0.8862203630300283	0.880359049532186	0.	0.	0.	0.	0.	0.	0.	0.	0.	0.	0.	0.	0.	0.	0.	0.	0.	0.	0.0016956089574928375	0.002647398674838012	0.019689813055359502	0.0016956089574928375	0.002647398674838012	0.019689813055359502	0.	0.	0.	0.	0.	0.	0.0009647430275390284	0.0009799763050505348	0.0059720940333351435	0.0009647430275390284	0.0009799763050505348	0.0059720940333351435	0.	0.	0.	0.	0.	0.	0.	0.	0.	0.	0.	0.	0.	0.	0.	0.	0.	0.	0.	0.	0.	0.	0.	0.	0.	0.	0.	0.	0.	0.	48.938168742325914	49.5015869765537	238.20486092259804	48.938168742325914	49.5015869765537	238.20486092259804	0.	0.	0.	0.	0.	0.	0.	0.	0.	0.	0.	0.	0.	0.	0.	0.	0.	0.	0.	0.	0.	0.	0.	0.	0.	0.	0.	0.	0.	0.	0.	0.	0.	0.	0.	0.
0.9481683617271317	1.	0.9999999999999999	1.	1.	0.9999999999999999	1.	0.0726940423901188	0.07111980238781392	-0.16088195535420702	0.0726940423901188	0.07111980238781392	-0.16088195535420702	0.0016655366565457063	0.0026171852026113038	0.019436630009864456	0.0016655366565457063	0.0026171852026113038	0.019436630009864456	0.	0.	0.	0.	0.	0.	0.	0.	0.	0.	0.	0.	0.0726940423901188	0.07111980238781392	-0.16088195535420702	0.0726940423901188	0.07111980238781392	-0.16088195535420702	0.8874952097397046	0.8877992119037816	0.8815717365094443	0.8874952097397046	0.8877992119037816	0.8815717365094443	0.	0.	0.	0.	0.	0.	0.	0.	0.	0.	0.	0.	0.	0.	0.	0.	0.	0.	0.0016655366565457063	0.0026171852026113038	0.019436630009864456	0.0016655366565457063	0.0026171852026113038	0.019436630009864456	0.	0.	0.	0.	0.	0.	0.0009433127966276567	0.0009557136975827795	0.005827335501077783	0.0009433127966276567	0.0009557136975827795	0.005827335501077783	0.	0.	0.	0.	0.	0.	0.	0.	0.	0.	0.	0.	0.	0.	0.	0.	0.	0.	0.	0.	0.	0.	0.	0.	0.	0.	0.	0.	0.	0.	47.903015653096716	48.304269834735045	232.28656242007966	47.903015653096716	48.304269834735045	232.28656242007966	0.	0.	0.	0.	0.	0.	0.	0.	0.	0.	0.	0.	0.	0.	0.	0.	0.	0.	0.	0.	0.	0.	0.	0.	0.	0.	0.	0.	0.	0.	0.	0.	0.	0.	0.	0.
0.9542425094393249	1.	1.	1.	1.	1.	1.	0.07603386519049171	0.07582896257445107	-0.16087950559068337	0.07603386519049171	0.07582896257445107	-0.16087950559068337	0.0016577365974956338	0.0025928230657539936	0.01916550566212982	0.0016577365974956338	0.0025928230657539936	0.01916550566212982	0.	0.	0.	0.	0.	0.	0.	0.	0.	0.	0.	0.	0.07603386519049171	0.07582896257445107	-0.16087950559068337	0.07603386519049171	0.07582896257445107	-0.16087950559068337	0.8880879784494243	0.8880048596912319	0.8842925016968528	0.8880879784494243	0.8880048596912319	0.8842925016968528	0.	0.	0.	0.	0.	0.	0.	0.	0.	0.	0.	0.	0.	0.	0.	0.	0.	0.	0.0016577365974956338	0.0025928230657539936	0.01916550566212982	0.0016577365974956338	0.0025928230657539936	0.01916550566212982	0.	0.	0.	0.	0.	0.	0.0009324768360912941	0.0009482324354757461	0.005626406601650412	0.0009324768360912941	0.0009482324354757461	0.005626406601650412	0.	0.	0.	0.	0.	0.	0.	0.	0.	0.	0.	0.	0.	0.	0.	0.	0.	0.	0.	0.	0.	0.	0.	0.	0.	0.	0.	0.	0.	0.	46.883277582072765	47.442380063413054	222.61133140427964	46.883277582072765	47.442380063413054	222.61133140427964	0.	0.	0.	0.	0.	0.	0.	0.	0.	0.	0.	0.	0.	0.	0.	0.	0.	0.	0.	0.	0.	0.	0.	0.	0.	0.	0.	0.	0.	0.	0.	0.	0.	0.	0.	0.
0.9602328731285124	1.	1.	1.	1.	1.	1.	0.07863237645511738	0.07804098458597204	-0.1575022301516503	0.07863237645511738	0.07804098458597204	-0.1575022301516503	0.0016437782991377634	0.002569004660054965	0.018893844781445138	0.0016437782991377634	0.002569004660054965	0.018893844781445138	0.	0.	0.	0.	0.	0.	0.	0.	0.	0.	0.	0.	0.07863237645511738	0.07804098458597204	-0.1575022301516503	0.07863237645511738	0.07804098458597204	-0.1575022301516503	0.8887909263437889	0.8888457402318078	0.8859589652096341	0.8887909263437889	0.8888457402318078	0.8859589652096341	0.	0.	0.	0.	0.	0.	0.	0.	0.	0.	0.	0.	0.	0.	0.	0.	0.	0.	0.0016437782991377634	0.002569004660054965	0.018893844781445138	0.0016437782991377634	0.002569004660054965	0.018893844781445138	0.	0.	0.	0.	0.	0.	0.0009115497840673053	0.000926036563508185	0.005477252453166815	0.0009115497840673053	0.000926036563508185	0.005477252453166815	0.	0.	0.	0.	0.	0.	0.	0.	0.	0.	0.	0.	0.	0.	0.	0.	0.	0.	0.	0.	0.	0.	0.	0.	0.	0.	0.	0.	0.	0.	46.05656091692942	46.536279722786475	216.0408563782337	46.05656091692942	46.536279722786475	216.0408563782337	0.	0.	0.	0.	0.	0.	0.	0.	0.	0.	0.	0.	0.	0.	0.	0.	0.	0.	0.	0.	0.	0.	0.	0.	0.	0.	0.	0.	0.	0.	0.	0.	0.	0.	0.	0.
0.9661417327390326	1.	1.	1.	1.	1.	1.	0.07749412359784581	0.07641230558980376	-0.1559333463470036	0.07749412359784581	0.07641230558980376	-0.1559333463470036	0.001606712487726502	0.002525290036988072	0.018650955617469076	0.001606712487726502	0.002525290036988072	0.018650955617469076	0.	0.	0.	0.	0.	0.	0.	0.	0.	0.	0.	0.	0.07749412359784581	0.07641230558980376	-0.1559333463470036	0.07749412359784581	0.07641230558980376	-0.1559333463470036	0.8907584278020768	0.8909371796966681	0.8877748398431261	0.8907584278020768	0.8909371796966681	0.8877748398431261	0.	0.	0.	0.	0.	0.	0.	0.	0.	0.	0.	0.	0.	0.	0.	0.	0.	0.	0.001606712487726502	0.002525290036988072	0.018650955617469076	0.001606712487726502	0.002525290036988072	0.018650955617469076	0.	0.	0.	0.	0.	0.	0.0008777410812579963	0.0008912788365840253	0.005306028286986921	0.0008777410812579963	0.0008912788365840253	0.005306028286986921	0.	0.	0.	0.	0.	0.	0.	0.	0.	0.	0.	0.	0.	0.	0.	0.	0.	0.	0.	0.	0.	0.	0.	0.	0.	0.	0.	0.	0.	0.	44.494212859650695	44.8936258708537	209.3500026618871	44.494212859650695	44.8936258708537	209.3500026618871	0.	0.	0.	0.	0.	0.	0.	0.	0.	0.	0.	0.	0.	0.	0.	0.	0.	0.	0.	0.	0.	0.	0.	0.	0.	0.	0.	0.	0.	0.	0.	0.	0.	0.	0.	0.
0.9719712763997564	0.9999999999999999	1.	0.9999999999999999	0.9999999999999999	1.	0.9999999999999999	0.07741358760429082	0.07744520527464642	-0.148706319304323	0.07741358760429082	0.07744520527464642	-0.148706319304323	0.0015941597139451727	0.0024967855754567474	0.018374015677731552	0.0015941597139451727	0.0024967855754567474	0.018374015677731552	0.	0.	0.	0.	0.	0.	0.	0.	0.	0.	0.	0.	0.07741358760429082	0.07744520527464642	-0.148706319304323	0.07741358760429082	0.07744520527464642	-0.148706319304323	0.892103694874851	0.8919205812875639	0.8886666785707908	0.892103694874851	0.8919205812875639	0.8886666785707908	0.	0.	0.	0.	0.	0.	0.	0.	0.	0.	0.	0.	0.	0.	0.	0.	0.	0.	0.0015941597139451727	0.0024967855754567474	0.018374015677731552	0.0015941597139451727	0.0024967855754567474	0.018374015677731552	0.	0.	0.	0.	0.	0.	0.0008641239570917758	0.0008820978979158568	0.005178294019963217	0.0008641239570917758	0.0008820978979158568	0.005178294019963217	0.	0.	0.	0.	0.	0.	0.	0.	0.	0.	0.	0.	0.	0.	0.	0.	0.	0.	0.	0.	0.	0.	0.	0.	0.	0.	0.	0.	0.	0.	43.42339094159714	44.01453218909787	204.67016052711463	43.42339094159714	44.01453218909787	204.67016052711463	0.	0.	0.	0.	0.	0.	0.	0.	0.	0.	0.	0.	0.	0.	0.	0.	0.	0.	0.	0.	0.	0.	0.	0.	0.	0.	0.	0.	0.	0.	0.	0.	0.	0.	0.	0.
0.9777236052888477	0.9999999999999999	1.	0.9999999999999999	0.9999999999999999	1.	0.9999999999999999	0.07525160448812013	0.07504637530607702	-0.14404023529829924	0.07525160448812013	0.07504637530607702	-0.14404023529829924	0.0015563164213615547	0.002448616160866662	0.0181272103644991	0.0015563164213615547	0.002448616160866662	0.0181272103644991	0.	0.	0.	0.	0.	0.	0.	0.	0.	0.	0.	0.	0.07525160448812013	0.07504637530607702	-0.14404023529829924	0.07525160448812013	0.07504637530607702	-0.14404023529829924	0.8940815509804793	0.8940268605772799	0.88995717002257	0.8940815509804793	0.8940268605772799	0.88995717002257	0.	0.	0.	0.	0.	0.	0.	0.	0.	0.	0.	0.	0.	0.	0.	0.	0.	0.	0.0015563164213615547	0.002448616160866662	0.0181272103644991	0.0015563164213615547	0.002448616160866662	0.0181272103644991	0.	0.	0.	0.	0.	0.	0.0008300354247261624	0.0008458855828448468	0.005047184062272299	0.0008300354247261624	0.0008458855828448468	0.005047184062272299	0.	0.	0.	0.	0.	0.	0.	0.	0.	0.	0.	0.	0.	0.	0.	0.	0.	0.	0.	0.	0.	0.	0.	0.	0.	0.	0.	0.	0.	0.	42.02605718351194	42.51585664465386	198.98428975101743	42.02605718351194	42.51585664465386	198.98428975101743	0.	0.	0.	0.	0.	0.	0.	0.	0.	0.	0.	0.	0.	0.	0.	0.	0.	0.	0.	0.	0.	0.	0.	0.	0.	0.	0.	0.	0.	0.	0.	0.	0.	0.	0.	0.
0.9834007381805383	1.	1.	1.	1.	1.	1.	0.07811988695522831	0.07771619286012277	-0.14413330738886626	0.07811988695522831	0.07771619286012277	-0.14413330738886626	0.0015469284545589765	0.0024286310268788365	0.017919371672179864	0.0015469284545589765	0.0024286310268788365	0.017919371672179864	0.	0.	0.	0.	0.	0.	0.	0.	0.	0.	0.	0.	0.07811988695522831	0.07771619286012277	-0.14413330738886626	0.07811988695522831	0.07771619286012277	-0.14413330738886626	0.8947642421538005	0.8946748912330891	0.8920415347331552	0.8947642421538005	0.8946748912330891	0.8920415347331552	0.	0.	0.	0.	0.	0.	0.	0.	0.	0.	0.	0.	0.	0.	0.	0.	0.	0.	0.0015469284545589765	0.0024286310268788365	0.017919371672179864	0.0015469284545589765	0.0024286310268788365	0.017919371672179864	0.	0.	0.	0.	0.	0.	0.0008180871634686895	0.0008343763037129746	0.0048999663901222335	0.0008180871634686895	0.0008343763037129746	0.0048999663901222335	0.	0.	0.	0.	0.	0.	0.	0.	0.	0.	0.	0.	0.	0.	0.	0.	0.	0.	0.	0.	0.	0.	0.	0.	0.	0.	0.	0.	0.	0.	41.11932173136992	41.62895583765422	192.40411455661493	41.11932173136992	41.62895583765422	192.40411455661493	0.	0.	0.	0.	0.	0.	0.	0.	0.	0.	0.	0.	0.	0.	0.	0.	0.	0.	0.	0.	0.	0.	0.	0.	0.	0.	0.	0.	0.	0.	0.	0.	0.	0.	0.	0.
0.9890046156985368	1.	0.9999999999999999	0.9999999999999999	1.	0.9999999999999999	0.9999999999999999	0.07896984134118389	0.07893274041133963	-0.1403107056046782	0.07896984134118389	0.07893274041133963	-0.1403107056046782	0.0015281585689244463	0.0023887144509712605	0.01768415119596999	0.0015281585689244463	0.0023887144509712605	0.01768415119596999	0.	0.	0.	0.	0.	0.	0.	0.	0.	0.	0.	0.	0.07896984134118389	0.07893274041133963	-0.1403107056046782	0.07896984134118389	0.07893274041133963	-0.1403107056046782	0.895455975549463	0.8953472649970704	0.8932609997534082	0.895455975549463	0.8953472649970704	0.8932609997534082	0.	0.	0.	0.	0.	0.	0.	0.	0.	0.	0.	0.	0.	0.	0.	0.	0.	0.	0.0015281585689244463	0.0023887144509712605	0.01768415119596999	0.0015281585689244463	0.0023887144509712605	0.01768415119596999	0.	0.	0.	0.	0.	0.	0.0007940431779705456	0.0008112615116506167	0.00477331172719907	0.0007940431779705456	0.0008112615116506167	0.00477331172719907	0.	0.	0.	0.	0.	0.	0.	0.	0.	0.	0.	0.	0.	0.	0.	0.	0.	0.	0.	0.	0.	0.	0.	0.	0.	0.	0.	0.	0.	0.	40.38758296253015	40.913735859261145	187.4094127593617	40.38758296253015	40.913735859261145	187.4094127593617	0.	0.	0.	0.	0.	0.	0.	0.	0.	0.	0.	0.	0.	0.	0.	0.	0.	0.	0.	0.	0.	0.	0.	0.	0.	0.	0.	0.	0.	0.	0.	0.	0.	0.	0.	0.
0.9945371042984978	1.	0.9999999999999999	1.	1.	0.9999999999999999	1.	0.07715186220979268	0.07690484654579927	-0.14217443249701317	0.07715186220979268	0.07690484654579927	-0.14217443249701317	0.0014945028928249064	0.002355136864557412	0.017453638772011844	0.0014945028928249064	0.002355136864557412	0.017453638772011844	0.	0.	0.	0.	0.	0.	0.	0.	0.	0.	0.	0.	0.07715186220979268	0.07690484654579927	-0.14217443249701317	0.07715186220979268	0.07690484654579927	-0.14217443249701317	0.89773752977908	0.8977070742979025	0.8957456755493222	0.89773752977908	0.8977070742979025	0.8957456755493222	0.	0.	0.	0.	0.	0.	0.	0.	0.	0.	0.	0.	0.	0.	0.	0.	0.	0.	0.0014945028928249064	0.002355136864557412	0.017453638772011844	0.0014945028928249064	0.002355136864557412	0.017453638772011844	0.	0.	0.	0.	0.	0.	0.0007694470339296547	0.0007850456215191373	0.004623136460443614	0.0007694470339296547	0.0007850456215191373	0.004623136460443614	0.	0.	0.	0.	0.	0.	0.	0.	0.	0.	0.	0.	0.	0.	0.	0.	0.	0.	0.	0.	0.	0.	0.	0.	0.	0.	0.	0.	0.	0.	38.8780574421805	39.326801161275036	180.09481758523367	38.8780574421805	39.326801161275036	180.09481758523367	0.	0.	0.	0.	0.	0.	0.	0.	0.	0.	0.	0.	0.	0.	0.	0.	0.	0.	0.	0.	0.	0.	0.	0.	0.	0.	0.	0.	0.	0.	0.	0.	0.	0.	0.	0.
3	1.	0.9999999999999999	1.	1.	0.9999999999999999	1.	0.07715186220979268	0.07690484654579927	-0.14217443249701317	0.07715186220979268	0.07690484654579927	-0.14217443249701317	0.0014945028928249064	0.002355136864557412	0.017453638772011844	0.0014945028928249064	0.002355136864557412	0.017453638772011844	0.	0.	0.	0.	0.	0.	0.	0.	0.	0.	0.	0.	0.07715186220979268	0.07690484654579927	-0.14217443249701317	0.07715186220979268	0.07690484654579927	-0.14217443249701317	0.89773752977908	0.8977070742979025	0.8957456755493222	0.89773752977908	0.8977070742979025	0.8957456755493222	0.	0.	0.	0.	0.	0.	0.	0.	0.	0.	0.	0.	0.	0.	0.	0.	0.	0.	0.0014945028928249064	0.002355136864557412	0.017453638772011844	0.0014945028928249064	0.002355136864557412	0.017453638772011844	0.	0.	0.	0.	0.	0.	0.0007694470339296547	0.0007850456215191373	0.004623136460443614	0.0007694470339296547	0.0007850456215191373	0.004623136460443614	0.	0.	0.	0.	0.	0.	0.	0.	0.	0.	0.	0.	0.	0.	0.	0.	0.	0.	0.	0.	0.	0.	0.	0.	0.	0.	0.	0.	0.	0.	38.8780574421805	39.326801161275036	180.09481758523367	38.8780574421805	39.326801161275036	180.09481758523367	0.	0.	0.	0.	0.	0.	0.	0.	0.	0.	0.	0.	0.	0.	0.	0.	0.	0.	0.	0.	0.	0.	0.	0.	0.	0.	0.	0.	0.	0.	0.	0.	0.	0.	0.	0.
