0.125 4.95086820882286e-07 5.67555579885714e-07 0 1.3873222519619e-07 4.94538181638095e-07 0
0.25 4.95650462601752e-07 7.323007296e-07 0 1.46487111296152e-07 6.01044716038095e-07 0
0.375 5.8628616795901e-07 9.95421310171428e-07 0 1.34438184286476e-07 6.69093716419048e-07 0
0.5 5.63237951400076e-07 1.4142631928381e-06 0 1.52362946424381e-07 7.65978528609524e-07 0
0.625 6.47978427312305e-07 1.31940325424762e-06 0 1.55177991959162e-07 4.87992952685714e-07 0
0.75 4.41498866892952e-07 1.25201972860952e-06 0 1.50828548321067e-07 9.40607859809524e-07 0
0.875 3.81844339576381e-07 1.20467462598095e-06 0 1.4804195780541e-07 7.35000083961905e-07 0
1 4.55034835392762e-07 1.25007899017143e-06 0 1.34092235481905e-07 6.10826817828571e-07 0
1.125 4.80307541252267e-07 1.0438565856e-06 0 1.19982773034667e-07 7.35795917866667e-07 0
1.25 3.89450983845181e-07 1.15386708937143e-06 0 1.32205122733257e-07 5.27251751161905e-07 0
1.375 3.90675275712152e-07 9.25444180266667e-07 0 1.26703731128381e-07 9.14626849523809e-07 0
1.5 3.21878013552762e-07 1.18422870460952e-06 0 1.41381531832381e-07 7.76777794895238e-07 0
1.625 4.31626498740267e-07 7.37105839695238e-07 0 1.62751613596648e-07 1.02312503268571e-06 0
1.75 3.65108493087543e-07 9.11190980571428e-07 0 1.36416756312381e-07 6.25737559771429e-07 0
1.875 3.81334250695771e-07 7.61949678933333e-07 0 1.35129660462933e-07 1.10256948434286e-06 0
2 3.56893707456609e-07 8.84151176533333e-07 0 1.31263997182324e-07 8.48748161828571e-07 0
2.125 3.64743471384076e-07 6.58738962590476e-07 0 1.53187763806781e-07 8.018566304e-07 0
2.25 3.05950781433905e-07 5.91555813180952e-07 0 1.27850195984152e-07 6.95991090590476e-07 0
2.375 3.41344791500343e-07 7.27687965866667e-07 0 1.34598678907429e-07 8.69140795885714e-07 0
2.5 3.2887961379901e-07 8.69178016609524e-07 0 1.51629272164571e-07 1.09357477394286e-06 0
2.625 3.16263647845181e-07 6.0023324312381e-07 0 1.43173076644114e-07 9.16070556190476e-07 0
2.75 3.12878369331352e-07 6.74604033980952e-07 0 1.31275810695619e-07 8.71249381638095e-07 0
2.875 3.51346782147048e-07 7.234846304e-07 0 1.22196628731276e-07 9.45015949866667e-07 0
3 3.68971473742781e-07 5.82358030780952e-07 0 1.42848041908876e-07 1.18092685577143e-06 0
3.125 3.17271903438933e-07 6.01972281447619e-07 0 1.43950861762133e-07 1.19542102278095e-06 0
3.25 3.28464169019733e-07 5.38173439238095e-07 0 1.29307299613714e-07 1.07120216685714e-06 0
3.375 2.82564749202438e-07 5.52719289142857e-07 0 1.36886526148724e-07 7.82410933028571e-07 0
3.5 3.15828852587124e-07 5.90864468571429e-07 0 1.24574535955962e-07 1.03355217554286e-06 0
3.625 2.91555111367924e-07 5.59090962133333e-07 0 1.44713774698057e-07 1.049981728e-06 0
3.75 3.12835029489067e-07 7.39042544761905e-07 0 1.34798764818286e-07 9.68581827047619e-07 0
3.875 3.01755431853257e-07 7.58581336685714e-07 0 1.29530538756114e-07 1.14241663634286e-06 0
4 3.08705824677333e-07 5.42807694933333e-07 0 1.21389745218895e-07 1.03830848015238e-06 0
4.125 2.97422099878705e-07 6.7977333912381e-07 0 1.10001076891429e-07 1.08085595352381e-06 0
4.25 2.92432685845181e-07 5.78151552761905e-07 0 1.12585724908952e-07 1.25781139718095e-06 0
4.375 2.55392974111848e-07 6.07883016380952e-07 0 1.22625937962819e-07 1.07763279801905e-06 0
4.5 2.51334100913219e-07 6.49546459733333e-07 0 1.19249080605714e-07 1.14600902217143e-06 0
4.625 2.72305459889676e-07 5.90275037104762e-07 0 1.15386007732114e-07 1.31795280990476e-06 0
4.75 2.21790586880762e-07 6.27878923428571e-07 0 1.19352459605943e-07 1.16026249249524e-06 0
4.875 3.21034225482819e-07 5.514440704e-07 0 1.27944198286781e-07 1.2688460984381e-06 0
5 2.76463937172876e-07 5.93847783009524e-07 0 1.29798007041981e-07 1.31511269165714e-06 0
5.125 2.68218648399391e-07 6.16247950628572e-07 0 1.06553428149486e-07 1.10935376579048e-06 0
5.25 2.42547111664762e-07 5.40598345142857e-07 0 1.09784973635657e-07 1.12202261318095e-06 0
5.375 2.549158661152e-07 6.6799632472381e-07 0 1.061570277088e-07 1.33326099032381e-06 0
5.5 2.57441779800381e-07 6.4124979047619e-07 0 1.04340564318324e-07 1.37475557699048e-06 0
5.625 2.78053259920914e-07 6.06365632914286e-07 0 9.99472650334476e-08 1.14476104868571e-06 0
5.75 2.61215459793067e-07 6.68655101866667e-07 0 1.05782700309181e-07 1.16774943024762e-06 0
5.875 2.59256749964343e-07 6.21986636342857e-07 0 1.07211323123657e-07 1.30066060769524e-06 0
6 2.49732607675124e-07 6.33772208e-07 0 1.19440818396495e-07 1.23331475824762e-06 0
6.125 2.70034611616152e-07 7.15502923885714e-07 0 1.11225097177448e-07 1.30032013059048e-06 0
6.25 2.4626555304701e-07 7.12518480761905e-07 0 1.03141402353067e-07 1.26069266620952e-06 0
6.375 2.60361391870629e-07 7.28429927161905e-07 0 1.02862155877486e-07 1.2111316807619e-06 0
6.5 2.76557669664305e-07 6.49582191238095e-07 0 1.03742810775619e-07 1.3152342368e-06 0
6.625 2.72459548112762e-07 6.61497873371429e-07 0 9.76577892472381e-08 1.31617684358095e-06 0
6.75 2.27673221199848e-07 6.04779091961905e-07 0 9.81540682377143e-08 1.33235403702857e-06 0
6.875 2.55278130102552e-07 7.32675070171429e-07 0 9.82251504047238e-08 1.15003209874286e-06 0
7 2.22853555786514e-07 6.281907072e-07 0 9.21412372708572e-08 1.29870881950476e-06 0
7.125 2.53769781175924e-07 6.39977416533333e-07 0 1.04009413304838e-07 1.15151797942857e-06 0
7.25 2.54266194414629e-07 5.86316373942857e-07 0 8.69351902742857e-08 1.33282334293333e-06 0
7.375 2.39619154765257e-07 6.11020363733333e-07 0 8.22793877545143e-08 1.3551290336e-06 0
7.5 2.27086430712533e-07 6.01879862704762e-07 0 9.16240249892571e-08 1.34416734049524e-06 0
7.625 2.17901637062857e-07 6.42075049142857e-07 0 9.34334235663238e-08 1.33980078506667e-06 0
7.75 2.06847968007314e-07 6.39216654171428e-07 0 8.64820561225143e-08 1.52339388495238e-06 0
7.875 2.10626777240686e-07 6.65966657371429e-07 0 9.16090352591238e-08 1.40615293820952e-06 0
8 2.06681110655219e-07 6.22959391352381e-07 0 7.98183947798286e-08 1.3385944471619e-06 0
8.125 2.05431641701262e-07 6.32938036657143e-07 0 7.82114887012048e-08 1.35253249970714e-06 0
8.25 2.04182172747305e-07 6.42916681961905e-07 0 7.6604582622581e-08 1.36647055225238e-06 0
8.375 2.02932703793348e-07 6.52895327266667e-07 0 7.49976765439571e-08 1.38040860479762e-06 0
8.5 2.0168323483939e-07 6.62873972571429e-07 0 7.33907704653333e-08 1.39434665734286e-06 0
8.625 2.00433765885433e-07 6.72852617876191e-07 0 7.17838643867095e-08 1.4082847098881e-06 0
8.75 1.99184296931476e-07 6.82831263180952e-07 0 7.01769583080857e-08 1.42222276243333e-06 0
8.875 1.97934827977519e-07 6.92809908485714e-07 0 6.85700522294619e-08 1.43616081497857e-06 0
9 1.96685359023562e-07 7.02788553790476e-07 0 6.69631461508381e-08 1.45009886752381e-06 0
9.125 1.92825620667749e-07 7.04600160554762e-07 0 6.50655526692548e-08 1.43473162233571e-06 0
9.25 1.88965882311936e-07 7.06411767319048e-07 0 6.31679591876714e-08 1.41936437714762e-06 0
9.375 1.85106143956123e-07 7.08223374083333e-07 0 6.12703657060881e-08 1.40399713195952e-06 0
9.5 1.8124640560031e-07 7.10034980847619e-07 0 5.93727722245048e-08 1.38862988677143e-06 0
9.625 1.77386667244496e-07 7.11846587611905e-07 0 5.74751787429214e-08 1.37326264158333e-06 0
9.75 1.73526928888683e-07 7.13658194376191e-07 0 5.55775852613381e-08 1.35789539639524e-06 0
9.875 1.6966719053287e-07 7.15469801140476e-07 0 5.36799917797548e-08 1.34252815120714e-06 0
10 1.65807452177057e-07 7.17281407904762e-07 0 5.17823982981714e-08 1.32716090601905e-06 0
11 1.48275333861543e-07 7.00090970047619e-07 0 4.27190775453429e-08 1.18552892772381e-06 0
12 1.30743215546029e-07 6.82900532190476e-07 0 3.36557567925143e-08 1.04389694942857e-06 0
13 1.12813817896781e-07 6.48586317752381e-07 0 2.75946092600095e-08 8.90802275419048e-07 0
14 9.48844202475333e-08 6.14272103314286e-07 0 2.15334617275048e-08 7.37707601409524e-07 0
15 8.49292934984286e-08 5.74527997766667e-07 0 1.80657685210619e-08 6.1885464047619e-07 0
16 7.49741667493238e-08 5.34783892219048e-07 0 1.4598075314619e-08 5.00001679542857e-07 0
17 6.75850021314952e-08 4.95091659738095e-07 0 1.19677453055095e-08 4.25124799509524e-07 0
18 6.01958375136667e-08 4.55399427257143e-07 0 9.3374152964e-09 3.5024791947619e-07 0
19 4.45904272999067e-08 3.76363763474286e-07 0 6.78501014675333e-09 2.5638360622e-07 0
20 2.89850170861467e-08 2.97328099691429e-07 0 4.23260499710667e-09 1.6251929296381e-07 0
30 8.1652033867619e-09 1.32143846649524e-07 0 8.83198814102857e-10 4.65288961828571e-08 0
40 2.63557936433333e-09 6.02032756514286e-08 0 1.85529025758095e-10 1.3732678992381e-08 0
50 7.73723125028571e-10 2.86847767028571e-08 0 1.92817319352381e-11 2.80565072380952e-09 0
60 2.01071105055238e-10 1.16568139047619e-08 0 1.35838727619048e-12 3.86848171428571e-10 0
70 4.03761033314286e-11 4.18893843238095e-09 0 1.25590285714286e-15 0 0
80 6.75760836952381e-12 9.58710685714286e-10 0 0 0 0
90 1.21403942857143e-14 1.68194857142857e-10 0 0 0 0
100 8.37268571428571e-16 0 0 0 0 0
110 0 0 0 0 0 0
