0.125 2.44990476190476e-11 1.31428571428571e-11 0 2.40647619047619e-11 2.36190476190476e-11 0
0.25 1.9512380952381e-11 1.86285714285714e-11 0 3.2e-11 2.35047619047619e-11 0
0.375 2.47161904761905e-11 1.79428571428571e-11 0 2.064e-11 2.75428571428571e-11 0
0.5 1.74742857142857e-11 2.18285714285714e-11 0 2.35885714285714e-11 2.30095238095238e-11 0
0.625 2.97447619047619e-11 2.27428571428571e-11 2.02666666666667e-12 1.79504761904762e-11 2.13333333333333e-11 0
0.75 2.24609523809524e-11 1.72571428571429e-11 0 4.42285714285714e-11 2.32e-11 8.10666666666667e-12
0.875 2.22438095238095e-11 9.6e-12 0 9.75619047619048e-12 1.82095238095238e-11 4.05333333333333e-12
1 1.54361904761905e-11 1.9847619047619e-11 2.02666666666667e-12 1.86019047619048e-11 2.3352380952381e-11 1.824e-11
1.125 2.33714285714286e-11 1.88571428571429e-11 1.41866666666667e-11 3.62933333333333e-11 2.45714285714286e-11 2.63466666666667e-11
1.25 2.83580952380952e-11 1.63047619047619e-11 1.41866666666667e-11 2.90514285714286e-11 2.12571428571429e-11 3.04e-11
1.375 2.064e-11 1.50857142857143e-11 2.22933333333333e-11 3.22171428571429e-11 2.37714285714286e-11 3.85066666666667e-11
1.5 2.44990476190476e-11 2.01142857142857e-11 2.22933333333333e-11 3.60761904761905e-11 2.07238095238095e-11 4.256e-11
1.625 3.0872380952381e-11 2.19809523809524e-11 3.04e-11 3.88076190476191e-11 2.67428571428571e-11 2.83733333333333e-11
1.75 2.13333333333333e-11 1.63047619047619e-11 3.04e-11 3.33447619047619e-11 2.44190476190476e-11 4.05333333333333e-11
1.875 1.92952380952381e-11 1.72571428571429e-11 4.05333333333333e-11 2.31542857142857e-11 2.31619047619048e-11 5.472e-11
2 2.44990476190476e-11 2.12571428571429e-11 4.05333333333333e-11 3.62933333333333e-11 2.57904761904762e-11 7.09333333333333e-11
2.125 1.65638095238095e-11 1.92761904761905e-11 5.472e-11 3.60761904761905e-11 2.87238095238095e-11 4.256e-11
2.25 2.26780952380952e-11 2.45714285714286e-11 3.04e-11 5.17295238095238e-11 2.96380952380952e-11 5.67466666666667e-11
2.375 1.88190476190476e-11 2.08761904761905e-11 6.08e-11 3.76380952380952e-11 2.87619047619048e-11 6.48533333333333e-11
2.5 2.35885714285714e-11 1.90857142857143e-11 5.67466666666667e-11 3.92419047619048e-11 2.3847619047619e-11 5.472e-11
2.625 2.72304761904762e-11 1.82095238095238e-11 5.87733333333333e-11 2.65371428571429e-11 2.80380952380952e-11 9.52533333333333e-11
2.75 3.01790476190476e-11 2.38857142857143e-11 6.688e-11 5.78438095238095e-11 2.6552380952381e-11 8.512e-11
2.875 1.8167619047619e-11 1.39428571428571e-11 6.688e-11 3.72038095238095e-11 2.76952380952381e-11 9.728e-11
3 2.38057142857143e-11 1.35238095238095e-11 5.26933333333333e-11 3.95009523809524e-11 3.01333333333333e-11 7.49866666666667e-11
3.125 2.15504761904762e-11 1.69904761904762e-11 5.472e-11 3.47314285714286e-11 3.93142857142857e-11 7.09333333333333e-11
3.25 3.24342857142857e-11 1.88571428571429e-11 5.26933333333333e-11 3.49485714285714e-11 3.30666666666667e-11 7.70133333333333e-11
3.375 3.15238095238095e-11 2.27428571428571e-11 8.10666666666667e-11 4.5832380952381e-11 2.89142857142857e-11 7.49866666666667e-11
3.5 3.51657142857143e-11 1.98857142857143e-11 5.67466666666667e-11 3.02209523809524e-11 3.94285714285714e-11 1.0944e-10
3.625 2.15504761904762e-11 2.37333333333333e-11 5.67466666666667e-11 2.88342857142857e-11 2.52952380952381e-11 7.296e-11
3.75 2.02057142857143e-11 1.99238095238095e-11 9.52533333333333e-11 3.63352380952381e-11 2.97142857142857e-11 8.512e-11
3.875 2.90514285714286e-11 2.40380952380952e-11 5.26933333333333e-11 3.40380952380952e-11 2.67428571428571e-11 8.71466666666667e-11
4 3.4472380952381e-11 2.1447619047619e-11 6.89066666666667e-11 3.99352380952381e-11 2.75047619047619e-11 9.93066666666667e-11
4.125 1.63466666666667e-11 2.2552380952381e-11 7.296e-11 2.67542857142857e-11 2.27809523809524e-11 7.296e-11
4.25 2.31542857142857e-11 1.97333333333333e-11 4.66133333333333e-11 3.06552380952381e-11 4.15238095238095e-11 9.52533333333333e-11
4.375 1.2487619047619e-11 2.31619047619048e-11 7.49866666666667e-11 4.4487619047619e-11 3.12380952380952e-11 9.728e-11
4.5 2.35885714285714e-11 2.00380952380952e-11 5.87733333333333e-11 3.03961904761905e-11 3.2952380952381e-11 9.52533333333333e-11
4.625 1.97295238095238e-11 2.23238095238095e-11 6.688e-11 2.36304761904762e-11 3.22666666666667e-11 1.0336e-10
4.75 2.33714285714286e-11 2.08380952380952e-11 5.87733333333333e-11 4.31009523809524e-11 3.25714285714286e-11 7.09333333333333e-11
4.875 1.9512380952381e-11 2.08e-11 5.67466666666667e-11 4.31009523809524e-11 2.09142857142857e-11 8.91733333333333e-11
5 2.42819047619048e-11 1.74476190476191e-11 6.28266666666667e-11 3.47314285714286e-11 2.76190476190476e-11 1.216e-10
5.125 3.22171428571429e-11 1.95809523809524e-11 6.28266666666667e-11 2.11161904761905e-11 2.38857142857143e-11 9.12e-11
5.25 2.99619047619048e-11 2.19809523809524e-11 4.864e-11 4.8087619047619e-11 2.77333333333333e-11 8.10666666666667e-11
5.375 1.52190476190476e-11 2.83809523809524e-11 6.08e-11 2.90514285714286e-11 2.0952380952381e-11 7.904e-11
5.5 2.5192380952381e-11 2.11809523809524e-11 4.45866666666667e-11 3.63352380952381e-11 2.86095238095238e-11 8.71466666666667e-11
5.625 3.39961904761905e-11 1.86285714285714e-11 4.66133333333333e-11 2.47161904761905e-11 2.81142857142857e-11 1.0336e-10
5.75 3.83314285714286e-11 1.88952380952381e-11 4.05333333333333e-11 4.08457142857143e-11 2.53714285714286e-11 7.70133333333333e-11
5.875 2.22438095238095e-11 1.94666666666667e-11 6.48533333333333e-11 2.88342857142857e-11 2.26666666666667e-11 5.26933333333333e-11
6 2.72304761904762e-11 2.57904761904762e-11 5.67466666666667e-11 4.0152380952381e-11 2.52190476190476e-11 8.71466666666667e-11
6.125 2.22438095238095e-11 1.5352380952381e-11 4.66133333333333e-11 4.03695238095238e-11 3.06285714285714e-11 7.49866666666667e-11
6.25 1.86019047619048e-11 1.88190476190476e-11 4.864e-11 2.13333333333333e-11 3.36e-11 7.09333333333333e-11
6.375 3.13066666666667e-11 1.89714285714286e-11 5.06666666666667e-11 3.49485714285714e-11 2.49904761904762e-11 7.904e-11
6.5 1.86019047619048e-11 2.97904761904762e-11 3.24266666666667e-11 3.81142857142857e-11 2.66666666666667e-11 7.49866666666667e-11
6.625 1.97295238095238e-11 1.64571428571429e-11 3.648e-11 4.99085714285714e-11 2.38857142857143e-11 5.472e-11
6.75 2.3847619047619e-11 1.52380952380952e-11 2.83733333333333e-11 4.65257142857143e-11 3.34095238095238e-11 6.28266666666667e-11
6.875 3.17828571428571e-11 1.88190476190476e-11 2.22933333333333e-11 3.47314285714286e-11 2.92190476190476e-11 7.49866666666667e-11
7 2.94857142857143e-11 2.71619047619048e-11 3.85066666666667e-11 3.56419047619048e-11 2.74285714285714e-11 5.87733333333333e-11
7.125 2.1767619047619e-11 2.08e-11 4.256e-11 5.01257142857143e-11 3.44e-11 6.89066666666667e-11
7.25 2.42819047619048e-11 1.21142857142857e-11 2.63466666666667e-11 2.7447619047619e-11 2.78095238095238e-11 6.48533333333333e-11
7.375 2.94857142857143e-11 1.51619047619048e-11 3.44533333333333e-11 3.69866666666667e-11 2.65904761904762e-11 4.864e-11
7.5 3.0872380952381e-11 2.0952380952381e-11 2.63466666666667e-11 3.31276190476191e-11 2.1752380952381e-11 5.67466666666667e-11
7.625 3.22171428571429e-11 1.62666666666667e-11 5.67466666666667e-11 4.53561904761905e-11 3.51619047619048e-11 4.05333333333333e-11
7.75 2.22438095238095e-11 2.35809523809524e-11 2.83733333333333e-11 2.22438095238095e-11 3.02095238095238e-11 4.256e-11
7.875 2.47161904761905e-11 2.80761904761905e-11 2.22933333333333e-11 4.08457142857143e-11 3.3447619047619e-11 3.24266666666667e-11
8 2.44395238095238e-11 1.92619047619048e-11 1.79866666666667e-11 3.593e-11 2.49571428571429e-11 2.76133333333333e-11
8.125 2.43161904761905e-11 1.91089285714286e-11 1.69733333333333e-11 3.61244642857143e-11 2.50095238095238e-11 2.63783333333333e-11
8.25 2.41928571428571e-11 1.89559523809524e-11 1.596e-11 3.63189285714286e-11 2.50619047619048e-11 2.51433333333333e-11
8.375 2.40695238095238e-11 1.88029761904762e-11 1.49466666666667e-11 3.65133928571429e-11 2.51142857142857e-11 2.39083333333333e-11
8.5 2.39461904761905e-11 1.865e-11 1.39333333333333e-11 3.67078571428571e-11 2.51666666666667e-11 2.26733333333333e-11
8.625 2.38228571428571e-11 1.84970238095238e-11 1.292e-11 3.69023214285714e-11 2.52190476190476e-11 2.14383333333333e-11
8.75 2.36995238095238e-11 1.83440476190476e-11 1.19066666666667e-11 3.70967857142857e-11 2.52714285714286e-11 2.02033333333333e-11
8.875 2.35761904761905e-11 1.81910714285714e-11 1.08933333333333e-11 3.729125e-11 2.53238095238095e-11 1.89683333333333e-11
9 2.34528571428571e-11 1.80380952380952e-11 9.88e-12 3.74857142857143e-11 2.53761904761905e-11 1.77333333333333e-11
9.125 2.34766071428571e-11 1.7921130952381e-11 9.24666666666667e-12 3.65239583333333e-11 2.50154761904762e-11 1.64825e-11
9.25 2.35003571428571e-11 1.78041666666667e-11 8.61333333333333e-12 3.55622023809524e-11 2.46547619047619e-11 1.52316666666667e-11
9.375 2.35241071428571e-11 1.76872023809524e-11 7.98e-12 3.46004464285714e-11 2.42940476190476e-11 1.39808333333333e-11
9.5 2.35478571428571e-11 1.75702380952381e-11 7.34666666666667e-12 3.36386904761905e-11 2.39333333333333e-11 1.273e-11
9.625 2.35716071428571e-11 1.74532738095238e-11 6.71333333333333e-12 3.26769345238095e-11 2.3572619047619e-11 1.14791666666667e-11
9.75 2.35953571428571e-11 1.73363095238095e-11 6.08e-12 3.17151785714286e-11 2.32119047619048e-11 1.02283333333333e-11
9.875 2.36191071428571e-11 1.72193452380952e-11 5.44666666666667e-12 3.07534226190476e-11 2.28511904761905e-11 8.9775e-12
10 2.36428571428571e-11 1.7102380952381e-11 4.81333333333333e-12 2.97916666666667e-11 2.24904761904762e-11 7.72666666666667e-12
11 2.21589285714286e-11 1.5522619047619e-11 2.66e-12 2.91725e-11 2.20642857142857e-11 5.82666666666667e-12
12 2.0675e-11 1.39428571428571e-11 5.06666666666667e-13 2.85533333333333e-11 2.16380952380952e-11 3.92666666666667e-12
13 2.10166666666667e-11 1.31011904761905e-11 2.53333333333333e-13 2.75235714285714e-11 2.06166666666667e-11 2.34333333333333e-12
14 2.13583333333333e-11 1.22595238095238e-11 0 2.64938095238095e-11 1.95952380952381e-11 7.6e-13
15 1.79015476190476e-11 1.16345238095238e-11 0 2.39422619047619e-11 1.73404761904762e-11 3.8e-13
16 1.44447619047619e-11 1.10095238095238e-11 0 2.13907142857143e-11 1.50857142857143e-11 0
17 1.38919047619048e-11 1.02297619047619e-11 0 2.19057142857143e-11 1.43071428571429e-11 0
18 1.33390476190476e-11 9.45e-12 0 2.24207142857143e-11 1.35285714285714e-11 0
19 1.12157380952381e-11 7.04166666666667e-12 0 1.7794880952381e-11 1.09790476190476e-11 0
20 9.09242857142857e-12 4.63333333333333e-12 0 1.31690476190476e-11 8.42952380952381e-12 0
30 3.2202380952381e-12 1.37285714285714e-12 0 4.97914285714286e-12 2.7e-12 0
40 7.27952380952381e-13 2.91904761904762e-13 0 1.30033333333333e-12 8.24761904761905e-13 0
50 1.89714285714286e-13 2.28571428571429e-14 0 5.35e-13 2.42857142857143e-13 0
60 0 0 0 1.27380952380952e-13 2.28571428571429e-14 0
70 0 0 0 2.54761904761905e-14 0 0
80 0 0 0 0 0 0
90 0 0 0 0 0 0
100 0 0 0 0 0 0
110 0 0 0 0 0 0
