0.125 1.24659001904762e-13 1.47221548495238e-12 0 1.90774826361905e-12 1.51099544380952e-13 0
0.25 1.22207364571429e-13 1.63392959695238e-12 0 1.76352494019048e-12 8.24740632380952e-14 0
0.375 1.32610300952381e-13 1.54957472e-12 0 1.93954138971429e-12 9.29679558095238e-14 0
0.5 1.53496275809524e-13 1.67264413561905e-12 0 2.16774876952381e-12 1.50083061333333e-13 0
0.625 5.32623024761905e-14 2.18346598704762e-12 0 2.02264618057143e-12 5.32490026666667e-14 0
0.75 9.14397531428571e-14 2.009649344e-12 0 1.9186382247619e-12 7.61746255238095e-14 0
0.875 2.64466102857143e-14 1.82631940419048e-12 0 1.84050472990476e-12 3.35395108571429e-14 0
1 1.38454445714286e-14 1.98371605638095e-12 0 1.7611787992381e-12 5.26423619047619e-14 0
1.125 6.08501546666667e-14 2.00895882819048e-12 0 1.8313632152381e-12 2.93521478095238e-14 0
1.25 3.39538468571429e-14 2.04852989866667e-12 0 1.54960075733333e-12 4.23874422857143e-14 0
1.375 3.51254476190476e-14 1.88562489447619e-12 0 1.73393547733333e-12 2.64639222857143e-14 0
1.5 2.88738575238095e-14 1.90966823161905e-12 0 2.01597332266667e-12 3.3050140952381e-14 0
1.625 3.05976274285714e-14 1.47856696838095e-12 0 1.88518323352381e-12 6.00175923809524e-14 0
1.75 3.82182765714286e-14 1.5687048487619e-12 0 1.51498899961905e-12 7.39269165714286e-14 0
1.875 3.01712975238095e-14 1.91600773028571e-12 0 1.47802174019048e-12 4.7293315047619e-14 0
2 5.04980373333333e-14 1.56869139809524e-12 0 1.17821395961905e-12 3.93355337142857e-14 0
2.125 2.52753737142857e-14 1.43559840761905e-12 0 1.27229960533333e-12 3.66573272380952e-14 0
2.25 3.17793935238095e-14 1.37743616304762e-12 0 1.36742337066667e-12 2.71056441904762e-14 0
2.375 4.6834876952381e-14 1.20363220114286e-12 0 1.17872586819048e-12 1.28261348571429e-14 0
2.5 1.25575299047619e-14 1.09541130514286e-12 0 1.04191029333333e-12 3.53770925714286e-14 0
2.625 1.60373607619048e-14 8.87843899428572e-13 0 9.66881356190476e-13 1.24934034285714e-14 0
2.75 5.47529935238095e-14 7.09309034666667e-13 0 7.90068309333333e-13 3.9336924952381e-14 0
2.875 2.15910811428571e-14 9.04282340571429e-13 0 7.28164391619048e-13 4.09610422857143e-14 0
3 5.49122194285714e-14 7.16689356190476e-13 0 8.41741900190476e-13 4.06245881904762e-14 0
3.125 3.40616228571429e-15 7.06883096380952e-13 0 7.14483628190476e-13 4.72615131428571e-14 0
3.25 7.13273295238095e-15 7.73545756952381e-13 0 6.14842954666667e-13 3.41444784761905e-14 0
3.375 3.31487817142857e-14 7.06467992380952e-13 0 6.60140950857143e-13 3.59072533333333e-14 0
3.5 2.50970681904762e-14 5.80858332952381e-13 0 5.74678633142857e-13 4.20034575238095e-14 0
3.625 4.09836647619048e-14 6.37301956571429e-13 0 7.10626790095238e-13 3.81471268571429e-14 0
3.75 1.85117683809524e-14 6.16171634285714e-13 0 6.44303017142857e-13 2.25204205714286e-14 0
3.875 2.14602331428571e-14 5.63206319238095e-13 0 4.29739452952381e-13 1.88902171428571e-14 0
4 3.90891596190476e-14 3.77771827809524e-13 0 4.49994771809524e-13 1.9581443047619e-14 0
4.125 2.44267139047619e-14 4.3918569752381e-13 0 5.16515206095238e-13 2.00879314285714e-14 0
4.25 1.75309074285714e-14 4.55184618666667e-13 0 4.07502518857143e-13 9.20750323809524e-15 0
4.375 1.08736807619048e-14 4.22658709333333e-13 0 3.74962544761905e-13 2.01067139047619e-14 0
4.5 1.22544944761905e-14 3.28571762285714e-13 0 3.83324871619048e-13 9.78008838095238e-15 0
4.625 1.34854857142857e-14 3.21297945904762e-13 0 3.23520693333333e-13 1.36061592380952e-14 0
4.75 1.28848883809524e-14 2.17615882666667e-13 0 2.82534630095238e-13 4.64568990476191e-15 0
4.875 8.23780571428571e-15 3.34964358095238e-13 0 3.99124327619048e-13 8.23332876190476e-15 0
5 1.19716464761905e-14 2.84509135238095e-13 0 2.83827990857143e-13 1.39081371428571e-14 0
5.125 1.82062780952381e-14 2.80482355809524e-13 0 2.83876582095238e-13 2.05343527619048e-14 0
5.25 1.43726994285714e-14 2.95289414095238e-13 0 2.6290233447619e-13 1.14502552380952e-14 0
5.375 1.34796022857143e-14 1.38602194285714e-13 0 2.56394631619048e-13 1.51015908571429e-14 0
5.5 9.77020647619048e-15 1.57990308571429e-13 0 1.6755056152381e-13 1.37083992380952e-14 0
5.625 9.12454552380952e-15 2.43429595428571e-13 0 2.27062442666667e-13 2.27077485714286e-15 0
5.75 1.42036175238095e-14 1.32012780190476e-13 0 1.50992912761905e-13 1.01680594285714e-14 0
5.875 6.05539961904762e-15 1.45824167619048e-13 0 1.98644528761905e-13 4.31941333333333e-15 0
6 4.74518095238095e-15 9.33099123809524e-14 0 1.16265610666667e-13 8.4810940952381e-15 0
6.125 7.15787733333333e-15 1.0222035352381e-13 0 1.48076708571429e-13 4.7037500952381e-15 0
6.25 2.07090727619048e-14 1.34365330285714e-13 0 1.26962605714286e-13 9.93464380952381e-15 0
6.375 1.1179043047619e-14 1.19426811428571e-13 0 9.9537276952381e-14 4.88622933333333e-15 0
6.5 3.91391542857143e-15 9.14474956190476e-14 0 1.09141880380952e-13 5.109248e-15 0
6.625 8.26036419047619e-15 5.17235931428571e-14 0 1.04438125714286e-13 2.96188038095238e-15 0
6.75 3.1840259047619e-15 5.7900796952381e-14 0 6.08511588571429e-14 8.52980571428572e-15 0
6.875 1.31524678095238e-14 5.38431740952381e-14 0 8.24416700952381e-14 6.05539961904762e-15 0
7 1.35917485714286e-14 6.2492611047619e-14 0 5.10258834285714e-14 1.31592152380952e-14 0
7.125 2.12885333333333e-15 4.55384441904762e-14 0 6.15131580952381e-14 3.32507428571429e-15 0
7.25 1.14011885714286e-14 4.96071100952381e-14 0 4.01284967619048e-14 1.89231238095238e-15 0
7.375 2.12885333333333e-15 3.87368548571429e-14 0 4.02322712380952e-14 6.36804266666667e-15 0
7.5 1.70308571428571e-15 3.73106118095238e-14 0 4.34949607619048e-14 7.01508266666667e-15 0
7.625 6.40095238095238e-15 2.38390339047619e-14 0 2.1752771047619e-14 3.26424076190476e-15 0
7.75 4.96732647619048e-15 2.48092876190476e-14 0 3.68217904761905e-14 2.12885333333333e-15 0
7.875 6.83260342857143e-15 1.28284175238095e-14 0 2.3286460952381e-14 2.43297523809524e-15 0
8 6.35809257142857e-15 2.19183737142857e-14 0 2.22155194285714e-14 2.78135561904762e-15 0
8.125 5.97775209523809e-15 2.02501325238095e-14 0 2.06857309047619e-14 2.8208905e-15 0
8.25 5.59741161904762e-15 1.85818913333333e-14 0 1.91559423809524e-14 2.86042538095238e-15 0
8.375 5.21707114285714e-15 1.69136501428571e-14 0 1.76261538571429e-14 2.89996026190476e-15 0
8.5 4.83673066666667e-15 1.5245408952381e-14 0 1.60963653333333e-14 2.93949514285714e-15 0
8.625 4.45639019047619e-15 1.35771677619048e-14 0 1.45665768095238e-14 2.97903002380952e-15 0
8.75 4.07604971428571e-15 1.19089265714286e-14 0 1.30367882857143e-14 3.01856490476191e-15 0
8.875 3.69570923809524e-15 1.02406853809524e-14 0 1.15069997619048e-14 3.05809978571429e-15 0
9 3.31536876190476e-15 8.57244419047619e-15 0 9.97721123809524e-15 3.09763466666667e-15 0
9.125 3.2486699047619e-15 7.96129811904762e-15 0 9.21115132142857e-15 3.05212663095238e-15 0
9.25 3.18197104761905e-15 7.35015204761905e-15 0 8.44509140476191e-15 3.0066185952381e-15 0
9.375 3.11527219047619e-15 6.73900597619048e-15 0 7.67903148809524e-15 2.96111055952381e-15 0
9.5 3.04857333333333e-15 6.12785990476191e-15 0 6.91297157142857e-15 2.91560252380952e-15 0
9.625 2.98187447619048e-15 5.51671383333333e-15 0 6.14691165476191e-15 2.87009448809524e-15 0
9.75 2.91517561904762e-15 4.90556776190476e-15 0 5.38085173809524e-15 2.82458645238095e-15 0
9.875 2.84847676190476e-15 4.29442169047619e-15 0 4.61479182142857e-15 2.77907841666667e-15 0
10 2.7817779047619e-15 3.68327561904762e-15 0 3.8487319047619e-15 2.73357038095238e-15 0
11 2.36603457142857e-15 2.82722657142857e-15 0 3.49869447619048e-15 2.50178733333333e-15 0
12 1.95029123809524e-15 1.97117752380952e-15 0 3.14865704761905e-15 2.27000428571429e-15 0
13 1.24067361904762e-15 1.60823147619048e-15 0 2.19750161904762e-15 1.60396652380952e-15 0
14 5.31056e-16 1.24528542857143e-15 0 1.24634619047619e-15 9.37928761904762e-16 0
15 5.95654238095238e-16 1.180199e-15 0 1.14271419047619e-15 6.21686333333333e-16 0
16 6.60252476190476e-16 1.11511257142857e-15 0 1.03908219047619e-15 3.05443904761905e-16 0
17 4.3656880952381e-16 7.47632238095238e-16 0 1.001067e-15 2.59164523809524e-16 0
18 2.12885142857143e-16 3.80151904761905e-16 0 9.6305180952381e-16 2.12885142857143e-16 0
19 1.70308114285714e-16 1.98946171428571e-16 0 5.06869380952381e-16 1.91596628571429e-16 0
20 1.27731085714286e-16 1.77404380952381e-17 0 5.06869523809524e-17 1.70308114285714e-16 0
30 0 0 0 0 0 0
40 0 0 0 0 0 0
50 0 0 0 0 0 0
60 0 0 0 0 0 0
70 0 0 0 0 0 0
80 0 0 0 0 0 0
90 0 0 0 0 0 0
100 0 0 0 0 0 0
110 0 0 0 0 0 0
