0.125 2.10166688304762e-12 1.12142095238095e-13 0 5.19030872380952e-14 1.61697922895238e-12 0
0.25 2.02511503695238e-12 1.2005545752381e-13 0 9.73070354285714e-14 1.728345472e-12 0
0.375 2.49123706057143e-12 5.27474712380952e-14 0 5.12486323809524e-14 1.79753224838095e-12 0
0.5 2.27139240990476e-12 1.05626921142857e-13 0 9.61492525714286e-14 2.07856690133333e-12 0
0.625 1.85871441828571e-12 8.5044323047619e-14 0 1.33478553904762e-13 2.50927071085714e-12 0
0.75 2.13664284342857e-12 1.20266835809524e-13 0 5.12766308571429e-14 2.17896420419048e-12 0
0.875 1.9287527847619e-12 3.83095664761905e-14 0 1.68571289904762e-13 2.31166843733333e-12 0
1 2.20967941485714e-12 9.57730499047619e-14 0 4.1697315047619e-14 2.64340499352381e-12 0
1.125 2.04956224457143e-12 1.58407945142857e-13 0 8.17502994285714e-14 2.70648732495238e-12 0
1.25 2.27107445638095e-12 6.00210483809524e-14 0 2.38218285714286e-14 2.07234954666667e-12 0
1.375 2.06463344e-12 1.00418058666667e-13 0 2.87555961904762e-14 2.03336319695238e-12 0
1.5 1.92691408609524e-12 1.27062854095238e-13 0 8.36552213333333e-14 2.30418606780952e-12 0
1.625 1.90751730133333e-12 6.37747260952381e-14 0 9.22972129523809e-14 1.76530569904762e-12 0
1.75 1.48826715733333e-12 3.96121371428571e-14 0 2.97473051428571e-14 1.9547290712381e-12 0
1.875 1.72803815314286e-12 8.15052739047619e-14 0 3.49608259047619e-14 1.7417251352381e-12 0
2 1.67027342628571e-12 3.49572190476191e-14 0 2.02479481904762e-14 2.04991899733333e-12 0
2.125 1.58266378514286e-12 5.02996815238095e-14 0 3.22725028571429e-14 1.50725849752381e-12 0
2.25 1.50160831390476e-12 4.85974262857143e-14 0 4.59874986666667e-14 1.29963873676191e-12 0
2.375 1.09293006019048e-12 2.85234940952381e-14 0 4.7100643047619e-14 1.02106592761905e-12 0
2.5 1.07665380571429e-12 3.32485866666667e-14 0 4.18037028571429e-14 1.32885054019048e-12 0
2.625 1.07248450742857e-12 6.46390201904762e-14 0 1.23605607619048e-14 1.24094485790476e-12 0
2.75 1.04015393066667e-12 4.08594392380952e-14 0 1.79079725714286e-14 1.14425632914286e-12 0
2.875 1.10159167238095e-12 1.70103923809524e-14 0 3.6750592e-14 1.06462271390476e-12 0
3 7.64341101714286e-13 2.7523235047619e-14 0 5.89955794285714e-14 1.11427717485714e-12 0
3.125 9.48272224e-13 1.6365404952381e-14 0 3.66897219047619e-14 7.17941837714286e-13 0
3.25 9.21926555428571e-13 1.77473904761905e-14 0 4.61418331428571e-14 9.4792544e-13 0
3.375 7.82932804571429e-13 2.65389714285714e-14 0 3.85922544761905e-14 7.33534162285714e-13 0
3.5 7.9081849752381e-13 5.77477302857143e-14 0 3.06963260952381e-14 7.60298139428571e-13 0
3.625 9.54325494857143e-13 2.30234819047619e-14 0 2.14002102857143e-14 7.13456585142857e-13 0
3.75 6.77672105142857e-13 4.17889493333333e-14 0 3.25909135238095e-14 6.98706261333333e-13 0
3.875 8.21222322285714e-13 1.62730057142857e-14 0 1.56209493333333e-14 6.25802940952381e-13 0
4 6.88471437714286e-13 2.64232182857143e-14 0 3.13068464761905e-14 6.57857947428571e-13 0
4.125 5.43365877333333e-13 3.96017432380952e-14 0 3.15403017142857e-14 6.10680551619048e-13 0
4.25 5.75662546285714e-13 3.14583847619048e-14 0 1.05137798095238e-14 5.47623689142857e-13 0
4.375 3.49745176380952e-13 3.41474864761905e-14 0 1.09384198095238e-14 4.5538953447619e-13 0
4.5 4.28238605714286e-13 3.19298346666667e-14 0 3.48214186666667e-14 5.01785187047619e-13 0
4.625 3.93310707809524e-13 2.03565196190476e-14 0 2.78955123809524e-14 3.98167620571429e-13 0
4.75 3.75470140952381e-13 2.27614765714286e-14 0 9.01675580952381e-15 4.06277197714286e-13 0
4.875 4.50602156190476e-13 2.44545066666667e-15 0 2.38878019047619e-14 3.12451881142857e-13 0
5 3.58405511619048e-13 5.36729295238095e-15 0 5.46067504761905e-15 2.31884377904762e-13 0
5.125 2.70870380190476e-13 1.75639299047619e-14 0 8.93338971428572e-15 2.55423241142857e-13 0
5.25 2.73669491809524e-13 1.7941059047619e-14 0 5.27144838095238e-15 2.48628121904762e-13 0
5.375 3.16910642285714e-13 1.5442876952381e-14 0 1.68090742857143e-14 2.32762422857143e-13 0
5.5 1.72495157333333e-13 1.19486140952381e-14 0 4.23190552380952e-15 1.9497510247619e-13 0
5.625 1.44135420952381e-13 1.74093043809524e-14 0 6.77073828571429e-15 1.49662128761905e-13 0
5.75 1.6664499352381e-13 3.97386361904762e-15 0 2.10387139047619e-14 1.51709901714286e-13 0
5.875 1.93503861333333e-13 8.28118552380952e-15 0 1.11916891428571e-14 1.49618631619048e-13 0
6 1.12208333714286e-13 1.45507779047619e-14 0 1.12064457142857e-14 9.67791756190476e-14 0
6.125 1.20864615619048e-13 1.15160899047619e-14 0 1.7229123047619e-14 1.25333260190476e-13 0
6.25 7.97099977142857e-14 9.02696533333333e-15 0 5.45860571428571e-15 1.19799132952381e-13 0
6.375 1.49196205714286e-13 0 0 9.59124876190476e-15 1.11960045714286e-13 0
6.5 8.86381561904762e-14 1.36517028571429e-14 0 1.34153904761905e-14 9.49005973333333e-14 0
6.625 1.10737564952381e-13 1.0795260952381e-14 0 2.83847619047619e-15 1.05291343238095e-13 0
6.75 1.06505706666667e-13 2.83847619047619e-15 0 1.51205485714286e-14 1.02143881142857e-13 0
6.875 1.03325496380952e-13 8.28118552380952e-15 0 3.1046275047619e-14 7.66637699047619e-14 0
7 8.33014979047619e-14 3.97386361904762e-15 0 1.05117104761905e-14 7.06914819047619e-14 0
7.125 5.2520835047619e-14 8.67761371428571e-15 0 2.83847619047619e-15 5.17791832380952e-14 0
7.25 7.44754438095238e-14 7.06416761904762e-15 0 6.20556190476191e-15 5.03365074285714e-14 0
7.375 7.53445165714286e-14 3.40616228571429e-15 0 2.43297523809524e-15 4.4938044952381e-14 0
7.5 5.75306407619048e-14 5.29847466666667e-15 0 4.16308723809524e-15 4.08064076190476e-14 0
7.625 6.83740693333333e-14 4.32528761904762e-15 0 9.89410133333333e-15 3.31792624761905e-14 0
7.75 4.98742628571429e-14 1.13538742857143e-15 0 2.11935634285714e-14 4.5937664e-14 0
7.875 6.00600060952381e-14 1.11196617142857e-14 0 3.97386361904762e-15 3.23747763809524e-14 0
8 2.57139859047619e-14 2.43921371428571e-15 0 6.09208076190476e-15 2.23548472380952e-14 0
8.125 2.42594506428571e-14 2.36344307142857e-15 0 5.50459585714286e-15 2.11826954047619e-14 0
8.25 2.28049153809524e-14 2.28767242857143e-15 0 4.91711095238095e-15 2.00105435714286e-14 0
8.375 2.13503801190476e-14 2.21190178571429e-15 0 4.32962604761905e-15 1.88383917380952e-14 0
8.5 1.98958448571429e-14 2.13613114285714e-15 0 3.74214114285714e-15 1.76662399047619e-14 0
8.625 1.84413095952381e-14 2.0603605e-15 0 3.15465623809524e-15 1.64940880714286e-14 0
8.75 1.69867743333333e-14 1.98458985714286e-15 0 2.56717133333333e-15 1.53219362380952e-14 0
8.875 1.55322390714286e-14 1.90881921428571e-15 0 1.97968642857143e-15 1.41497844047619e-14 0
9 1.40777038095238e-14 1.83304857142857e-15 0 1.39220152380952e-15 1.29776325714286e-14 0
9.125 1.33149183214286e-14 1.73316926190476e-15 0 1.35798785714286e-15 1.24020313214286e-14 0
9.25 1.25521328333333e-14 1.63328995238095e-15 0 1.32377419047619e-15 1.18264300714286e-14 0
9.375 1.17893473452381e-14 1.53341064285714e-15 0 1.28956052380952e-15 1.12508288214286e-14 0
9.5 1.10265618571429e-14 1.43353133333333e-15 0 1.25534685714286e-15 1.06752275714286e-14 0
9.625 1.02637763690476e-14 1.33365202380952e-15 0 1.22113319047619e-15 1.00996263214286e-14 0
9.75 9.50099088095238e-15 1.23377271428571e-15 0 1.18691952380952e-15 9.52402507142857e-15 0
9.875 8.73820539285714e-15 1.1338934047619e-15 0 1.15270585714286e-15 8.94842382142857e-15 0
10 7.97541990476191e-15 1.0340140952381e-15 0 1.11849219047619e-15 8.37282257142857e-15 0
11 5.49021347619048e-15 5.17007047619048e-16 0 5.59246095238095e-16 6.34429685714286e-15 0
12 3.00500704761905e-15 0 0 0 4.31577114285714e-15 0
13 2.74308719047619e-15 0 0 0 3.31339666666667e-15 0
14 2.48116733333333e-15 0 0 0 2.31102219047619e-15 0
15 2.09433233333333e-15 0 0 0 1.67075485714286e-15 0
16 1.70749733333333e-15 0 0 0 1.03048752380952e-15 0
17 1.55526704761905e-15 0 0 0 7.49725952380952e-16 0
18 1.40303676190476e-15 0 0 0 4.68964380952381e-16 0
19 9.35074980952381e-16 0 0 0 4.61559676190476e-16 0
20 4.671132e-16 0 0 0 4.54154971428571e-16 0
30 4.39962628571429e-16 0 0 0 4.25770285714286e-16 0
40 1.13538742857143e-16 0 0 0 9.93464e-17 0
50 2.83846857142857e-17 0 0 0 1.41923428571429e-17 0
60 0 0 0 0 0 0
70 0 0 0 0 0 0
80 0 0 0 0 0 0
90 0 0 0 0 0 0
100 0 0 0 0 0 0
110 0 0 0 0 0 0
