0.125 7.65829490344838e-07 6.81097385295238e-07 0 6.62090171428571e-08 4.60116940190476e-07 0
0.25 7.00524557294324e-07 7.79403574095238e-07 0 6.8312215463619e-08 5.01460106361905e-07 0
0.375 8.20430111273448e-07 1.27727724175238e-06 0 6.28881657625905e-08 6.09693059809524e-07 0
0.5 6.18529051908114e-07 9.09559998171429e-07 0 7.52098935206095e-08 5.741662176e-07 0
0.625 7.26806953018057e-07 1.36574727207619e-06 0 7.03116280359619e-08 4.76206278704762e-07 0
0.75 9.25917709656838e-07 1.19852317348571e-06 0 6.6029312023619e-08 6.74331218742857e-07 0
0.875 6.60164323684876e-07 1.13132702019048e-06 0 5.74636609871238e-08 5.94480537752381e-07 0
1 6.80651257513752e-07 1.06052050697143e-06 0 5.71387288227048e-08 4.86289105219048e-07 0
1.125 5.75544601258819e-07 1.06977565881905e-06 0 4.94885952780191e-08 8.87205174704762e-07 0
1.25 5.49078298812952e-07 1.04769031634286e-06 0 4.87717865660952e-08 6.38992160304762e-07 0
1.375 5.81055349790476e-07 1.17484273478095e-06 0 4.59442394317714e-08 4.78696620038095e-07 0
1.5 6.14195375904e-07 1.18293729798095e-06 0 6.04641037296762e-08 5.48264540038095e-07 0
1.625 6.28763491667809e-07 1.10845244297143e-06 0 5.03168747774476e-08 6.69627768380952e-07 0
1.75 5.52296916901638e-07 1.8485341767619e-06 0 5.58116571254857e-08 5.55540986057143e-07 0
1.875 5.31091083043048e-07 1.59830394194286e-06 0 3.95477699873524e-08 6.17385509028571e-07 0
2 5.49437512221257e-07 9.75036521295238e-07 0 3.76427226657524e-08 6.00822992609524e-07 0
2.125 5.68674489973333e-07 1.52833217752381e-06 0 3.40930897488762e-08 5.0440680152381e-07 0
2.25 5.08627529010591e-07 1.4188741799619e-06 0 4.37210804711619e-08 3.59083341409524e-07 0
2.375 5.25711203210362e-07 1.49204835093333e-06 0 4.25352062000762e-08 3.99487587657143e-07 0
2.5 5.36928533159619e-07 1.96590661424762e-06 0 4.04466973601524e-08 4.57047686095238e-07 0
2.625 5.08585352770743e-07 1.5644973792e-06 0 4.16850316999619e-08 4.28998479085714e-07 0
2.75 6.18346683009524e-07 2.01567561828571e-06 0 4.74789934038857e-08 4.60235087542857e-07 0
2.875 5.27499775307276e-07 1.78597577432381e-06 0 3.69819228185905e-08 4.17345367314286e-07 0
3 5.29682961669486e-07 1.74727179504762e-06 0 3.96183149874286e-08 5.48226786742857e-07 0
3.125 5.26521174127848e-07 1.66293916251429e-06 0 4.52877321095619e-08 4.092329728e-07 0
3.25 5.86063299088e-07 1.85553175725714e-06 0 3.80453287942095e-08 4.59547392914286e-07 0
3.375 5.11007077929448e-07 1.74801541912381e-06 0 3.62860971984762e-08 3.81399781790476e-07 0
3.5 4.99623453385905e-07 1.8747136920381e-06 0 3.85214776364191e-08 3.49050811123809e-07 0
3.625 5.31903574455467e-07 1.91144004815238e-06 0 4.05031483256381e-08 4.4336954407619e-07 0
3.75 4.89222437118629e-07 1.95633176106667e-06 0 3.61223473817905e-08 4.40317767466667e-07 0
3.875 5.417221597472e-07 2.09679096091429e-06 0 3.69522166428952e-08 4.61593672228571e-07 0
4 4.29097440092343e-07 2.02060195245714e-06 0 3.34433128446476e-08 3.97253757409524e-07 0
4.125 4.53749241841067e-07 2.07695505249524e-06 0 3.58236903641905e-08 4.07465723276191e-07 0
4.25 5.15725362536076e-07 2.00167987093333e-06 0 3.62181117010286e-08 3.59422529066667e-07 0
4.375 4.42364089218133e-07 2.05990507062857e-06 0 3.60990468871619e-08 3.63501237333333e-07 0
4.5 5.01896335116495e-07 2.13242885973333e-06 0 3.46933207542857e-08 3.82806548266667e-07 0
4.625 4.56575882244571e-07 1.8403299616e-06 0 2.84939223378286e-08 3.65010458209524e-07 0
4.75 4.42437174867657e-07 2.0127776295619e-06 0 3.40162734000762e-08 3.53932317714286e-07 0
4.875 4.09937525504152e-07 2.19814608777143e-06 0 2.96360577292191e-08 4.68216971733333e-07 0
5 4.77539555142095e-07 2.30768112380952e-06 0 3.61044519611429e-08 4.12808817828571e-07 0
5.125 4.34061058140038e-07 2.07737334826667e-06 0 2.8023336449981e-08 4.72022312533333e-07 0
5.25 3.9493960026819e-07 2.38622076754286e-06 0 3.74317026159238e-08 4.65901553219048e-07 0
5.375 4.40641864616686e-07 2.18476580510476e-06 0 2.6536659752381e-08 3.55421837714286e-07 0
5.5 4.18738089198781e-07 2.10936464335238e-06 0 2.90981650820571e-08 3.82127219657143e-07 0
5.625 4.18798299630171e-07 2.17577962346667e-06 0 3.11908863215238e-08 3.93970798171429e-07 0
5.75 4.23138411283962e-07 2.17012588068571e-06 0 3.62670388387048e-08 4.13204767085714e-07 0
5.875 3.85121055800686e-07 2.1146385688381e-06 0 2.91995348515048e-08 4.38881339733333e-07 0
6 3.93914848720457e-07 2.21359297325714e-06 0 3.13710165261714e-08 4.09240488838095e-07 0
6.125 3.95604502966552e-07 2.05524476388571e-06 0 2.98472848912762e-08 3.55059979428571e-07 0
6.25 4.26495154802133e-07 2.23896953782857e-06 0 2.72476510031238e-08 4.01730315580952e-07 0
6.375 3.92863554896914e-07 2.22990993752381e-06 0 2.82678783701333e-08 3.93899936152381e-07 0
6.5 4.0622013588541e-07 2.47173643779048e-06 0 2.47795290319238e-08 3.69874156495238e-07 0
6.625 3.78933733369448e-07 2.47320657401905e-06 0 2.92767955914667e-08 3.16355546361905e-07 0
6.75 3.63047040751543e-07 2.34625412205714e-06 0 2.54436192067048e-08 4.54991333638095e-07 0
6.875 3.684443064832e-07 2.32333127085714e-06 0 3.14308143961905e-08 4.31510199314286e-07 0
7 3.50942037931733e-07 2.59656741988571e-06 0 2.79285067072e-08 3.46921743390476e-07 0
7.125 3.66099936415848e-07 2.22283222567619e-06 0 2.96413339305143e-08 4.0114565272381e-07 0
7.25 3.873216960864e-07 2.42171754758095e-06 0 2.33489361679238e-08 4.54791684419048e-07 0
7.375 3.57865324539886e-07 2.49726698407619e-06 0 2.58265656237714e-08 3.23181178971429e-07 0
7.5 3.50629209981714e-07 2.2306727552e-06 0 2.76191999552e-08 3.85446172190476e-07 0
7.625 3.46251340616229e-07 2.5322192928e-06 0 2.29831719481905e-08 3.1017465752381e-07 0
7.75 3.50043610654324e-07 2.62142899230476e-06 0 2.88154943481905e-08 4.58595313828571e-07 0
7.875 3.5895303695299e-07 2.43981402087619e-06 0 2.47125903771429e-08 3.00769874590476e-07 0
8 3.06439479051143e-07 2.61214829030476e-06 0 2.60423868384762e-08 3.67638319447619e-07 0
8.125 3.02269611974802e-07 2.6102359436e-06 0 2.5771766556781e-08 3.68182455057143e-07 0
8.25 2.98099744898462e-07 2.60832359689524e-06 0 2.55011462750857e-08 3.68726590666667e-07 0
8.375 2.93929877822121e-07 2.60641125019048e-06 0 2.52305259933905e-08 3.6927072627619e-07 0
8.5 2.89760010745781e-07 2.60449890348571e-06 0 2.49599057116952e-08 3.69814861885714e-07 0
8.625 2.85590143669441e-07 2.60258655678095e-06 0 2.468928543e-08 3.70358997495238e-07 0
8.75 2.814202765931e-07 2.60067421007619e-06 0 2.44186651483048e-08 3.70903133104762e-07 0
8.875 2.7725040951676e-07 2.59876186337143e-06 0 2.41480448666095e-08 3.71447268714286e-07 0
9 2.73080542440419e-07 2.59684951666667e-06 0 2.38774245849143e-08 3.7199140432381e-07 0
9.125 2.67381700616582e-07 2.59169756215952e-06 0 2.34160378611464e-08 3.74957911105952e-07 0
9.25 2.61682858792745e-07 2.58654560765238e-06 0 2.29546511373786e-08 3.77924417888095e-07 0
9.375 2.55984016968908e-07 2.58139365314524e-06 0 2.24932644136107e-08 3.80890924670238e-07 0
9.5 2.50285175145071e-07 2.5762416986381e-06 0 2.20318776898429e-08 3.83857431452381e-07 0
9.625 2.44586333321235e-07 2.57108974413095e-06 0 2.1570490966075e-08 3.86823938234524e-07 0
9.75 2.38887491497398e-07 2.56593778962381e-06 0 2.11091042423071e-08 3.89790445016667e-07 0
9.875 2.33188649673561e-07 2.56078583511667e-06 0 2.06477175185393e-08 3.9275695179881e-07 0
10 2.27489807849724e-07 2.55563388060952e-06 0 2.01863307947714e-08 3.95723458580952e-07 0
11 1.95324692543371e-07 2.36190931812381e-06 0 1.82635194661571e-08 3.78586589095238e-07 0
12 1.63159577237019e-07 2.1681847556381e-06 0 1.63407081375429e-08 3.61449719609524e-07 0
13 1.3985285025399e-07 1.85610171555238e-06 0 1.41029777380381e-08 3.32737338895238e-07 0
14 1.16546123270962e-07 1.54401867546667e-06 0 1.18652473385333e-08 3.04024958180952e-07 0
15 1.00666049012219e-07 1.28413304214762e-06 0 1.05721536054095e-08 2.83314176557143e-07 0
16 8.47859747534762e-08 1.02424740882857e-06 0 9.27905987228571e-09 2.62603394933333e-07 0
17 7.45667317867286e-08 8.95741721061905e-07 0 8.21216174811905e-09 2.37602206695238e-07 0
18 6.4347488819981e-08 7.67236033295238e-07 0 7.14526362395238e-09 2.12601018457143e-07 0
19 4.81769024923705e-08 5.83967217225714e-07 0 5.32446897390857e-09 1.68315454457143e-07 0
20 3.200631616476e-08 4.0069840115619e-07 0 3.50367432386476e-09 1.24029890457143e-07 0
30 8.55193734651238e-09 1.53464653847619e-07 0 8.69501798135238e-10 4.05638144266667e-08 0
40 2.56192609414857e-09 6.75422216228571e-08 0 1.84157150179048e-10 1.1475432847619e-08 0
50 5.96255110390476e-10 2.47032891009524e-08 0 3.10976305295238e-11 2.78299532190476e-09 0
60 1.43581124737143e-10 9.25780905904762e-09 0 5.43049599047619e-12 5.21404057142857e-10 0
70 4.76056334857143e-11 2.76016863619048e-09 0 5.44224571428572e-15 1.68194857142857e-11 0
80 4.05506738285714e-12 6.89598914285714e-10 0 0 0 0
90 4.60497714285714e-15 0 0 0 0 0
100 0 0 0 0 0 0
110 0 0 0 0 0 0
