0.125 2.42620952380952e-10 2.66868571428571e-10 0 3.3984e-10 3.3360380952381e-10 0
0.25 2.23969523809524e-10 2.06788571428571e-10 1.37142857142857e-13 3.1504e-10 3.25310476190476e-10 4.57142857142857e-13
0.375 2.3511619047619e-10 2.13024761904762e-10 8.68571428571429e-13 3.47916190476191e-10 3.21188571428571e-10 1.00571428571429e-12
0.5 2.40868571428571e-10 2.43070476190476e-10 2.37714285714286e-12 3.07299047619048e-10 2.88331428571429e-10 3.24571428571429e-12
0.625 2.73478095238095e-10 2.43249523809524e-10 2.56e-12 4.23794285714286e-10 2.95264761904762e-10 5.89714285714286e-12
0.75 2.34704761904762e-10 2.08179047619048e-10 3.97714285714286e-12 4.04647619047619e-10 3.35451428571429e-10 6.76571428571429e-12
0.875 2.29660952380952e-10 2.39615238095238e-10 6.53714285714286e-12 3.0576e-10 3.32739047619048e-10 7.86285714285714e-12
1 2.32205714285714e-10 2.08605714285714e-10 7.68e-12 3.51085714285714e-10 3.85615238095238e-10 9.09714285714286e-12
1.125 2.29615238095238e-10 2.09767619047619e-10 7.72571428571429e-12 3.48838095238095e-10 3.04373333333333e-10 9.05142857142857e-12
1.25 2.23207619047619e-10 2.56647619047619e-10 9.14285714285714e-12 3.8552380952381e-10 3.34129523809524e-10 1.10171428571429e-11
1.375 2.31619047619048e-10 2.40746666666667e-10 9.14285714285714e-12 3.59710476190476e-10 2.86068571428571e-10 1.42171428571429e-11
1.5 2.49935238095238e-10 2.08327619047619e-10 1.03771428571429e-11 3.5191619047619e-10 3.41291428571429e-10 1.35771428571429e-11
1.625 2.2736e-10 2.0752380952381e-10 1.184e-11 3.13455238095238e-10 3.55314285714286e-10 1.56342857142857e-11
1.75 2.6744380952381e-10 2.23017142857143e-10 1.11085714285714e-11 3.64053333333333e-10 3.09935238095238e-10 1.46742857142857e-11
1.875 2.76540952380952e-10 2.46308571428571e-10 1.00114285714286e-11 3.25500952380952e-10 3.076e-10 1.504e-11
2 2.52952380952381e-10 2.5872380952381e-10 9.92e-12 3.79847619047619e-10 3.02186666666667e-10 1.45828571428571e-11
2.125 2.53790476190476e-10 2.3191619047619e-10 1.17028571428571e-11 3.13013333333333e-10 3.36761904761905e-10 1.56342857142857e-11
2.25 2.07786666666667e-10 2.20464761904762e-10 9.6e-12 3.5712e-10 3.52304761904762e-10 1.39885714285714e-11
2.375 2.65325714285714e-10 2.27329523809524e-10 1.02857142857143e-11 3.91794285714286e-10 3.38133333333333e-10 1.54971428571429e-11
2.5 2.38933333333333e-10 2.35771428571429e-10 9.23428571428571e-12 3.39725714285714e-10 3.39474285714286e-10 1.57714285714286e-11
2.625 2.41691428571429e-10 2.48125714285714e-10 9.18857142857143e-12 3.32007619047619e-10 2.9679619047619e-10 1.504e-11
2.75 2.80449523809524e-10 2.67226666666667e-10 9.14285714285714e-12 3.25775238095238e-10 3.31329523809524e-10 1.49942857142857e-11
2.875 2.5976380952381e-10 2.0336380952381e-10 8.27428571428572e-12 3.31908571428571e-10 3.58681904761905e-10 1.38971428571429e-11
3 2.64053333333333e-10 2.59638095238095e-10 7.90857142857143e-12 3.96274285714286e-10 3.77097142857143e-10 1.20685714285714e-11
3.125 2.70278095238095e-10 2.7327619047619e-10 8.59428571428571e-12 3.64540952380952e-10 2.97096152380952e-10 1.25714285714286e-11
3.25 2.86468571428571e-10 2.48055161904762e-10 8.13714285714286e-12 3.54438095238095e-10 3.42632380952381e-10 1.09257142857143e-11
3.375 2.50841904761905e-10 2.18449523809524e-10 1.00571428571429e-11 3.89554285714286e-10 3.60612342857143e-10 1.17028571428571e-11
3.5 2.34468571428571e-10 2.60304761904762e-10 6.21714285714286e-12 3.5296e-10 3.28937980952381e-10 1.17942857142857e-11
3.625 2.79352380952381e-10 2.3960380952381e-10 6.35428571428571e-12 3.41081904761905e-10 3.17502780952381e-10 8.96e-12
3.75 2.65798095238095e-10 2.64573257142857e-10 6.72e-12 3.66293333333333e-10 3.55645714285714e-10 1.04685714285714e-11
3.875 2.61729523809524e-10 2.58370361904762e-10 5.39428571428572e-12 3.3672380952381e-10 3.65108571428571e-10 9.78285714285714e-12
4 2.52739047619048e-10 2.47022780952381e-10 5.39428571428572e-12 3.61462857142857e-10 3.58750476190476e-10 1.01028571428571e-11
4.125 2.30140952380952e-10 2.24086628571429e-10 5.62285714285714e-12 3.37554285714286e-10 3.57133257142857e-10 8.54857142857143e-12
4.25 2.67238095238095e-10 2.39940876190476e-10 4.84571428571429e-12 3.66125714285714e-10 3.05318095238095e-10 7.04e-12
4.375 2.35161904761905e-10 2.4367139047619e-10 4.16e-12 4.32853333333333e-10 2.97630476190476e-10 7.26857142857143e-12
4.5 2.47024761904762e-10 2.36667504761905e-10 4.52571428571429e-12 3.5336380952381e-10 3.65691276190476e-10 6.62857142857143e-12
4.625 2.78262857142857e-10 2.63918019047619e-10 3.97714285714286e-12 3.92739047619048e-10 3.4215420952381e-10 5.44e-12
4.75 2.21310476190476e-10 2.18362742857143e-10 2.83428571428571e-12 3.71405714285714e-10 3.88282742857143e-10 5.80571428571429e-12
4.875 2.59314285714286e-10 2.38315047619048e-10 3.42857142857143e-12 3.45820952380952e-10 2.95069333333333e-10 4.61714285714286e-12
5 2.40525714285714e-10 2.37939885714286e-10 2.88e-12 3.89066666666667e-10 3.14761752380952e-10 3.70285714285714e-12
5.125 2.07893333333333e-10 2.42889295238095e-10 3.10857142857143e-12 3.42491428571429e-10 3.22878857142857e-10 3.65714285714286e-12
5.25 1.85081904761905e-10 2.705456e-10 2.46857142857143e-12 4.33881904761905e-10 3.34080685714286e-10 3.24571428571429e-12
5.375 2.05455238095238e-10 2.27327542857143e-10 2.10285714285714e-12 3.9192380952381e-10 3.62352152380952e-10 3.33714285714286e-12
5.5 2.76746666666667e-10 2.69655009523809e-10 1.6e-12 3.62780952380952e-10 3.2508259047619e-10 3.56571428571429e-12
5.625 2.61257142857143e-10 2.54730133333333e-10 1.28e-12 3.28891428571429e-10 3.4309500952381e-10 2.51428571428571e-12
5.75 2.69584761904762e-10 2.52528380952381e-10 1.18857142857143e-12 3.71794285714286e-10 3.99152152380952e-10 2.65142857142857e-12
5.875 2.65508571428571e-10 2.19468342857143e-10 1.18857142857143e-12 3.40769523809524e-10 2.97728228571429e-10 2.65142857142857e-12
6 2.43984761904762e-10 2.89555123809524e-10 1.28e-12 3.5383619047619e-10 3.29341485714286e-10 1.69142857142857e-12
6.125 2.65737142857143e-10 2.25458895238095e-10 1.05142857142857e-12 3.54773333333333e-10 3.40267352380952e-10 1.18857142857143e-12
6.25 2.39573333333333e-10 2.1125699047619e-10 6.4e-13 3.68464761904762e-10 3.32235047619048e-10 1.23428571428571e-12
6.375 2.28906666666667e-10 2.42236876190476e-10 4.11428571428571e-13 3.33584761904762e-10 3.40930742857143e-10 1.50857142857143e-12
6.5 2.16182857142857e-10 2.39078780952381e-10 3.65714285714286e-13 3.37805714285714e-10 2.95144076190476e-10 9.6e-13
6.625 2.66841904761905e-10 2.2227299047619e-10 3.65714285714286e-13 2.9112380952381e-10 3.37413028571429e-10 8.68571428571429e-13
6.75 2.27169523809524e-10 2.34601447619048e-10 2.28571428571429e-13 4.12426666666667e-10 3.31105142857143e-10 7.31428571428571e-13
6.875 2.94750476190476e-10 2.47001752380952e-10 1.82857142857143e-13 3.67207619047619e-10 3.07265447619048e-10 9.14285714285714e-13
7 2.12678095238095e-10 2.00824380952381e-10 9.14285714285714e-14 3.64540952380952e-10 2.99333714285714e-10 5.48571428571429e-13
7.125 2.53546666666667e-10 2.3530140952381e-10 3.65714285714286e-13 3.69851428571429e-10 3.20645333333333e-10 8.22857142857143e-13
7.25 2.38918095238095e-10 2.55182476190476e-10 4.57142857142857e-14 3.47824761904762e-10 3.3169859047619e-10 5.48571428571429e-13
7.375 2.79862857142857e-10 2.25918857142857e-10 0 3.72952380952381e-10 3.18321523809524e-10 3.2e-13
7.5 2.71253333333333e-10 2.24587352380952e-10 4.57142857142857e-14 3.09310476190476e-10 3.46668190476191e-10 4.57142857142857e-13
7.625 2.43146666666667e-10 2.1981219047619e-10 4.57142857142857e-14 3.77622857142857e-10 3.08379352380952e-10 3.2e-13
7.75 2.52533333333333e-10 2.05241447619048e-10 1.37142857142857e-13 3.46262857142857e-10 3.09889066666667e-10 3.2e-13
7.875 2.47116190476191e-10 1.90056838095238e-10 0 3.51779047619048e-10 3.23169904761905e-10 4.11428571428571e-13
8 2.28264761904762e-10 2.15503638095238e-10 0 3.41730476190476e-10 2.98450895238095e-10 2.4e-13
8.125 2.2826869047619e-10 2.13654573809524e-10 0 3.38860833333333e-10 2.98934751190476e-10 2.10714285714286e-13
8.25 2.28272619047619e-10 2.1180550952381e-10 0 3.3599119047619e-10 2.99418607142857e-10 1.81428571428571e-13
8.375 2.28276547619048e-10 2.09956445238095e-10 0 3.33121547619048e-10 2.99902463095238e-10 1.52142857142857e-13
8.5 2.28280476190476e-10 2.08107380952381e-10 0 3.30251904761905e-10 3.00386319047619e-10 1.22857142857143e-13
8.625 2.28284404761905e-10 2.06258316666667e-10 0 3.27382261904762e-10 3.00870175e-10 9.35714285714286e-14
8.75 2.28288333333333e-10 2.04409252380952e-10 0 3.24512619047619e-10 3.01354030952381e-10 6.42857142857143e-14
8.875 2.28292261904762e-10 2.02560188095238e-10 0 3.21642976190476e-10 3.01837886904762e-10 3.5e-14
9 2.2829619047619e-10 2.00711123809524e-10 0 3.18773333333333e-10 3.02321742857143e-10 5.71428571428571e-15
9.125 2.27772142857143e-10 2.00150475595238e-10 0 3.16259523809524e-10 2.98839942857143e-10 5e-15
9.25 2.27248095238095e-10 1.99589827380952e-10 0 3.13745714285714e-10 2.95358142857143e-10 4.28571428571429e-15
9.375 2.26724047619048e-10 1.99029179166667e-10 0 3.11231904761905e-10 2.91876342857143e-10 3.57142857142857e-15
9.5 2.262e-10 1.98468530952381e-10 0 3.08718095238095e-10 2.88394542857143e-10 2.85714285714286e-15
9.625 2.25675952380952e-10 1.97907882738095e-10 0 3.06204285714286e-10 2.84912742857143e-10 2.14285714285714e-15
9.75 2.25151904761905e-10 1.9734723452381e-10 0 3.03690476190476e-10 2.81430942857143e-10 1.42857142857143e-15
9.875 2.24627857142857e-10 1.96786586309524e-10 0 3.01176666666667e-10 2.77949142857143e-10 7.14285714285714e-16
10 2.2410380952381e-10 1.96225938095238e-10 0 2.98662857142857e-10 2.74467342857143e-10 0
11 2.07020952380952e-10 1.82112621428571e-10 0 2.94408571428571e-10 2.5754624047619e-10 0
12 1.89938095238095e-10 1.67999304761905e-10 0 2.90154285714286e-10 2.40625138095238e-10 0
13 1.7952619047619e-10 1.63318238095238e-10 0 2.69925238095238e-10 2.33033964285714e-10 0
14 1.69114285714286e-10 1.58637171428571e-10 0 2.4969619047619e-10 2.2544279047619e-10 0
15 1.61022619047619e-10 1.45018904761905e-10 0 2.3690880952381e-10 2.04745138095238e-10 0
16 1.52930952380952e-10 1.31400638095238e-10 0 2.24121428571429e-10 1.84047485714286e-10 0
17 1.40638333333333e-10 1.20662719047619e-10 0 2.11112619047619e-10 1.7774674047619e-10 0
18 1.28345714285714e-10 1.099248e-10 0 1.9810380952381e-10 1.71445995238095e-10 0
19 1.07309333333333e-10 9.02693642857143e-11 0 1.64405e-10 1.40614711428571e-10 0
20 8.62729523809524e-11 7.06139285714286e-11 0 1.3070619047619e-10 1.09783427619048e-10 0
30 3.59539047619048e-11 2.7769e-11 0 5.33854285714286e-11 4.51744828571429e-11 0
40 1.1035619047619e-11 9.24396285714286e-12 0 1.90130476190476e-11 1.47591066666667e-11 0
50 3.02238095238095e-12 1.52777047619048e-12 0 6.61542857142857e-12 5.19355333333333e-12 0
60 4.5352380952381e-13 2.84229523809524e-13 0 1.60771428571429e-12 1.02847333333333e-12 0
70 4.15238095238095e-14 4.63047619047619e-15 0 3.09809523809524e-13 3.05891428571429e-13 0
80 0 7.12380952380952e-16 0 8.3047619047619e-14 8.72666666666667e-15 0
90 0 0 0 0 7.12380952380952e-16 0
100 0 0 0 0 0 0
110 0 0 0 0 0 0
