0.125 8.29961535995429e-15 6.74765476419048e-11 0 2.95919405024e-15 2.40584882133333e-11 0
0.25 1.07698255576229e-14 8.75595573790476e-11 0 2.78272326345143e-15 2.26237663695238e-11 0
0.375 1.55856070644114e-14 1.2671225255619e-10 0 2.38507333499429e-15 1.93908401219048e-11 0
0.5 2.13375299562514e-14 1.73475853302857e-10 0 2.35368185133714e-15 1.9135624807619e-11 0
0.625 2.61662973972571e-14 2.12734125180952e-10 0 2.33986205677714e-15 1.90232687542857e-11 0
0.75 3.12615823797029e-14 2.54159206339048e-10 0 2.33285457106286e-15 1.89662973257143e-11 0
0.875 3.71050155846857e-14 3.01666793371429e-10 0 2.38142655414857e-15 1.93611914971429e-11 0
1 4.205095408896e-14 3.4187767552e-10 0 2.68662742221714e-15 2.1842499367619e-11 0
1.125 4.66172125946057e-14 3.79001728411429e-10 0 2.85501519442286e-15 2.32115056457143e-11 0
1.25 4.98410050789029e-14 4.05211423405714e-10 0 2.77773385490286e-15 2.2583202072381e-11 0
1.375 5.08050800272914e-14 4.13049431116191e-10 0 3.03042627131429e-15 2.46376119619048e-11 0
1.5 5.21374676732343e-14 4.23881851001905e-10 0 2.90073788086857e-15 2.35832348038095e-11 0
1.625 5.58745316154057e-14 4.54264484678095e-10 0 3.09537569174857e-15 2.51656560304762e-11 0
1.75 5.90115722062629e-14 4.79768879725714e-10 0 2.76407175337143e-15 2.24721280761905e-11 0
1.875 6.00060245222857e-14 4.87853857904762e-10 0 2.72949100576e-15 2.21909837866667e-11 0
2 6.05330480324114e-14 4.92138601889524e-10 0 2.69479766793143e-15 2.19089241295238e-11 0
2.125 6.18592356817829e-14 5.02920615299048e-10 0 2.43221952832e-15 1.97741425066667e-11 0
2.25 6.08720614945829e-14 4.94894808899048e-10 0 2.39938837019429e-15 1.95072225219048e-11 0
2.375 5.88362828979657e-14 4.78343763398095e-10 0 2.40555261664e-15 1.95573383466667e-11 0
2.5 5.64568296049371e-14 4.58998614674286e-10 0 2.23903201536e-15 1.820351232e-11 0
2.625 5.48772444384914e-14 4.46156458849524e-10 0 2.21522637888e-15 1.800997056e-11 0
2.75 5.053042663328e-14 4.10816476693333e-10 0 2.04838298249143e-15 1.66535201828571e-11 0
2.875 4.61441200084114e-14 3.75155447222857e-10 0 2.02940477878857e-15 1.64992258438095e-11 0
3 4.23843998785829e-14 3.44588616899048e-10 0 1.84585075515429e-15 1.50069167085714e-11 0
3.125 3.84166351946514e-14 3.1233036743619e-10 0 1.82384345645714e-15 1.48279955809524e-11 0
3.25 3.380500687808e-14 2.74837454293333e-10 0 1.77027918029714e-15 1.43925136609524e-11 0
3.375 2.96123312933943e-14 2.40750660921905e-10 0 1.64185275017143e-15 1.33483963428571e-11 0
3.5 2.59629459402514e-14 2.11080861302857e-10 0 1.64939872941714e-15 1.3409745767619e-11 0
3.625 2.18508962061257e-14 1.77649562651429e-10 0 1.57252822957714e-15 1.27847823542857e-11 0
3.75 1.897648910816e-14 1.54280399253333e-10 0 1.51706336022857e-15 1.23338484571429e-11 0
3.875 1.63486780705371e-14 1.32916081874286e-10 0 1.48025249563429e-15 1.20345731352381e-11 0
4 1.37340875321143e-14 1.11659248228571e-10 0 1.37714232379429e-15 1.11962790552381e-11 0
4.125 1.13631967578057e-14 9.23837134780952e-11 0 1.30547831789714e-15 1.06136448609524e-11 0
4.25 9.68927378514286e-15 7.87745836190476e-11 0 1.29657046390857e-15 1.05412232838095e-11 0
4.375 8.02439414921143e-15 6.52389768228571e-11 0 1.13892892384e-15 9.25958474666667e-12 0
4.5 6.90428753723429e-15 5.61324190019048e-11 0 1.17454255657143e-15 9.54912647619048e-12 0
4.625 5.82944280356571e-15 4.73938439314286e-11 0 1.09886065188571e-15 8.93382643809524e-12 0
4.75 5.04027201275429e-15 4.09778212419048e-11 0 1.08393020809143e-15 8.81244071619048e-12 0
4.875 4.32627916493714e-15 3.51730013409524e-11 0 9.86144947565714e-16 8.01743859809524e-12 0
5 3.79087429330286e-15 3.08201162057143e-11 0 9.61385953782857e-16 7.81614596571429e-12 0
5.125 3.24818872132571e-15 2.64080383847619e-11 0 9.03508382034286e-16 7.34559660190476e-12 0
5.25 2.85359231730286e-15 2.31999375390476e-11 0 9.14890160091429e-16 7.43813138285714e-12 0
5.375 2.51266770784e-15 2.04281927466667e-11 0 8.03039892205714e-16 6.52877961142857e-12 0
5.5 2.26540328845714e-15 1.84179129142857e-11 0 8.54415259428571e-16 6.94646552380952e-12 0
5.625 2.05447366697143e-15 1.67030379428571e-11 0 7.75264629165714e-16 6.30296446476191e-12 0
5.75 1.88484155460571e-15 1.53239150780952e-11 0 7.4777786368e-16 6.07949482666667e-12 0
5.875 1.64175128384e-15 1.33475714133333e-11 0 6.89944686262857e-16 5.60930639238095e-12 0
6 1.53074598518857e-15 1.24450893104762e-11 0 6.24921726354286e-16 5.08066444190476e-12 0
6.125 1.45190834377143e-15 1.18041328761905e-11 0 6.7197493824e-16 5.46321088e-12 0
6.25 1.34498003826286e-15 1.09347970590476e-11 0 6.37544737005714e-16 5.1832905447619e-12 0
6.375 1.25632124841143e-15 1.02139938895238e-11 0 6.02532755611429e-16 4.89864028952381e-12 0
6.5 1.20572037915429e-15 9.80260470857143e-12 0 6.19198175085714e-16 5.0341315047619e-12 0
6.625 1.05602857508571e-15 8.58559817142857e-12 0 5.84159286445714e-16 4.74926249142857e-12 0
6.75 1.03910360827429e-15 8.4479968152381e-12 0 5.50234941805714e-16 4.47345481142857e-12 0
6.875 9.80421812388571e-16 7.97090904380952e-12 0 5.16758954422857e-16 4.20129231238095e-12 0
7 9.4114622272e-16 7.65159530666667e-12 0 5.02468502354286e-16 4.0851097752381e-12 0
7.125 8.85782248045714e-16 7.20148169142857e-12 0 4.8161620224e-16 3.91557888e-12 0
7.25 8.64013862674286e-16 7.02450294857143e-12 0 4.57410192091429e-16 3.71878204952381e-12 0
7.375 8.40312618285714e-16 6.8318099047619e-12 0 4.67137637485714e-16 3.79786697142857e-12 0
7.5 8.02388609782857e-16 6.52348463238095e-12 0 4.25976167771429e-16 3.46322087619048e-12 0
7.625 7.49968596297143e-16 6.09730566095238e-12 0 4.18368350217143e-16 3.40136870095238e-12 0
7.75 7.40373527954286e-16 6.0192969752381e-12 0 3.73328885897143e-16 3.03519419428571e-12 0
7.875 7.05425292891429e-16 5.73516498285714e-12 0 3.76863627565714e-16 3.06393193142857e-12 0
8 5.89542700777143e-16 4.79303008761905e-12 0 3.24971115394286e-16 2.64204158857143e-12 0
8.125 5.70574692837143e-16 4.63881864095238e-12 0 3.16775131051429e-16 2.57540756952381e-12 0
8.25 5.51606684897143e-16 4.48460719428571e-12 0 3.08579146708571e-16 2.50877355047619e-12 0
8.375 5.32638676957143e-16 4.33039574761905e-12 0 3.00383162365714e-16 2.44213953142857e-12 0
8.5 5.13670669017143e-16 4.17618430095238e-12 0 2.92187178022857e-16 2.37550551238095e-12 0
8.625 4.94702661077143e-16 4.02197285428571e-12 0 2.8399119368e-16 2.30887149333333e-12 0
8.75 4.75734653137143e-16 3.86776140761905e-12 0 2.75795209337143e-16 2.24223747428571e-12 0
8.875 4.56766645197143e-16 3.71354996095238e-12 0 2.67599224994286e-16 2.1756034552381e-12 0
9 4.37798637257143e-16 3.55933851428571e-12 0 2.59403240651429e-16 2.10896943619048e-12 0
9.125 4.20172165570714e-16 3.41603386642857e-12 0 2.48180285568214e-16 2.01772589892857e-12 0
9.25 4.02545693884286e-16 3.27272921857143e-12 0 2.36957330485e-16 1.92648236166667e-12 0
9.375 3.84919222197857e-16 3.12942457071429e-12 0 2.25734375401786e-16 1.83523882440476e-12 0
9.5 3.67292750511429e-16 2.98611992285714e-12 0 2.14511420318571e-16 1.74399528714286e-12 0
9.625 3.49666278825e-16 2.842815275e-12 0 2.03288465235357e-16 1.65275174988095e-12 0
9.75 3.32039807138571e-16 2.69951062714286e-12 0 1.92065510152143e-16 1.56150821261905e-12 0
9.875 3.14413335452143e-16 2.55620597928571e-12 0 1.80842555068929e-16 1.47026467535714e-12 0
10 2.96786863765714e-16 2.41290133142857e-12 0 1.69619599985714e-16 1.37902113809524e-12 0
11 2.32729913525714e-16 1.89211311809524e-12 0 1.33297508164286e-16 1.08371957857143e-12 0
12 1.68672963285714e-16 1.3713249047619e-12 0 9.69754163428571e-17 7.88418019047619e-13 0
13 1.33254207185714e-16 1.08336753809524e-12 0 7.78484924028571e-17 6.32914572380952e-13 0
14 9.78354510857143e-17 7.95410171428571e-13 0 5.87215684628571e-17 4.77411125714286e-13 0
15 7.90904222314286e-17 6.43011562857143e-13 0 4.69894334571429e-17 3.82027914285714e-13 0
16 6.03453933771428e-17 4.90612954285714e-13 0 3.52572984514286e-17 2.86644702857143e-13 0
17 4.85117693142857e-17 3.94404628571428e-13 0 2.870110536e-17 2.3334232e-13 0
18 3.66781452514286e-17 2.98196302857143e-13 0 2.21449122685714e-17 1.80039937142857e-13 0
19 2.394126858e-17 1.9464446e-13 0 1.39628644817143e-17 1.13519223428571e-13 0
20 1.12043919085714e-17 9.10926171428571e-14 0 5.78081669485714e-18 4.69985097142857e-14 0
30 3.93777541714286e-19 3.20144342857143e-15 0 4.54670976e-19 3.696512e-15 0
40 3.65360605714286e-20 2.97041142857143e-16 0 0 0 0
50 0 0 0 0 0 0
60 0 0 0 0 0 0
70 0 0 0 0 0 0
80 0 0 0 0 0 0
90 0 0 0 0 0 0
100 0 0 0 0 0 0
110 0 0 0 0 0 0
