0.125 3.92633196190476e-16 3.81151539047619e-16 0 5.48687291428572e-16 4.52512594285714e-16 0
0.25 4.03820015238095e-16 2.77907230476191e-16 3.45539047619048e-19 6.2986019047619e-16 5.12852422857143e-16 4.3192380952381e-19
0.375 4.53736022857143e-16 3.91532106666667e-16 1.55492571428571e-18 5.52646598095238e-16 5.67879577142857e-16 2.41877333333333e-18
0.5 3.25037104761905e-16 3.64975954285714e-16 3.80092952380952e-18 6.03700015238095e-16 5.12118163809524e-16 5.09670095238095e-18
0.625 3.85636022857143e-16 4.10320796190476e-16 5.35585523809524e-18 6.3645420952381e-16 4.43953299047619e-16 8.3793219047619e-18
0.75 4.43441851428571e-16 3.90819424761905e-16 7.51547428571429e-18 5.32562133333333e-16 6.10352129523809e-16 9.32955428571429e-18
0.875 3.75183451428571e-16 4.33515158095238e-16 9.93424761904762e-18 5.86466232380952e-16 6.57892598095238e-16 1.45990247619048e-17
1 3.95843832380952e-16 3.32991980952381e-16 1.21802514285714e-17 5.02413843809524e-16 5.73077074285714e-16 1.68450285714286e-17
1.125 4.1145068952381e-16 3.75219782857143e-16 1.49445638095238e-17 6.09156624761905e-16 5.23945672380952e-16 1.8486339047619e-17
1.25 3.74204441904762e-16 3.40896175238095e-16 1.32168685714286e-17 5.8617827047619e-16 5.44721226666667e-16 1.73633371428571e-17
1.375 4.11047558095238e-16 3.01835843809524e-16 1.40807161904762e-17 5.38825013333333e-16 5.68520259047619e-16 2.16825752380952e-17
1.5 4.13941447619048e-16 3.5438664e-16 1.5981180952381e-17 5.76992693333333e-16 5.72760323809524e-16 2.29783466666667e-17
1.625 3.62326529523809e-16 3.99076388571429e-16 1.632672e-17 6.96981180952381e-16 5.8259380952381e-16 2.41877333333333e-17
1.75 3.93122712380952e-16 3.92302361904762e-16 1.70177980952381e-17 5.9981267047619e-16 5.76568468571429e-16 2.47924266666667e-17
1.875 4.42362041904762e-16 2.99884982857143e-16 1.632672e-17 4.28684441904762e-16 4.55852815238095e-16 2.26328076190476e-17
2 4.86015146666667e-16 3.69439192380952e-16 1.7795260952381e-17 4.93285866666667e-16 5.58010087619048e-16 2.42741180952381e-17
2.125 4.36689432380952e-16 3.21279641904762e-16 1.72769523809524e-17 5.91044617142857e-16 6.37001866666667e-16 2.29783466666667e-17
2.25 3.27815824761905e-16 4.3758963047619e-16 1.74497219047619e-17 5.70341081904762e-16 5.29855851428571e-16 2.26328076190476e-17
2.375 2.98804937142857e-16 3.66682072380952e-16 1.72769523809524e-17 5.3829232e-16 5.59377878095238e-16 2.47924266666667e-17
2.5 4.47991451428571e-16 3.26685885714286e-16 1.75361066666667e-17 6.29269897142857e-16 5.90742754285714e-16 2.6865660952381e-17
2.625 4.10255687619048e-16 4.73302598095238e-16 1.75361066666667e-17 5.65489127619048e-16 5.17956335238095e-16 2.71248152380952e-17
2.75 4.29994613333333e-16 4.52548613333333e-16 1.632672e-17 4.9916e-16 5.2238356952381e-16 2.91116647619048e-17
2.875 4.46854041904762e-16 3.8182820952381e-16 1.44262552380952e-17 5.6940524952381e-16 5.27170723809524e-16 2.176896e-17
3 4.49503177142857e-16 4.04820967619048e-16 1.36487923809524e-17 5.71492876190476e-16 5.49429222857143e-16 2.04731885714286e-17
3.125 4.88318742857143e-16 4.24171180952381e-16 1.46854095238095e-17 5.72947032380952e-16 5.65986304761905e-16 2.07323428571429e-17
3.25 4.77117531428571e-16 3.7437752e-16 1.42534857142857e-17 6.03656807619048e-16 5.03450864761905e-16 1.995488e-17
3.375 3.91798148571429e-16 4.15300481371429e-16 1.33896380952381e-17 4.74079634285714e-16 5.43612628571429e-16 1.95229561904762e-17
3.5 4.18203108571429e-16 3.93905814704762e-16 1.31304838095238e-17 5.14104571428571e-16 4.4806379047619e-16 1.76224914285714e-17
3.625 4.33752365714286e-16 4.3257931047619e-16 1.20074819047619e-17 6.12899954285714e-16 5.32145047619048e-16 1.67586438095238e-17
3.75 4.70451497142857e-16 4.6634140952381e-16 1.01934019047619e-17 6.02663382857143e-16 4.96682176609524e-16 1.61539504761905e-17
3.875 2.72687939047619e-16 3.9246796952381e-16 9.93424761904762e-18 6.06205188571429e-16 5.80198206019048e-16 1.53764876190476e-17
4 3.83433226666667e-16 3.81489874285714e-16 9.58870857142857e-18 5.92671542857143e-16 5.52416681904762e-16 1.46854095238095e-17
4.125 3.84513036190476e-16 4.09447883276191e-16 8.89763047619048e-18 5.4851452952381e-16 5.35548195657143e-16 1.20074819047619e-17
4.25 4.1600028952381e-16 3.59717141790476e-16 8.03378285714286e-18 5.46326125714286e-16 5.79782517028571e-16 1.10572495238095e-17
4.375 3.88429135238095e-16 3.80616961371429e-16 7.86101333333333e-18 6.08523154285714e-16 5.90868616076191e-16 1.04525561904762e-17
4.5 4.48797714285714e-16 3.92374058819048e-16 5.96054857142857e-18 5.32907672380952e-16 5.57223290666667e-16 1.17483276190476e-17
4.625 4.80601714285714e-16 3.68400679466667e-16 6.91078095238095e-18 6.31573493333333e-16 5.91772201904762e-16 7.77462857142857e-18
4.75 4.29303542857143e-16 4.81100385066667e-16 6.21970285714286e-18 6.96750819047619e-16 6.48949890895238e-16 7.08355047619048e-18
4.875 4.01617196190476e-16 4.03080465066667e-16 6.04693333333333e-18 6.3024892952381e-16 4.78148603885714e-16 9.41593904761905e-18
5 4.77160685714286e-16 3.68343106133333e-16 5.09670095238095e-18 5.80822438095238e-16 4.96687537980952e-16 6.39247238095238e-18
5.125 3.96952434285714e-16 4.00247913752381e-16 4.14646857142857e-18 5.32576533333333e-16 4.87593657447619e-16 4.92393142857143e-18
5.25 4.31592723809524e-16 3.22290920838095e-16 5.44224e-18 4.53908792380952e-16 5.61689944838095e-16 6.82439619047619e-18
5.375 3.96261363809524e-16 3.90299273752381e-16 2.76431238095238e-18 6.2388524952381e-16 4.6933549287619e-16 5.18308571428571e-18
5.5 4.56126034285714e-16 4.07752465066667e-16 2.59154285714286e-18 5.81427123809524e-16 5.355387968e-16 5.01031619047619e-18
5.625 3.7584576e-16 4.66105413638095e-16 2.67792761904762e-18 6.12007337142857e-16 4.59701991619048e-16 3.80092952380952e-18
5.75 4.04568685714286e-16 4.27744630857143e-16 2.59154285714286e-18 6.3751964952381e-16 6.34685444114286e-16 3.36900571428571e-18
5.875 3.98147436190476e-16 3.640417184e-16 1.98684952380952e-18 6.23626102857143e-16 4.68439383466667e-16 3.10985142857143e-18
6 4.48106620952381e-16 3.48722512457143e-16 1.72769523809524e-18 6.00187017142857e-16 5.62728147047619e-16 3.36900571428571e-18
6.125 3.82598179047619e-16 3.2707807512381e-16 1.38215619047619e-18 5.88453112380952e-16 4.5895331352381e-16 2.24600380952381e-18
6.25 3.8022259047619e-16 4.26541154590476e-16 1.38215619047619e-18 6.3580636952381e-16 4.98272822095238e-16 2.15961904761905e-18
6.375 4.08110491428571e-16 3.97006320609524e-16 1.29577142857143e-18 5.70758605714286e-16 5.671052768e-16 2.24600380952381e-18
6.5 3.85492068571429e-16 3.69093077638095e-16 7.77462857142857e-19 6.10322841904762e-16 5.53719096685714e-16 2.76431238095238e-18
6.625 4.538944e-16 4.09971265371429e-16 1.20938666666667e-18 5.09108693333333e-16 5.40692821333333e-16 1.38215619047619e-18
6.75 4.02409097142857e-16 3.65267090133333e-16 4.3192380952381e-19 5.24269211428572e-16 5.44504708114286e-16 1.46854095238095e-18
6.875 4.12904845714286e-16 3.861399712e-16 6.91078095238095e-19 5.71492906666667e-16 5.09880373180952e-16 1.29577142857143e-18
7 3.7879724952381e-16 3.08681567390476e-16 3.45539047619048e-19 5.85487207619048e-16 5.63444881676191e-16 6.91078095238095e-19
7.125 3.86384716190476e-16 3.31834564114286e-16 4.3192380952381e-19 5.12722438095238e-16 5.26174854247619e-16 6.91078095238095e-19
7.25 3.94346506666667e-16 3.37006431390476e-16 3.45539047619048e-19 6.14973219047619e-16 6.4938311192381e-16 6.91078095238095e-19
7.375 4.40101653333333e-16 3.54227687161905e-16 0 4.91658948571429e-16 5.28339815619048e-16 8.63847619047619e-19
7.5 4.6961644952381e-16 4.68930503771429e-16 8.63847619047619e-20 5.01679573333333e-16 5.57491237638095e-16 2.59154285714286e-19
7.625 3.84613813333333e-16 2.75106637866667e-16 1.72769523809524e-19 5.73580533333333e-16 5.22046216990476e-16 4.3192380952381e-19
7.75 4.33493188571429e-16 4.05611978361905e-16 0 6.96002156190476e-16 6.25817642057143e-16 5.18308571428571e-19
7.875 4.47660335238095e-16 3.63423922285714e-16 8.63847619047619e-20 5.96011771428571e-16 5.20700344838095e-16 5.18308571428571e-19
8 3.84369066666667e-16 3.49809314190476e-16 0 5.73618315238095e-16 4.97553268647619e-16 2.80750476190476e-19
8.125 3.83008280833333e-16 3.49447261602381e-16 0 5.698911725e-16 4.95458765919048e-16 2.45656666666667e-19
8.25 3.81647495e-16 3.49085209014286e-16 0 5.66164029761905e-16 4.93364263190476e-16 2.10562857142857e-19
8.375 3.80286709166667e-16 3.48723156426191e-16 0 5.6243688702381e-16 4.91269760461905e-16 1.75469047619048e-19
8.5 3.78925923333333e-16 3.48361103838095e-16 0 5.58709744285714e-16 4.89175257733333e-16 1.40375238095238e-19
8.625 3.775651375e-16 3.4799905125e-16 0 5.54982601547619e-16 4.87080755004762e-16 1.05281428571429e-19
8.75 3.76204351666667e-16 3.47636998661905e-16 0 5.51255458809524e-16 4.8498625227619e-16 7.01876190476191e-20
8.875 3.74843565833333e-16 3.4727494607381e-16 0 5.47528316071429e-16 4.82891749547619e-16 3.50938095238095e-20
9 3.7348278e-16 3.46912893485714e-16 0 5.43801173333333e-16 4.80797246819048e-16 0
9.125 3.71207869464286e-16 3.43454643488095e-16 0 5.38889839166667e-16 4.77991608101191e-16 0
9.25 3.68932958928571e-16 3.39996393490476e-16 0 5.33978505e-16 4.75185969383333e-16 0
9.375 3.66658048392857e-16 3.36538143492857e-16 0 5.29067170833333e-16 4.72380330665476e-16 0
9.5 3.64383137857143e-16 3.33079893495238e-16 0 5.24155836666667e-16 4.69574691947619e-16 0
9.625 3.62108227321429e-16 3.29621643497619e-16 0 5.192445025e-16 4.66769053229762e-16 0
9.75 3.59833316785714e-16 3.261633935e-16 0 5.14333168333333e-16 4.63963414511905e-16 0
9.875 3.5755840625e-16 3.22705143502381e-16 0 5.09421834166667e-16 4.61157775794048e-16 0
10 3.55283495714286e-16 3.19246893504762e-16 0 5.045105e-16 4.58352137076191e-16 0
11 3.34901637619048e-16 3.00678871090476e-16 0 4.76624864285714e-16 4.143891032e-16 0
12 3.1451977952381e-16 2.8211084867619e-16 0 4.48739228571429e-16 3.7042606932381e-16 0
13 3.04509045e-16 2.52509884880952e-16 0 4.3654277952381e-16 3.65884121738095e-16 0
14 2.9449831047619e-16 2.22908921085714e-16 0 4.24346330476191e-16 3.61342174152381e-16 0
15 2.73231457857143e-16 2.22014635942857e-16 0 3.87022706428571e-16 3.34301521066667e-16 0
16 2.51964605238095e-16 2.211203508e-16 0 3.49699082380952e-16 3.07260867980952e-16 0
17 2.329901e-16 2.04789684761905e-16 0 3.28371040952381e-16 2.90152036180952e-16 0
18 2.14015594761905e-16 1.8845901872381e-16 0 3.0704299952381e-16 2.73043204380952e-16 0
19 1.77283617095238e-16 1.52853728512381e-16 0 2.56786408190476e-16 2.2191138802e-16 0
20 1.40551639428571e-16 1.17248438300952e-16 0 2.06529816857143e-16 1.70779571659048e-16 0
30 5.74748576190476e-17 4.40330064095238e-17 0 8.87968999047619e-17 6.93398636190476e-17 0
40 1.90901385714286e-17 1.30120794285714e-17 0 3.34539484761905e-17 2.37607221047619e-17 0
50 4.612588e-18 3.17384282857143e-18 0 1.23510453333333e-17 8.60467358857143e-18 0
60 7.06195714285714e-19 2.7820964952381e-19 0 2.73533847619048e-18 1.90860697333333e-18 0
70 0 8.75006476190476e-21 0 8.20835523809524e-19 3.44920365714286e-19 0
80 0 1.34616380952381e-21 0 0 1.21154742857143e-20 0
90 0 0 0 0 3.02886857142857e-21 0
100 0 0 0 0 0 0
110 0 0 0 0 0 0
