0.125 7.04163983227429e-13 7.40774052114286e-13 0 2.42190573726476e-13 5.70031669790476e-13 0
0.25 1.29892499265219e-12 1.27670072289524e-12 0 2.62677362371048e-13 1.12021347017143e-12 0
0.375 8.51400110505143e-13 1.60708787062857e-12 0 2.41763746832762e-13 1.06005464700952e-12 0
0.5 7.22186506253714e-13 1.89339868495238e-12 0 2.52245577298286e-13 1.03084889980952e-12 0
0.625 7.08280777676191e-13 1.6450091648e-12 0 2.35167389438476e-13 1.00915688259048e-12 0
0.75 6.61192355058286e-13 2.31248230857143e-12 0 2.4074658766019e-13 1.26639269272381e-12 0
0.875 7.76163802107429e-13 2.09673327862857e-12 0 1.99386961621333e-13 1.23239170681905e-12 0
1 7.43222946890667e-13 1.83193923459048e-12 0 2.00235593496381e-13 1.31153222506667e-12 0
1.125 7.57940136420571e-13 1.89457212251429e-12 0 2.43995273057524e-13 1.36461928167619e-12 0
1.25 6.37246894137295e-13 1.65376256685714e-12 0 2.59899561755429e-13 1.17332724739048e-12 0
1.375 7.67787675351619e-13 1.54224162148571e-12 0 2.23517045118476e-13 1.56481054384762e-12 0
1.5 6.03291776182857e-13 1.37445384975238e-12 0 2.29389926875429e-13 1.77548002514286e-12 0
1.625 6.37922120813714e-13 1.32456612129524e-12 0 2.46010431853714e-13 1.34821247100952e-12 0
1.75 7.46209879313524e-13 1.15871895908571e-12 0 2.47232200608e-13 1.3835212704e-12 0
1.875 6.91653082355048e-13 1.259502128e-12 0 2.56019541540571e-13 1.72659075733333e-12 0
2 7.26744318151314e-13 1.3122868696381e-12 0 2.2661299109181e-13 1.48323691535238e-12 0
2.125 5.65023498165943e-13 1.04316527954286e-12 0 2.07302044696381e-13 1.1339094200381e-12 0
2.25 4.72267290106667e-13 1.25492221973333e-12 0 2.43289415670857e-13 1.32134291657143e-12 0
2.375 4.56038001868648e-13 1.63260862841905e-12 0 2.43095936390095e-13 1.37458639771429e-12 0
2.5 5.77809335999543e-13 1.04325465447619e-12 0 2.1458680859581e-13 1.46950097569524e-12 0
2.625 6.75664156371962e-13 1.27437962346667e-12 0 2.02113587272229e-13 1.37632850499048e-12 0
2.75 4.75818459575314e-13 1.01434174445714e-12 0 2.06490214994286e-13 1.40689189744762e-12 0
2.875 4.94343448982248e-13 1.06344656609524e-12 0 2.10267160371505e-13 1.36398079573333e-12 0
3 4.88089359816381e-13 8.46101480533333e-13 0 2.42409446281143e-13 1.43733932007619e-12 0
3.125 6.68660302807314e-13 9.1761041432381e-13 0 2.46267917862095e-13 1.46921048289524e-12 0
3.25 5.67748442132724e-13 1.13064873081905e-12 0 2.09618337176381e-13 1.63442275291429e-12 0
3.375 5.44570215867124e-13 8.8314031192381e-13 0 2.11842457185524e-13 1.8469067584e-12 0
3.5 4.77598946430171e-13 8.51544463085714e-13 0 2.07753598385676e-13 1.6624602208e-12 0
3.625 4.55592850025752e-13 8.96915654095238e-13 0 1.93449654849981e-13 1.58788072670476e-12 0
3.75 5.171483333312e-13 9.68717400533333e-13 0 2.03154184367238e-13 1.66864143085714e-12 0
3.875 5.09081816218819e-13 1.17875266453333e-12 0 1.9403932089661e-13 1.65919523992381e-12 0
4 5.15189575992381e-13 1.14209695664762e-12 0 2.12312975061943e-13 1.48713517958095e-12 0
4.125 3.70576118843276e-13 1.02214053775238e-12 0 1.97708030635886e-13 1.69560578986667e-12 0
4.25 4.43630262168838e-13 8.98848512304762e-13 0 1.97462312470248e-13 1.51145146026667e-12 0
4.375 4.55184942482133e-13 9.56088722438095e-13 0 2.06236490977524e-13 1.65194049584762e-12 0
4.5 4.83877749611124e-13 9.26576690742857e-13 0 2.16093751157333e-13 1.99095230933333e-12 0
4.625 4.47716142697143e-13 1.16563681904762e-12 0 2.14276704598857e-13 2.16587551177143e-12 0
4.75 3.91963108891276e-13 9.57926487771429e-13 0 1.72782019898057e-13 1.94011531718095e-12 0
4.875 4.41937224022248e-13 9.55857593447619e-13 0 1.85420407670248e-13 2.17520450773333e-12 0
5 4.27350820319543e-13 8.33708701104762e-13 0 1.85592568798781e-13 1.59841130377143e-12 0
5.125 4.6112137084861e-13 9.64905228342857e-13 0 1.90099063508876e-13 1.69967008609524e-12 0
5.25 4.81329801334095e-13 1.04601953660952e-12 0 1.78730343223314e-13 1.63363843580952e-12 0
5.375 4.3833775743741e-13 9.25910843428571e-13 0 1.79883641581105e-13 2.04492304167619e-12 0
5.5 3.73459222535924e-13 1.06888003184762e-12 0 1.73669272534857e-13 1.85990389881905e-12 0
5.625 3.94799068753524e-13 8.81244913371429e-13 0 1.78071893923048e-13 1.96811887984762e-12 0
5.75 4.18593995196495e-13 1.05189401569524e-12 0 1.83159757716419e-13 1.7971683800381e-12 0
5.875 4.05700403324952e-13 1.07436739961905e-12 0 1.64414429697829e-13 1.86872791527619e-12 0
6 3.76458402762057e-13 9.78192001371429e-13 0 1.73746989260495e-13 2.13485233462857e-12 0
6.125 3.55406189159009e-13 1.05126547977143e-12 0 1.75217066971733e-13 2.32244406537143e-12 0
6.25 3.76188595737752e-13 1.01812404998095e-12 0 1.54235560670781e-13 2.20608507306667e-12 0
6.375 3.98830459982019e-13 1.05444660937143e-12 0 1.56739839063314e-13 1.84069211459048e-12 0
6.5 4.01701694068267e-13 1.07220033813333e-12 0 1.52601203306819e-13 2.05133044662857e-12 0
6.625 4.03420589650133e-13 9.17405487390476e-13 0 1.77903351376457e-13 2.31549919009524e-12 0
6.75 3.82681862745143e-13 1.04827870994286e-12 0 1.54790743989333e-13 2.43875304213333e-12 0
6.875 4.09407914269867e-13 9.4641648152381e-13 0 1.50002827278629e-13 2.21433686643809e-12 0
7 3.29104786713295e-13 9.68592024380952e-13 0 1.53611459246933e-13 2.14427250529524e-12 0
7.125 3.72092747374933e-13 9.12456508038095e-13 0 1.50708430683581e-13 1.80568332540952e-12 0
7.25 3.85225645665676e-13 9.91720646552381e-13 0 1.51994813337143e-13 1.99485409859048e-12 0
7.375 3.77868929535695e-13 9.49298766780953e-13 0 1.4722622110019e-13 2.06364442422857e-12 0
7.5 3.31842924111543e-13 9.37714851504762e-13 0 1.41891465284419e-13 2.24194033813333e-12 0
7.625 3.87466754206629e-13 9.75089657904762e-13 0 1.50811710597943e-13 2.41426147062857e-12 0
7.75 3.71658039534629e-13 8.68668552990476e-13 0 1.458169664864e-13 2.11306042179048e-12 0
7.875 3.09936416181638e-13 9.05970439009524e-13 0 1.29088102000457e-13 2.00855952106667e-12 0
8 3.40044640379619e-13 1.02094708485714e-12 0 1.32087535010895e-13 2.11203120718095e-12 0
8.125 3.36242077417679e-13 1.02738311436429e-12 0 1.29452894373045e-13 2.13163811062857e-12 0
8.25 3.32439514455738e-13 1.03381914387143e-12 0 1.26818253735195e-13 2.15124501407619e-12 0
8.375 3.28636951493798e-13 1.04025517337857e-12 0 1.24183613097345e-13 2.17085191752381e-12 0
8.5 3.24834388531857e-13 1.04669120288571e-12 0 1.21548972459495e-13 2.19045882097143e-12 0
8.625 3.21031825569917e-13 1.05312723239286e-12 0 1.18914331821645e-13 2.21006572441905e-12 0
8.75 3.17229262607976e-13 1.0595632619e-12 0 1.16279691183795e-13 2.22967262786667e-12 0
8.875 3.13426699646036e-13 1.06599929140714e-12 0 1.13645050545945e-13 2.24927953131429e-12 0
9 3.09624136684095e-13 1.07243532091429e-12 0 1.11010409908095e-13 2.2688864347619e-12 0
9.125 3.03791473468782e-13 1.08324978888333e-12 0 1.07745083362451e-13 2.25968266516071e-12 0
9.25 2.97958810253469e-13 1.09406425685238e-12 0 1.04479756816807e-13 2.25047889555952e-12 0
9.375 2.92126147038156e-13 1.10487872482143e-12 0 1.01214430271163e-13 2.24127512595833e-12 0
9.5 2.86293483822843e-13 1.11569319279048e-12 0 9.7949103725519e-14 2.23207135635714e-12 0
9.625 2.8046082060753e-13 1.12650766075952e-12 0 9.4683777179875e-14 2.22286758675595e-12 0
9.75 2.74628157392217e-13 1.13732212872857e-12 0 9.14184506342309e-14 2.21366381715476e-12 0
9.875 2.68795494176904e-13 1.14813659669762e-12 0 8.81531240885869e-14 2.20446004755357e-12 0
10 2.6296283096159e-13 1.15895106466667e-12 0 8.48877975429428e-14 2.19525627795238e-12 0
11 2.33577181201695e-13 1.10892874019524e-12 0 6.90955179348809e-14 1.92184261237143e-12 0
12 2.041915314418e-13 1.05890641572381e-12 0 5.33032383268191e-14 1.64842894679048e-12 0
13 1.81790183190424e-13 1.01401091414762e-12 0 4.37073655256857e-14 1.37225295135714e-12 0
14 1.59388834939048e-13 9.69115412571429e-13 0 3.41114927245524e-14 1.09607695592381e-12 0
15 1.39228175413486e-13 9.042365317e-13 0 2.86350632794333e-14 9.40888066495238e-13 0
16 1.19067515887924e-13 8.39357650828571e-13 0 2.31586338343143e-14 7.85699177066667e-13 0
17 1.05068548116519e-13 7.80507812047619e-13 0 1.98164957527381e-14 6.70776973376191e-13 0
18 9.10695803451143e-14 7.21657973266667e-13 0 1.64743576711619e-14 5.55854769685714e-13 0
19 6.90431932146457e-14 5.97538493227619e-13 0 1.1712627455721e-14 4.05617150170476e-13 0
20 4.70168060841771e-14 4.73419013188571e-13 0 6.95089724028e-15 2.55379530655238e-13 0
30 1.3733831468741e-14 2.10432819342857e-13 0 1.4413876005619e-15 7.39306331619048e-14 0
40 4.37345242405143e-15 9.82565928380952e-14 0 2.61372807432381e-16 2.06249202e-14 0
50 1.57337487985905e-15 4.46323795333333e-14 0 4.13113562190476e-17 4.8739375047619e-15 0
60 3.04927405897143e-16 1.55654558285714e-14 0 2.60450967238095e-18 4.13182095238095e-16 0
70 8.38565092342857e-17 6.64437193333333e-15 0 0 0 0
80 1.782828124e-17 1.93877752380952e-15 0 0 0 0
90 1.344836e-20 4.44965333333333e-16 0 0 0 0
100 1.58216e-21 0 0 0 0 0
110 0 0 0 0 0 0
